187370286250000.0	0.005975895636432066	2.484058187423365	0.9999821441762561	0.1163839681441854	0.9999821441762561	0.1163839681441854	0.005975895636432066	2.484058187423365
187495199774166.7	0.006285033604120327	2.581075704336736	0.9999802489812464	0.2701838938545692	0.9999802489812464	0.2701838938545692	0.006285033604120327	2.581075704336736
187620113298333.3	0.006468891399743267	2.681881293514566	0.9999790765031328	0.4239845052662155	0.9999790765031328	0.4239845052662155	0.006468891399743267	2.681881293514566
187745026822500.0	0.006523467856615142	2.783853479927222	0.9999787219571842	0.5777859410290370	0.9999787219571842	0.5777859410290370	0.006523467856615142	2.783853479927222
187869940346666.7	0.006449154538035944	2.884706491625201	0.9999792039866351	0.7315884105948443	0.9999792039866351	0.7315884105948443	0.006449154538035944	2.884706491625201
187994853870833.3	0.006250605065916065	2.982134912991468	0.9999804647773427	0.8853921720498358	0.9999804647773427	0.8853921720498358	0.006250605065916065	2.982134912991468
188119767395000.0	0.005936771364065812	3.073471771527259	0.9999823772176043	1.039197505547543	0.9999823772176043	1.039197505547543	0.005936771364065812	3.073471771527259
188244680919166.7	0.005521157889847062	3.155264961616485	0.9999847582916229	1.193004685089319	0.9999847582916229	1.193004685089319	0.005521157889847062	3.155264961616485
188369594443333.3	0.005022467562111957	3.222659700611397	0.9999873873302539	1.346813951510193	0.9999873873302539	1.346813951510193	0.005022467562111957	3.222659700611397
188494507967500.0	0.004466012515277211	3.268446056267409	0.9999900273163794	1.500625489354217	0.9999900273163794	1.500625489354217	0.004466012515277211	3.268446056267409
188619421491666.7	0.003886586976265572	3.281698431583068	0.9999924471923154	1.654439409880794	0.9999924471923154	1.654439409880794	0.003886586976265572	3.281698431583068
188744335015833.3	0.003333742847635919	3.246620316210814	0.9999944430638731	1.808255741780858	0.9999944430638731	1.808255741780858	0.003333742847635919	3.246620316210814
188869248540000.0	0.002878766907977027	3.145260882642883	0.9999958563419598	1.962074430376609	0.9999958563419598	1.962074430376609	0.002878766907977027	3.145260882642883
188994162064166.7	0.002612586137206650	2.974000356146294	0.9999965871910141	2.115895345208258	0.9999965871910141	2.115895345208258	0.002612586137206650	2.974000356146294
189119075588333.3	0.002606861778611155	2.771673319052400	0.9999966021300608	2.269718295064121	0.9999966021300608	2.269718295064121	0.002606861778611155	2.771673319052400
189243989112500.0	0.002851239271742244	2.604715564859489	0.9999959352090462	2.423543048779866	0.9999959352090462	2.423543048779866	0.002851239271742244	2.604715564859489
189368902636666.7	0.003261037305382779	2.507150085816380	0.9999946828037101	2.577369359583484	0.9999946828037101	2.577369359583484	0.003261037305382779	2.507150085816380
189493816160833.3	0.003743607601025423	2.472583242515944	0.9999929926765137	2.731196990447943	0.9999929926765137	2.731196990447943	0.003743607601025423	2.472583242515944
189618729685000.0	0.004231188573645962	2.482770383178627	0.9999910484815623	2.885025737867564	0.9999910484815623	2.885025737867564	0.004231188573645962	2.482770383178627
189743643209166.7	0.004679453289105542	2.522260281467530	0.9999890512985207	3.038855451689811	0.9999890512985207	3.038855451689811	0.004679453289105542	2.522260281467530
189868556733333.3	0.005059622635622953	2.580381070668762	0.9999872000274730	3.192686049087364	0.9999872000274730	3.192686049087364	0.005059622635622953	2.580381070668762
189993470257500.0	0.005353009332429172	2.649971247230081	0.9999856725429056	3.346517521395279	0.9999856725429056	3.346517521395279	0.005353009332429172	2.649971247230081
190118383781666.7	0.005548061638349379	2.726037436162934	0.9999846093875932	3.500349933295936	0.9999846093875932	3.500349933295936	0.005548061638349379	2.726037436162934
190243297305833.3	0.005638860251776835	2.804820015635677	0.9999841015011495	3.654183414627660	0.9999841015011495	3.654183414627660	0.005638860251776835	2.804820015635677
190368210830000.0	0.005624379197872378	2.883173103554660	0.9999841830542315	3.808018145841128	0.9999841830542315	3.808018145841128	0.005624379197872378	2.883173103554660
190493124354166.7	0.005508165462866714	2.958120716881729	0.9999848299415515	3.961854338756338	0.9999848299415515	3.961854338756338	0.005508165462866714	2.958120716881729
190618037878333.3	0.005298296826281418	3.026487056306494	0.9999859639268646	4.115692214715120	0.9999859639268646	4.115692214715120	0.005298296826281418	3.026487056306494
190742951402500.0	0.005007601289140240	3.084533212836852	0.9999874618860621	4.269531982441814	0.9999874618860621	4.269531982441814	0.005007601289140240	3.084533212836852
190867864926666.7	0.004654208431793850	3.127570007252868	0.9999891691132826	4.423373817899756	0.9999891691132826	4.423373817899756	0.004654208431793850	3.127570007252868
190992778450833.3	0.004262551724900297	3.149601560930621	0.9999909152851303	4.577217848168234	0.9999909152851303	4.577217848168234	0.004262551724900297	3.149601560930621
191117691975000.0	0.003864846292101865	3.143295324416025	0.9999925314536798	4.731064140896731	0.9999925314536798	4.731064140896731	0.003864846292101865	3.143295324416025
191242605499166.7	0.003502456869690437	3.101148476046080	0.9999938663791272	4.884912700276682	0.9999938663791272	4.884912700276682	0.003502456869690437	3.101148476046080
191367519023333.3	0.003224706484615081	3.019459777403260	0.9999948006205273	5.038763469765548	0.9999948006205273	5.038763469765548	0.003224706484615081	3.019459777403260
191492432547500.0	0.003079910570378373	2.905476298498236	0.9999952570641917	5.192616341085843	0.9999952570641917	5.192616341085843	0.003079910570378373	2.905476298498236
191617346071666.7	0.003096137346256725	2.781261507317718	0.9999952069552801	5.346471168375439	0.9999952069552801	5.346471168375439	0.003096137346256725	2.781261507317718
191742259595833.3	0.003264664673534899	2.674206874115432	0.9999946709680856	5.500327785849641	0.9999946709680856	5.500327785849641	0.003264664673534899	2.674206874115432
191867173120000.0	0.003545313581191889	2.601280500674174	0.9999937153560571	5.654186027005300	0.9999937153560571	5.654186027005300	0.003545313581191889	2.601280500674174
191992086644166.7	0.003887482224947180	2.564845882108732	0.9999924437124267	5.808045743283723	0.9999924437124267	5.808045743283723	0.003887482224947180	2.564845882108732
192117000168333.3	0.004246095097072065	2.559021882800547	0.9999909852975808	5.961906820217683	0.9999909852975808	5.961906820217683	0.004246095097072065	2.559021882800547
192241913692500.0	0.004586662427461339	2.575945595839551	0.9999894812085659	6.115769189405325	0.9999894812085659	6.115769189405325	0.004586662427461339	2.575945595839551
192366827216666.7	0.004884686193654206	2.608538203939878	0.9999880698492305	6.269632835143905	0.9999880698492305	6.269632835143905	0.004884686193654206	2.608538203939878
192491740740833.3	0.005123811681294459	2.651093907228475	0.9999868731907705	6.423497795156692	0.9999868731907705	6.423497795156692	0.005123811681294459	2.651093907228475
192616654265000.0	0.005294281840313086	2.699086415658519	0.9999859851916902	6.577364155500820	0.9999859851916902	6.577364155500820	0.005294281840313086	2.699086415658519
192741567789166.7	0.005391920907443882	2.748818373065260	0.9999854634888089	6.731232040370895	0.9999854634888089	6.731232040370895	0.005391920907443882	2.748818373065260
192866481313333.3	0.005417524612661014	2.797110699178301	0.9999853251058594	6.885101598052303	0.9999853251058594	6.885101598052303	0.005417524612661014	2.797110699178301
192991394837500.0	0.005376504936273398	2.841076599779107	0.9999855464928833	7.038972984671157	0.9999855464928833	7.038972984671157	0.005376504936273398	2.841076599779107
193116308361666.7	0.005278664435400644	2.877991014891516	0.9999860677538355	7.192846347591825	0.9999860677538355	7.192846347591825	0.005278664435400644	2.877991014891516
193241221885833.3	0.005137980922476981	2.905275235205751	0.9999868004889065	7.346721810311659	0.9999868004889065	7.346721810311659	0.005137980922476981	2.905275235205751
193366135410000.0	0.004972244447006652	2.920638352218035	0.9999876383161739	7.500599460499597	0.9999876383161739	7.500599460499597	0.004972244447006652	2.920638352218035
193491048934166.7	0.004802302119602534	2.922428492614785	0.9999884688806926	7.654479342440639	0.9999884688806926	7.654479342440639	0.004802302119602534	2.922428492614785
193615962458333.3	0.004650571690094767	2.910205558624151	0.9999891860330066	7.808361454634351	0.9999891860330066	7.808361454634351	0.004650571690094767	2.910205558624151
193740875982500.0	0.004538517933886691	2.885398434781037	0.9999897008744459	7.962245752702428	0.9999897008744459	7.962245752702428	0.004538517933886691	2.885398434781037
193865789506666.7	0.004483175176055091	2.851669600386340	0.9999899505196743	8.116132157160060	0.9999899505196743	8.116132157160060	0.004483175176055091	2.851669600386340
193990703030833.3	0.004493606446289867	2.814507196751801	0.9999899036995852	8.270020565063403	0.9999899036995852	8.270020565063403	0.004493606446289867	2.814507196751801
194115616555000.0	0.004568863393912997	2.779931091783381	0.9999895626891753	8.423910864119021	0.9999895626891753	8.423910864119021	0.004568863393912997	2.779931091783381
194240530079166.7	0.004698613269511265	2.752900292007484	0.9999889614557471	8.577802947578498	0.9999889614557471	8.577802947578498	0.004698613269511265	2.752900292007484
194365443603333.3	0.004866126145380627	2.736285005350639	0.9999881603380797	8.731696728173434	0.9999881603380797	8.731696728173434	0.004866126145380627	2.736285005350639
194490357127500.0	0.005052123558845222	2.730764305428568	0.9999872379423381	8.885592149473013	0.9999872379423381	8.885592149473013	0.005052123558845222	2.730764305428568
194615270651666.7	0.005238066530751549	2.735356571043663	0.9999862812354076	9.039489193358559	0.9999862812354076	9.039489193358559	0.005238066530751549	2.735356571043663
194740184175833.3	0.005408307169959167	2.748102270889285	0.9999853749998323	9.193387882770024	0.9999853749998323	9.193387882770024	0.005408307169959167	2.748102270889285
194865097700000.0	0.005551218551109479	2.766609248231117	0.9999845918675936	9.347288279432474	0.9999845918675936	9.347288279432474	0.005551218551109479	2.766609248231117
194990011224166.7	0.005659647337657110	2.788396769504453	0.9999839840677516	9.501190476857611	0.9999839840677516	9.501190476857611	0.005659647337657110	2.788396769504453
195114924748333.3	0.005730977209774914	2.811088152212494	0.9999835778152665	9.655094589469199	0.9999835778152665	9.655094589469199	0.005730977209774914	2.811088152212494
195239838272500.0	0.005766958174792455	2.832525557695883	0.9999833709584426	9.809000739154977	0.9999833709584426	9.809000739154977	0.005766958174792455	2.832525557695883
195364751796666.7	0.005773341547888666	2.850867465711177	0.9999833341248098	9.962909040856797	0.9999833341248098	9.962909040856797	0.005773341547888666	2.850867465711177
195489665320833.3	0.005759281355695950	2.864707138559306	0.9999834152016052	10.11681958893159	0.9999834152016052	10.11681958893159	0.005759281355695950	2.864707138559306
195614578845000.0	0.005736420944205445	2.873224014042510	0.9999835466020185	10.27073244593899	0.9999835466020185	10.27073244593899	0.005736420944205445	2.873224014042510
195739492369166.7	0.005717590681362826	2.876346129615579	0.9999836544448117	10.42464763524298	0.9999836544448117	10.42464763524298	0.005717590681362826	2.876346129615579
195864405893333.3	0.005715123369015265	2.874862716051007	0.9999836685490804	10.57856513838113	0.9999836685490804	10.57856513838113	0.005715123369015265	2.874862716051007
195989319417500.0	0.005738958225404438	2.870401128419855	0.9999835320436468	10.73248489760600	0.9999835320436468	10.73248489760600	0.005738958225404438	2.870401128419855
196114232941666.7	0.005794900294160279	2.865203665546057	0.9999832094243288	10.88640682340107	0.9999832094243288	10.88640682340107	0.005794900294160279	2.865203665546057
196239146465833.3	0.005883500742482761	2.861721538755487	0.9999826920597242	11.04033080618166	0.9999826920597242	11.04033080618166	0.005883500742482761	2.861721538755487
196364059990000.0	0.005999901322949474	2.862143660407917	0.9999820004300652	11.19425673088177	0.9999820004300652	11.19425673088177	0.005999901322949474	2.862143660407917
196488973514166.7	0.006134666915633069	2.868018235208690	0.9999811827538725	11.34818449275966	0.9999811827538725	11.34818449275966	0.006134666915633069	2.868018235208690
196613887038333.3	0.006275306009411593	2.880069413454771	0.9999803100733974	11.50211401256862	0.9999803100733974	11.50211401256862	0.006275306009411593	2.880069413454771
196738800562500.0	0.006408042292103796	2.898208532301249	0.9999794682862155	11.65604524926457	0.9999794682862155	11.65604524926457	0.006408042292103796	2.898208532301249
196863714086666.7	0.006519477586784684	2.921666799744046	0.9999787479801736	11.80997820865857	0.9999787479801736	11.80997820865857	0.006519477586784684	2.921666799744046
196988627610833.3	0.006597962319015211	2.949164388849035	0.9999782332097218	11.96391294684558	0.9999782332097218	11.96391294684558	0.006597962319015211	2.949164388849035
197113541135000.0	0.006634643567144099	2.979058989692653	0.9999779905101598	12.11784956780927	0.9999779905101598	12.11784956780927	0.006634643567144099	2.979058989692653
197238454659166.7	0.006624242973956656	3.009452758989734	0.9999780594618174	12.27178821525806	0.9999780594618174	12.27178821525806	0.006624242973956656	3.009452758989734
197363368183333.3	0.006565635428425674	3.038263696649840	0.9999784459834228	12.42572905941046	0.9999784459834228	12.42572905941046	0.006565635428425674	3.038263696649840
197488281707500.0	0.006462277983394034	3.063285045006803	0.9999791192636302	12.57967228005308	0.9999791192636302	12.57967228005308	0.006462277983394034	3.063285045006803
197613195231666.7	0.006322490358237376	3.082269871649631	0.9999800128580921	12.73361804766667	0.9999800128580921	12.73361804766667	0.006322490358237376	3.082269871649631
197738108755833.3	0.006159512089759850	3.093090979501292	0.9999810300254780	12.88756650469991	0.9999810300254780	12.88756650469991	0.006159512089759850	3.093090979501292
197863022280000.0	0.005991150392313997	3.094032917133867	0.9999820528974392	13.04151774913080	0.9999820528974392	13.04151774913080	0.005991150392313997	3.094032917133867
197987935804166.7	0.005838703297227165	3.084250310605897	0.9999829546266310	13.19547182227656	0.9999829546266310	13.19547182227656	0.005838703297227165	3.084250310605897
198112849328333.3	0.005724785001639089	3.064335931561649	0.9999836132840803	13.34942870241144	0.9999836132840803	13.34942870241144	0.005724785001639089	3.064335931561649
198237762852500.0	0.005669893260024794	3.036768820111463	0.9999839260260236	13.50338830515723	0.9999839260260236	13.50338830515723	0.005669893260024794	3.036768820111463
198362676376666.7	0.005688218773882343	3.005865324117184	0.9999838219527255	13.65735049089429	0.9999838219527255	13.65735049089429	0.005688218773882343	3.005865324117184
198487589900833.3	0.005784065383900450	2.976981181322533	0.9999832721539068	13.81131507866852	0.9999832721539068	13.81131507866852	0.005784065383900450	2.976981181322533
198612503425000.0	0.005950490319771714	2.955196908796290	0.9999822956757556	13.96528186532576	0.9999822956757556	13.96528186532576	0.005950490319771714	2.955196908796290
198737416949166.7	0.006170783666833561	2.944148299977229	0.9999809605332181	14.11925064797796	0.9999809605332181	14.11925064797796	0.006170783666833561	2.944148299977229
198862330473333.3	0.006421899328625592	2.945535798907826	0.9999793793919019	14.27322124746322	0.9999793793919019	14.27322124746322	0.006421899328625592	2.945535798907826
198987243997500.0	0.006678269940062961	2.959318094450278	0.9999777001066611	14.42719353025647	0.9999777001066611	14.42719353025647	0.006678269940062961	2.959318094450278
199112157521666.7	0.006914888807698175	2.984237191713290	0.9999760918705893	14.58116742635812	0.9999760918705893	14.58116742635812	0.006914888807698175	2.984237191713290
199237071045833.3	0.007109351949844554	3.018337686752807	0.9999747282380956	14.73514294102835	0.9999747282380956	14.73514294102835	0.007109351949844554	3.018337686752807
199361984570000.0	0.007243062010359714	3.059323783594360	0.9999737686823162	14.88912015881714	0.9999737686823162	14.88912015881714	0.007243062010359714	3.059323783594360
199486898094166.7	0.007301925904654450	3.104738417773070	0.9999733405836792	15.04309923911663	0.9999733405836792	15.04309923911663	0.007301925904654450	3.104738417773070
199611811618333.3	0.007276820428116517	3.152004050662467	0.9999735235917284	15.19708040334854	0.9999735235917284	15.19708040334854	0.007276820428116517	3.152004050662467
199736725142500.0	0.007164010996085465	3.198368459519035	0.9999743381439586	15.35106391480479	0.9999743381439586	15.35106391480479	0.007164010996085465	3.198368459519035
199861638666666.7	0.006965649089314512	3.240787902210781	0.9999757395720981	15.50505005299302	0.9999757395720981	15.50505005299302	0.006965649089314512	3.240787902210781
