187370286250000.0	0.008357797853317601	2.412061491391079	0.9983727080972213	-0.1547959311944401	0.9983727080972213	-0.1547959311944401	0.008357797853317601	2.412061491391079
187495199774166.7	0.008595446504119763	2.438587760658539	0.9983501150238718	0.04659520133716475	0.9983501150238718	0.04659520133716475	0.008595446504119763	2.438587760658539
187620113298333.3	0.008735834334630353	2.471738533413283	0.9983293648466987	0.2479988864808114	0.9983293648466987	0.2479988864808114	0.008735834334630353	2.471738533413283
187745026822500.0	0.008769157834400410	2.507075232768466	0.9983106595412312	0.4494154234875042	0.9983106595412312	0.4494154234875042	0.008769157834400410	2.507075232768466
187869940346666.7	0.008699875050121979	2.540527519873438	0.9982940253357484	0.6508451681938522	0.9982940253357484	0.6508451681938522	0.008699875050121979	2.540527519873438
187994853870833.3	0.008545041993309450	2.568495149845754	0.9982793121769693	0.8522884539058725	0.9982793121769693	0.8522884539058725	0.008545041993309450	2.568495149845754
188119767395000.0	0.008332040434365015	2.588029731671392	0.9982662258637756	1.053745521228549	0.9982662258637756	1.053745521228549	0.008332040434365015	2.588029731671392
188244680919166.7	0.008095349015316123	2.597180930714529	0.9982543854176139	1.255216469331044	0.9982543854176139	1.255216469331044	0.008095349015316123	2.597180930714529
188369594443333.3	0.007871945568349754	2.595487893331886	0.9982433939446019	1.456701236677918	0.9982433939446019	1.456701236677918	0.007871945568349754	2.595487893331886
188494507967500.0	0.007695269524043868	2.584423716234871	0.9982329092328933	1.658199613506076	0.9982329092328933	1.658199613506076	0.007695269524043868	2.584423716234871
188619421491666.7	0.007588614194356176	2.567427187228546	0.9982227009062173	1.859711282362052	0.9982227009062173	1.859711282362052	0.007588614194356176	2.567427187228546
188744335015833.3	0.007560017231789646	2.549211289880933	0.9982126839331709	2.061235877933710	0.9982126839331709	2.061235877933710	0.007560017231789646	2.549211289880933
188869248540000.0	0.007600995026600073	2.534473670693892	0.9982029230535914	2.262773054115047	0.9982029230535914	2.262773054115047	0.007600995026600073	2.534473670693892
188994162064166.7	0.007689916514417451	2.526626331325284	0.9981936083032131	2.464322545281473	0.9981936083032131	2.464322545281473	0.007689916514417451	2.526626331325284
189119075588333.3	0.007798438137384728	2.527152367215908	0.9981850072381155	2.665884210233891	0.9981850072381155	2.665884210233891	0.007798438137384728	2.527152367215908
189243989112500.0	0.007898309112779497	2.535700224168511	0.9981774036883688	2.867458050863351	0.9981774036883688	2.867458050863351	0.007898309112779497	2.535700224168511
189368902636666.7	0.007966581754911814	2.550604293761746	0.9981710351559107	3.069044202566053	0.9981710351559107	3.069044202566053	0.007966581754911814	2.550604293761746
189493816160833.3	0.007988620828155857	2.569479957544059	0.9981660409395899	3.270642898854690	0.9981660409395899	3.270642898854690	0.007988620828155857	2.569479957544059
189618729685000.0	0.007959171679078952	2.589716757586846	0.9981624307801527	3.472254417454598	0.9981624307801527	3.472254417454598	0.007959171679078952	2.589716757586846
189743643209166.7	0.007881954134327266	2.608852365293661	0.9981600797390300	3.673879018555482	0.9981600797390300	3.673879018555482	0.007881954134327266	2.608852365293661
189868556733333.3	0.007768125540050373	2.624874811689757	0.9981587499481939	3.875516887212123	0.9981587499481939	3.875516887212123	0.007768125540050373	2.624874811689757
189993470257500.0	0.007633804628388037	2.636490619055429	0.9981581347497579	4.077168090942454	0.9981581347497579	4.077168090942454	0.007633804628388037	2.636490619055429
190118383781666.7	0.007496829805889884	2.643345286557801	0.9981579165334751	4.278832560568348	0.9981579165334751	4.278832560568348	0.007496829805889884	2.643345286557801
190243297305833.3	0.007373100544889933	2.646121466335168	0.9981578270467318	4.480510097859631	0.9981578270467318	4.480510097859631	0.007373100544889933	2.646121466335168
190368210830000.0	0.007273164178702213	2.646413834048372	0.9981576985469091	4.682200408436335	0.9981576985469091	4.682200408436335	0.007273164178702213	2.646413834048372
190493124354166.7	0.007199946055744566	2.646335374020163	0.9981574959456866	4.883903153601019	0.9981574959456866	4.883903153601019	0.007199946055744566	2.646335374020163
190618037878333.3	0.007148384140142448	2.647941141786218	0.9981573237118595	5.085618011201735	0.9981573237118595	5.085618011201735	0.007148384140142448	2.647941141786218
190742951402500.0	0.007107133308286588	2.652668530299997	0.9981574060705752	5.287344733922360	0.9981574060705752	5.287344733922360	0.007107133308286588	2.652668530299997
190867864926666.7	0.007061765868154781	2.660984855785810	0.9981580440716041	5.489083193866800	0.9981580440716041	5.489083193866800	0.007061765868154781	2.660984855785810
190992778450833.3	0.006998482113380169	2.672313060390637	0.9981595574633126	5.690833404845552	0.9981595574633126	5.690833404845552	0.006998482113380169	2.672313060390637
191117691975000.0	0.006907426255678250	2.685184464709540	0.9981622221977760	5.892595517920658	0.9981622221977760	5.892595517920658	0.006907426255678250	2.685184464709540
191242605499166.7	0.006785056770849954	2.697527550447428	0.9981662152760811	6.094369790742337	0.9981662152760811	6.094369790742337	0.006785056770849954	2.697527550447428
191367519023333.3	0.006635332250913644	2.707036668259343	0.9981715773611565	6.296156536102425	0.9981715773611565	6.296156536102425	0.006635332250913644	2.707036668259343
191492432547500.0	0.006469595479838951	2.711617336623835	0.9981782003738856	6.497956059040512	0.9981782003738856	6.497956059040512	0.006469595479838951	2.711617336623835
191617346071666.7	0.006305014990125195	2.709919231605622	0.9981858427327471	6.699768594051043	0.9981858427327471	6.699768594051043	0.006305014990125195	2.709919231605622
191742259595833.3	0.006161453091030140	2.701904198549173	0.9981941698257362	6.901594254039573	0.9981941698257362	6.901594254039573	0.006161453091030140	2.701904198549173
191867173120000.0	0.006056921038910299	2.689254971404681	0.9982028126387932	7.103433000648950	0.9982028126387932	7.103433000648950	0.006056921038910299	2.689254971404681
191992086644166.7	0.006002494923861447	2.675314737525349	0.9982114340553737	7.305284641773514	0.9982114340553737	7.305284641773514	0.006002494923861447	2.675314737525349
192117000168333.3	0.005998370432251113	2.664361812571419	0.9982197908136743	7.507148857183831	0.9982197908136743	7.507148857183831	0.005998370432251113	2.664361812571419
192241913692500.0	0.006032779043905170	2.660425988983700	0.9982277797478460	7.709025248081773	0.9982277797478460	7.709025248081773	0.006032779043905170	2.660425988983700
192366827216666.7	0.006084289340627868	2.666206550741909	0.9982354596460640	7.910913402010324	0.9982354596460640	7.910913402010324	0.006084289340627868	2.666206550741909
192491740740833.3	0.006126397804542696	2.682553392251015	0.9982430443557280	8.112812961656768	0.9982430443557280	8.112812961656768	0.006126397804542696	2.682553392251015
192616654265000.0	0.006132614947254226	2.708535949768283	0.9982508678908404	8.314723685237919	0.9982508678908404	8.314723685237919	0.006132614947254226	2.708535949768283
192741567789166.7	0.006080744711379666	2.741807292537272	0.9982593273327649	8.516645487509550	0.9982593273327649	8.516645487509550	0.006080744711379666	2.741807292537272
192866481313333.3	0.005955947122867808	2.778962002553790	0.9982688133608199	8.718578453765403	0.9982688133608199	8.718578453765403	0.005955947122867808	2.778962002553790
192991394837500.0	0.005752772070373753	2.815738165611504	0.9982796405752388	8.920522823909890	0.9982796405752388	8.920522823909890	0.005752772070373753	2.815738165611504
193116308361666.7	0.005476537669755728	2.847063326931214	0.9982919899597086	9.122478948963014	0.9982919899597086	9.122478948963014	0.005476537669755728	2.847063326931214
193241221885833.3	0.005144342629587574	2.867070267922504	0.9983058738289317	9.324447227260995	0.9983058738289317	9.324447227260995	0.005144342629587574	2.867070267922504
193366135410000.0	0.004785689308838906	2.869387163789092	0.9983211297621978	9.526428031278098	0.9983211297621978	9.526428031278098	0.004785689308838906	2.869387163789092
193491048934166.7	0.004441948040157445	2.848301809794706	0.9983374450024116	9.728421637764299	0.9983374450024116	9.728421637764299	0.004441948040157445	2.848301809794706
193615962458333.3	0.004162456183537501	2.801563426770715	0.9983544074779747	9.930428173448636	0.9983544074779747	9.930428173448636	0.004162456183537501	2.801563426770715
193740875982500.0	0.003993864109176896	2.734496286185766	0.9983715749123978	10.13244758596188	0.9983715749123978	10.13244758596188	0.003993864109176896	2.734496286185766
193865789506666.7	0.003962605392092757	2.661792864566574	0.9983885502479311	10.33447964533062	0.9983885502479311	10.33447964533062	0.003962605392092757	2.661792864566574
193990703030833.3	0.004060482260892025	2.602278016411076	0.9984050503996885	10.53652397613026	0.9984050503996885	10.53652397613026	0.004060482260892025	2.602278016411076
194115616555000.0	0.004246866216820791	2.569650725460566	0.9984209563971406	10.73858011506359	0.9984209563971406	10.73858011506359	0.004246866216820791	2.569650725460566
194240530079166.7	0.004465519917502105	2.568177223665272	0.9984363360922853	10.94064758429147	0.9984363360922853	10.94064758429147	0.004465519917502105	2.568177223665272
194365443603333.3	0.004661436635471089	2.595053583978396	0.9984514352831735	11.14272596805099	0.9984514352831735	11.14272596805099	0.004661436635471089	2.595053583978396
194490357127500.0	0.004789765752192644	2.644410456219311	0.9984666385127983	11.34481497944590	0.9984666385127983	11.34481497944590	0.004789765752192644	2.644410456219311
194615270651666.7	0.004818458489087901	2.709764718607828	0.9984824060201092	11.54691450590697	0.9984824060201092	11.54691450590697	0.004818458489087901	2.709764718607828
194740184175833.3	0.004728251194242498	2.784803438808797	0.9984991974389793	11.74902462541542	0.9984991974389793	11.74902462541542	0.004728251194242498	2.784803438808797
194865097700000.0	0.004512075150788691	2.863182312156524	0.9985173951509131	11.95114559054788	0.9985173951509131	11.95114559054788	0.004512075150788691	2.863182312156524
194990011224166.7	0.004174740171644680	2.937716518299720	0.9985372403011926	12.15327778287875	0.9985372403011926	12.15327778287875	0.004174740171644680	2.937716518299720
195114924748333.3	0.003733401651547839	2.998907555415507	0.9985587923696857	12.35542164532996	0.9985587923696857	12.35542164532996	0.003733401651547839	2.998907555415507
195239838272500.0	0.003219700411270153	3.032374504321658	0.9985819192120385	12.55757760381874	0.9985819192120385	12.55757760381874	0.003219700411270153	3.032374504321658
195364751796666.7	0.002685547198150188	3.014830563855768	0.9986063193355923	12.75974599138838	0.9986063193355923	12.75974599138838	0.002685547198150188	3.014830563855768
195489665320833.3	0.002215086089815813	2.912166629330086	0.9986315727248497	12.96192698759921	0.9986315727248497	12.96192698759921	0.002215086089815813	2.912166629330086
195614578845000.0	0.001932724724858567	2.702810728613408	0.9986572117117696	13.16412058338557	0.9986572117117696	13.16412058338557	0.001932724724858567	2.702810728613408
195739492369166.7	0.001945880100379783	2.449724714169300	0.9986828000107433	13.36632657728892	0.9986828000107433	13.36632657728892	0.001945880100379783	2.449724714169300
195864405893333.3	0.002221014123276004	2.273973050922972	0.9987080066776128	13.56854460369392	0.9987080066776128	13.56854460369392	0.002221014123276004	2.273973050922972
195989319417500.0	0.002618307900792761	2.211341948412912	0.9987326626296380	13.77077418831727	0.9987326626296380	13.77077418831727	0.002618307900792761	2.211341948412912
196114232941666.7	0.003016653761023577	2.232235750756713	0.9987567903223658	13.97301482164678	0.9987567903223658	13.97301482164678	0.003016653761023577	2.232235750756713
196239146465833.3	0.003340784786325622	2.305692212419667	0.9987806017087111	14.17526603805959	0.9987806017087111	14.17526603805959	0.003340784786325622	2.305692212419667
196364059990000.0	0.003545849286133147	2.412409666426187	0.9988044649293603	14.37752748746058	0.9988044649293603	14.37752748746058	0.003545849286133147	2.412409666426187
196488973514166.7	0.003605699091985789	2.541445128332123	0.9988288453961720	14.57979898760677	0.9988288453961720	14.57979898760677	0.003605699091985789	2.541445128332123
196613887038333.3	0.003507452206202156	2.686772390520356	0.9988542311532811	14.78208054858029	0.9988542311532811	14.78208054858029	0.003507452206202156	2.686772390520356
196738800562500.0	0.003249060626143554	2.845476908546424	0.9988810549325657	14.98437236556396	0.9988810549325657	14.98437236556396	0.003249060626143554	2.845476908546424
196863714086666.7	0.002838055664704644	3.017301840296041	0.9989096257557439	15.18667478136239	0.9989096257557439	15.18667478136239	0.002838055664704644	3.017301840296041
196988627610833.3	0.002290787166644300	3.205960079148197	0.9989400812271572	15.38898822509734	0.9989400812271572	15.38898822509734	0.002290787166644300	3.205960079148197
197113541135000.0	0.001632436673602763	3.426081573739509	0.9989723681241043	15.59131313736639	0.9989723681241043	15.59131313736639	0.001632436673602763	3.426081573739509
197238454659166.7	0.0009025933268657920	3.747665994254857	0.9990062541406478	15.79364989425535	0.9990062541406478	15.79364989425535	0.0009025933268657920	3.747665994254857
197363368183333.3	0.0002977801631003426	4.997444639079989	0.9990413684849657	15.99599874261840	0.9990413684849657	15.99599874261840	0.0002977801631003426	4.997444639079989
197488281707500.0	0.0008269026606414921	6.543834006824946	0.9990772643313686	16.19835975700785	0.9990772643313686	16.19835975700785	0.0008269026606414921	6.543834006824946
197613195231666.7	0.001599755975103580	6.900035324957473	0.9991134926598704	16.40073282492703	0.9991134926598704	16.40073282492703	0.001599755975103580	6.900035324957473
197738108755833.3	0.002331656790542148	7.137586194365432	0.9991496753311877	16.60311766233198	0.9991496753311877	16.60311766233198	0.002331656790542148	7.137586194365432
197863022280000.0	0.002973901871083200	7.345441138027663	0.9991855655929232	16.80551385633284	0.9991855655929232	16.80551385633284	0.002973901871083200	7.345441138027663
197987935804166.7	0.003492500768184377	7.541683860096737	0.9992210864955748	17.00792092767091	0.9992210864955748	17.00792092767091	0.003492500768184377	7.541683860096737
198112849328333.3	0.003860720502913883	7.732047721644685	0.9992563414971910	17.21033840248781	0.9992563414971910	17.21033840248781	0.003860720502913883	7.732047721644685
198237762852500.0	0.004059061892388750	7.918624670779933	0.9992915961892139	17.41276588163347	0.9992915961892139	17.41276588163347	0.004059061892388750	7.918624670779933
198362676376666.7	0.004075936179482325	8.101960748459282	0.9993272347901065	17.61520309645242	0.9993272347901065	17.61520309645242	0.004075936179482325	8.101960748459282
198487589900833.3	0.003908243843865270	8.281574413311510	0.9993636990458334	17.81764994247230	0.9993636990458334	17.81764994247230	0.003908243843865270	8.281574413311510
198612503425000.0	0.003561707241599706	8.455772541216193	0.9994014198051869	18.02010648623812	0.9994014198051869	18.02010648623812	0.003561707241599706	8.455772541216193
198737416949166.7	0.003051013715398190	8.620575947470849	0.9994407524095580	18.22257294501768	0.9994407524095580	18.22257294501768	0.003051013715398190	8.620575947470849
198862330473333.3	0.002400185702402464	8.766104364471520	0.9994819260623153	18.42504964349082	0.9994819260623153	18.42504964349082	0.002400185702402464	8.766104364471520
198987243997500.0	0.001645390477392207	8.861711024266274	0.9995250147445854	18.62753695510103	0.9995250147445854	18.62753695510103	0.001645390477392207	8.861711024266274
199112157521666.7	0.0008596955582493480	8.758285254383726	0.9995699335056010	18.83003523794401	0.9995699335056010	18.83003523794401	0.0008596955582493480	8.758285254383726
199237071045833.3	0.0005126321427388371	7.592833108909503	0.9996164597332188	19.03254477557309	0.9996164597332188	19.03254477557309	0.0005126321427388371	7.592833108909503
199361984570000.0	0.001191930030286257	7.001145165497317	0.9996642750152326	19.23506573189971	0.9996642750152326	19.23506573189971	0.001191930030286257	7.001145165497317
199486898094166.7	0.002014290614135587	7.022201365382301	0.9997130200809552	19.43759812672797	0.9997130200809552	19.43759812672797	0.002014290614135587	7.022201365382301
199611811618333.3	0.002782160206034953	7.150285636783146	0.9997623535430638	19.64014183486976	0.9997623535430638	19.64014183486976	0.002782160206034953	7.150285636783146
199736725142500.0	0.003439915967165697	7.313255544448611	0.9998120049735473	19.84269660787769	0.9998120049735473	19.84269660787769	0.003439915967165697	7.313255544448611
199861638666666.7	0.003950500342716437	7.492860831450196	0.9998618142062354	20.04526211386450	0.9998618142062354	20.04526211386450	0.003950500342716437	7.492860831450196
