205337300000000.0	0.02312699535607895	-0.3435920830593948	0.1570859367408196	1.894774135652256	0.1854530922840761	2.030350449427281	0.04580169893477138	-2.492536811824368
205286579951147.2	0.02352466676692476	-0.3719979156961201	0.1592029417466267	1.870107194778946	0.1876404344129806	2.004243179233235	0.04624244935842591	-2.515591353644647
205235884952668.4	0.02392232357147307	-0.4002233050742985	0.1613250651138431	1.845331357606858	0.1898335215463169	1.978075214140235	0.04667469618600214	-2.538966975997030
205185214986009.8	0.02431979754645720	-0.4282750027505077	0.1634514313401595	1.820454310705857	0.1920319348612331	1.951849059584359	0.04709724558252442	-2.562615165344021
205134570032635.8	0.02471692326743976	-0.4561592894202466	0.1655812344227103	1.795483859004697	0.1942352439614018	1.925567374672297	0.04750934888830719	-2.586485231999468
205083950074029.4	0.02511353817885655	-0.4838819938596071	0.1677137453043630	1.770427869928144	0.1964430150430764	1.899232983957445	0.04791073985955840	-2.610526324061002
205033355091691.6	0.02550948271411781	-0.5114485107216551	0.1698483185161389	1.745294217977858	0.1986548198983473	1.872848880428113	0.04830165206766818	-2.634689460571959
204982785067141.7	0.02590460046793445	-0.5388638174291019	0.1719843979536425	1.720090730239333	0.2008702454384376	1.846418219707633	0.04868281553874323	-2.658929516304001
204932239981917.3	0.02629873842233576	-0.5661324904099442	0.1741215217344592	1.694825133258280	0.2030889034016036	1.819944305774881	0.04905543240242469	-2.683207092240453
204881719817574.2	0.02669174721509525	-0.5932587200478044	0.1762593262464576	1.669505002852823	0.2053104394857105	1.793430568712895	0.04942112997883061	-2.707490218321885
204831224555686.4	0.02708348150349971	-0.6202463285779093	0.1783975486384570	1.644137711895629	0.2075345434705972	1.766880535868794	0.04978190201648065	-2.731755771273471
204780754177845.9	0.02747380033228185	-0.6470987841289420	0.1805360289883178	1.618730385808127	0.2097609566782747	1.740297796587605	0.05014002335769811	-2.755990640200239
204730308665663.1	0.02786256757022278	-0.6738192165517036	0.1826747111510113	1.593289858811769	0.2119894790352223	1.713685962524634	0.05049795375198973	-2.780192509065710
204679888000766.2	0.02824965240107467	-0.7004104340780135	0.1848136424947785	1.567822632779273	0.2142199749502606	1.687048624787625	0.05085823153627087	-2.804370223674663
204629492164801.8	0.02863492985486531	-0.7268749402870348	0.1869529726531179	1.542334839890039	0.2164523774612829	1.660389309313287	0.05122335969561381	-2.828543716647562
204579121139434.4	0.02901828137855612	-0.7532149518462263	0.1890929512518939	1.516832208923271	0.2186866906421391	1.633711432063512	0.05159568974038744	-2.852743468683152
204528774906346.6	0.02939959544036367	-0.7794324171637209	0.1912339246362053	1.491320035412912	0.2209229901751914	1.607018255547489	0.05197730844413575	-2.877009511216104
204478453447238.9	0.02977876815761755	-0.8055290358896070	0.1933763316612298	1.465803156095096	0.2231614219703206	1.580312848106350	0.05236993217200381	-2.901390003544549
204428156743830.1	0.03015570393590996	-0.8315062791455406	0.1955206986250907	1.440285928095076	0.2254021987549941	1.553598047276650	0.05277481326021489	-2.925939444526800
204377884777856.7	0.03053031617894604	-0.8573654142538123	0.1976676327916549	1.414772208160654	0.2276455965943791	1.526876428919086	0.05319267117608678	-2.950716559460519
204327637531073.3	0.03090252789529860	-0.8831075248813548	0.1998178160733828	1.389265344006648	0.2298919469442449	1.500150281860806	0.05362363140218308	-2.975782071248273
204277414985252.3	0.03127227236857812	-0.9087335365717178	0.2019719972960758	1.363768164792189	0.2321416294169169	1.473421590179095	0.05406719713900565	-3.001196355350528
204227217122184.3	0.03163949378871617	-0.9342442424376560	0.2041309839963177	1.338282977628506	0.2343950629364482	1.446692022922660	0.05452224321280848	-3.027017159896929
204177043923677.5	0.03200414785167553	-0.9596403300479611	0.2062956336618087	1.312811568713254	0.2366526961249595	1.419962931647816	0.05498703458284541	-3.053297491853725
204126895371558.0	0.03236620231542477	-0.9849224094406476	0.2084668445112966	1.287355209055732	0.2389149972559332	1.393235355749209	0.05545926812009289	-3.080083767822608
204076771447670.0	0.03272563750052386	-1.010091042168084	0.2106455459169345	1.261914664715911	0.2411824441316993	1.366510035240401	0.05593613519703883	-3.107414305915459
204026672133875.2	0.03308244671760957	-1.035146771007464	0.2128326886133711	1.236490211735123	0.2434555141144121	1.339787430394925	0.05641440121214990	-3.135318211188767
203976597412053.4	0.03343663661055830	-1.060090150235931	0.2150292347953608	1.211081655514848	0.2457346746805955	1.313067747411711	0.05689049817427237	-3.163814676424839
203926547264102.1	0.03378822747350259	-1.084921779585552	0.2172361477181473	1.185688350251036	0.2480203765542550	1.286350969452796	0.05736063285868610	-3.192912661515134
203876521671936.3	0.03413725334154590	-1.109642332735724	0.2194543822786606	1.160309229492047	0.2503130450328865	1.259636890786787	0.05782088731317523	-3.222611016762940
203826520617489.2	0.03448376205497876	-1.134252590173195	0.2216848751470319	1.134942834699467	0.2526130749890682	1.232925153895320	0.05826732872618117	-3.252898905019028
203776544082711.3	0.03482781517486112	-1.158753470790682	0.2239285353865240	1.109587348290498	0.2549208269349018	1.206215287485537	0.05869611334191299	-3.283756524856923
203726592049571.0	0.03516948776348132	-1.183146063048712	0.2261862354975471	1.084240629341627	0.2572366248364468	1.179506744110730	0.05910358335634559	-3.315156065138795
203676664500054.4	0.03550886802129605	-1.207431655387565	0.2284588029882549	1.058900251523063	0.2595607557165324	1.152798936005844	0.05948635390980208	-3.347062832394286
203626761416165.3	0.03584605677332802	-1.231611765557356	0.2307470125674635	1.033563542802382	0.2618934710102839	1.126091267832432	0.05984138788007161	-3.379436495573976
203576882779924.9	0.03618116679924326	-1.255688168519447	0.2330515790471581	1.008227626433945	0.2642349895649150	1.099383165179468	0.06016605676301537	-3.412232398185630
203527028573372.2	0.03651432197714954	-1.279662921401792	0.2353731511972394	0.9828894641543622	0.2665855014690851	1.072674097759886	0.06045818427269872	-3.445402906085330
203477198778563.7	0.03684565636288371	-1.303538390569876	0.2377123058385833	0.9575458943838460	0.2689451754673046	1.045963596950511	0.06071608248370564	-3.478898699313809
203427393377573.5	0.03717531297966196	-1.327317270548329	0.2400695436566452	0.9321936771487368	0.2713141642272758	1.019251266435754	0.06093856115335665	-3.512670077263015
203377612352493.3	0.03750344250876262	-1.351002602739512	0.2424452855729069	0.9068295349356790	0.2736926116760326	0.9925367863885938	0.06112492671463360	-3.546668168216963
203327855685432.3	0.03783020182748808	-1.374597790975433	0.2448398700839882	0.8814501922398730	0.2760806606317233	0.9658199110107786	0.06127496641202386	-3.580846047874749
203278123358517.2	0.03815575239158682	-1.398106613157984	0.2472535516405329	0.8560524138444474	0.2784784601238425	0.9391004597441103	0.06138891783047087	-3.615159752427339
203228415353892.1	0.03848025847870849	-1.421533228977015	0.2496865000236096	0.8306330410344895	0.2808861721964007	0.9123783027570596	0.06146742574126269	-3.649569166395290
203178731653718.7	0.03880388530452224	-1.444882183417714	0.2521388007071096	0.8051890253655586	0.2833039778329361	0.8856533415305858	0.06151148790780897	-3.684038769766913
203129072240176.0	0.03912679702570836	-1.468158405811937	0.2546104561815961	0.7797174596509078	0.2857320816775766	0.8589254855722798	0.06152239178404199	-3.718538229984033
203079437095460.5	0.03944915464635754	-1.491367204233711	0.2571013882024992	0.7542156058812732	0.2881707152705068	0.8321946264379043	0.06150164429956204	-3.753042825525288
203029826201786.0	0.03977111381309899	-1.514514253696058	0.2596114411040595	0.7286809215188044	0.2906201377475520	0.8054606103699185	0.06145089474462679	-3.787533704770961
202980239541384.0	0.04009282268407093	-1.537605584905063	0.2621403851854648	0.7031110757619741	0.2930806379023352	0.7787232108763514	0.06137186518816824	-3.821997897279225
202930677096502.9	0.04041441957566172	-1.560647560267765	0.2646879219188260	0.6775039716476355	0.2955525296909861	0.7519821026294191	0.06126626800232939	-3.856428216085719
202881138849408.7	0.04073603071426124	-1.583646849858086	0.2672536891654454	0.6518577586761702	0.2980361486322798	0.7252368380291057	0.06113573534206618	-3.890822914764326
202831624782384.7	0.04105776798227087	-1.606610401752138	0.2698372671013812	0.6261708428305258	0.3005318458453632	0.6984868275919416	0.06098175317451410	-3.925185166628526
202782134877731.4	0.04137972670317572	-1.629545407719214	0.2724381846545614	0.6004418930835917	0.3030399803508424	0.6717313252357052	0.06080560370412104	-3.959522370760360
202732669117766.6	0.04170198349566023	-1.652459264655728	0.2750559263425305	0.5746698443328642	0.3055609099516831	0.6449694193079282	0.06060831857186116	-3.993845303717850
202683227484825.5	0.04202459422388822	-1.675359532115332	0.2776899394135927	0.5488538968900585	0.3080949810102609	0.6182000299747833	0.06039064460054980	-4.028167144033590
202633809961260.2	0.04234759207068095	-1.698253886347337	0.2803396411926171	0.5229935126931158	0.3106425174908952	0.5914219133282840	0.06015302336986973	-4.062502402748184
202584416529440.4	0.04267098575975609	-1.721150071319626	0.2830044265326510	0.4970884084434561	0.3132038096785647	0.5646336722882277	0.05989558534679114	-4.096865797946253
202535047171752.7	0.04299475793306209	-1.744055846504570	0.2856836753721806	0.4711385467911893	0.3157791025319433	0.5378337741675341	0.05961815754083589	-4.131271122590830
202485701870601.0	0.04331886378129470	-1.766978934992439	0.2883767599158098	0.4451441223038133	0.3183685860023329	0.5110205741298078	0.05932028882602570	-4.165730113684964
202436380608406.2	0.04364322985934690	-1.789926968934306	0.2910830518191506	0.4191055467668668	0.3209723854907690	0.4841923440889233	0.05900128617905551	-4.200251403142463
202387083367606.4	0.04396775309633422	-1.812907432624757	0.2938019293222866	0.3930234344532303	0.3235905526022466	0.4573473062500710	0.05866025998216791	-4.234839590444964
202337810130657.1	0.04429230012009842	-1.835927607954612	0.2965327837293296	0.3668985828830368	0.3262230591647661	0.4304836696275285	0.05829618253448925	-4.269494422490450
202288560880030.3	0.04461670683001879	-1.858994519709545	0.2992750255662979	0.3407319531007642	0.3288697928017236	0.4035996685952247	0.05790795258589145	-4.304210140794639
202239335598215.5	0.04494077824845067	-1.882114882126638	0.3020280902477403	0.3145246488601506	0.3315305547753905	0.3766936020014888	0.05749446456149057	-4.338975005100988
202190134267719.1	0.04526428865795198	-1.905295047313238	0.3047914431914780	0.2882778950228132	0.3342050602386468	0.3497638714381113	0.05705467984061239	-4.373771004312798
202140956871064.5	0.04558698202831744	-1.928540956094611	0.3075645843288055	0.2619930154730726	0.3368929409422016	0.3228090172724712	0.05658769746871434	-4.408573759348508
202091803390792.2	0.04590857273388061	-1.951858091808928	0.3103470519660437	0.2356714108414487	0.3395937503495111	0.2958277511434844	0.05609282179004878	-4.443352617175224
202042673809459.5	0.04622874655888090	-1.975251437518089	0.3131384259622795	0.2093145363181267	0.3423069710210550	0.2688189837327798	0.05556962467453182	-4.478070931106792
201993568109640.8	0.04654716196825701	-1.998725436410978	0.3159383302695998	0.1829238805313808	0.3450320236194975	0.2417818469844585	0.05501799944643739	-4.512686526330805
201944486273927.5	0.04686345169181647	-2.022283957914394	0.3187464345632117	0.1565009432717143	0.3477682786720736	0.2147157094903962	0.05443820757036882	-4.547152317022560
201895428284927.7	0.04717722457069690	-2.045930268283680	0.3215624551382730	0.1300472140320311	0.3505150697226783	0.1876201847967841	0.05383091448077346	-4.581417081049550
201846394125266.5	0.04748806756919392	-2.069667002648059	0.3243861554367724	0.1035641551823621	0.3532717052798976	0.1604951332048341	0.05319720940803764	-4.615426415536379
201797383777585.9	0.04779554809754584	-2.093496144973918	0.3272173454837137	0.07705318283161082	0.3560374832967518	0.1333406555933323	0.05253861643092037	-4.649123792114922
201748397224544.8	0.04809921652270395	-2.117419011925688	0.3300558807280001	0.05051565018203320	0.3588117049778183	0.1061570804477273	0.05185709088112279	-4.682451743187994
201699434448818.9	0.04839860886995456	-2.141436241577995	0.3329016602045998	0.02395283245843534	0.3615936880393480	0.07894494445157078	0.05115500208833797	-4.715353153301434
201650495433100.6	0.04869324969377443	-2.165547786929220	0.3357546240529173	-0.002634086459634546	0.3643827789469458	0.05170496741006552	0.05043510253778847	-4.747772636498850
201601580160099.2	0.04898265509453768	-2.189752914125040	0.3386147504336822	-0.02924402559821180	0.3671783636909903	0.02443802248951709	0.04970048384236656	-4.779657975384456
201552688612540.8	0.04926633585737193	-2.214050205254832	0.3414820518936124	-0.05587601655943673	0.3699798767179366	-0.002854897090293314	0.04895452028086256	-4.810961590780922
201503820773168.1	0.04954380068816798	-2.238437565545660	0.3443565712334007	-0.08252921124596926	0.3727868077017992	-0.03017271363571548	0.04820080102890115	-4.841642002517618
201454976624740.8	0.04981455952177442	-2.262912234760909	0.3472383769402028	-0.1092028876053706	0.3755987059274161	-0.05751430150002662	0.04744305261300084	-4.871665232503897
201406156150035.0	0.05007812685677115	-2.287470801778023	0.3501275583302372	-0.1358964525211001	0.3784151816049801	-0.08487852289033707	0.04668505270228407	-4.901006099164681
201357359331843.8	0.05033402517352146	-2.312109225344119	0.3530242201484912	-0.1626094453338175	0.3812359062625142	-0.1122642628180369	0.04593054107217698	-4.929649305717605
201308586152976.6	0.05058178830626409	-2.336822856708378	0.3559284771152661	-0.1893415376188463	0.3840606095290349	-0.1396704605307570	0.04518312614574467	-4.957590289555091
201259836596259.9	0.05082096474941140	-2.361606463994040	0.3588404484664321	-0.2160925294633163	0.3868890725468181	-0.1670961362615055	0.04444619067738712	-4.984835754544866
201211110644536.5	0.05105112097088982	-2.386454261992262	0.3617602521871694	-0.2428623464548427	0.3897211209061557	-0.1945404138457688	0.04372280411816227	-5.011403781288207
201162408280665.9	0.05127184462972691	-2.411359944006073	0.3646879993282783	-0.2696510341160244	0.3925566153189577	-0.2220025373343525	0.04301564209417507	-5.037323486585285
201113729487524.2	0.05148274769467355	-2.436316716334586	0.3676237884028226	-0.2964587507466614	0.3953954409761447	-0.2494818813979427	0.04232691758028936	-5.062634186282500
201065074248004.1	0.05168346944159422	-2.461317335209114	0.3705676999384678	-0.3232857588071914	0.3982374960550418	-0.2769779552913185	0.04165832729449251	-5.087384050514187
201016442545014.8	0.05187367930793835	-2.486354146014731	0.3735197912584124	-0.3501324149912904	0.4010826798773696	-0.3044904004037506	0.04101101637153315	-5.111628273561399
200967834361482.0	0.05205307958330951	-2.511419124648236	0.3764800915603856	-0.3769991591479686	0.4039308812326375	-0.3320189816736259	0.04038556365645993	-5.135426816711712
200919249680348.1	0.05222140791570583	-2.536503920887202	0.3794485973591563	-0.4038865022266823	0.4067819673740066	-0.3595635733879384	0.03978198901785666	-5.158841817748930
200870688484571.8	0.05237843961439079	-2.561599903655924	0.3824252683527401	-0.4307950134239432	0.4096357741679492	-0.3871241401158891	0.03919978297677358	-5.181934790789294
200822150757128.3	0.05252398973021864	-2.586698208094258	0.3854100237669451	-0.4577253067196484	0.4124920978279369	-0.4147007136950890	0.03863795776616510	-5.204763761254109
200773636481009.2	0.05265791487377867	-2.611789783366537	0.3884027393023499	-0.4846780260102045	0.4153506879419380	-0.4422933668638936	0.03809511696428017	-5.227380493761510
200725145639222.9	0.05278011485046536	-2.636865445449190	0.3914032443874068	-0.5116538333391633	0.4182112449564446	-0.4699021868178413	0.03756954423210440	-5.249827945900847
200676678214793.5	0.05289053394290995	-2.661915928059184	0.3944113203111708	-0.5386533936180701	0.4210734177823294	-0.4975272466655028	0.03705930150726106	-5.272138113706341
200628234190762.3	0.05298916191125967	-2.686931935344488	0.3974266989529356	-0.5656773597735347	0.4239368040888191	-0.5251685777261994	0.03656233548471263	-5.294330357906503
200579813550186.4	0.05307603472124545	-2.711904197506910	0.4004490620437341	-0.5927263596847616	0.4268009540812454	-0.5528261445094268	0.03607658859203955	-5.316410289368443
200531416276139.4	0.05315123494062077	-2.736823527178103	0.4034780411292151	-0.6198009830071765	0.4296653762510079	-0.5804998224434890	0.03560010808296706	-5.338369268647424
200483042351711.4	0.05321489180467167	-2.761680877069826	0.4065132181864390	-0.6469017686588653	0.4325295452866013	-0.6081893795962444	0.03513114938024062	-5.360184534030147
200434691760008.6	0.05326718093938532	-2.786467398772412	0.4095541268870224	-0.6740291931190526	0.4353929118317145	-0.6358944631646315	0.03466826973574668	-5.381819949820695
200386364484153.6	0.05330832373230408	-2.811174502547324	0.4126002544908340	-0.7011836596733929	0.4382549137004846	-0.6636145913095596	0.03421040883795409	-5.403227347552613
200338060507285.2	0.05333858634220085	-2.835793917921754	0.4156510443468893	-0.7283654887287115	0.4411149880929959	-0.6913491506774825	0.03375695360341027	-5.424348419805207
200289779812558.6	0.05335827834055592	-2.860317754849312	0.4187058989702162	-0.7555749092996832	0.4439725843120492	-0.7190973997149606	0.03330778498858246	-5.445117117926175
200241522383145.0	0.05336775098041317	-2.884738565145601	0.4217641836568741	-0.7828120517556949	0.4468271764590060	-0.7468584776613315	0.03286330521946578	-5.465462498818141
200193288202232.2	0.05336739508940177	-2.909049403849445	0.4248252305925269	-0.8100769418973274	0.4496782755794080	-0.7746314188449647	0.03242444434946020	-5.485311959108150
200145077253023.7	0.05335763858712705	-2.933243890109599	0.4278883434043518	-0.8373694964138138	0.4525254407548989	-0.8024151717239093	0.03199264553375958	-5.504594784538419
200096889518739.5	0.05333894361776578	-2.957316266418688	0.4309528021339036	-0.8646895191192165	0.4553682882248068	-0.8302086214842962	0.03156982848321777	-5.523245922273217
200048724982615.7	0.05331180334905877	-2.981261458261929	0.4340178684412764	-0.8920367003819679	0.4582064998111708	-0.8580106168451735	0.03115833300674885	-5.541209874969256
200000583627904.5	0.05327673839968622	-3.005075130944347	0.4370827911214639	-0.9194106173076427	0.4610398286148017	-0.8858199985192498	0.03076084195601249	-5.558444564815043
199952465437874.2	0.05323429288279609	-3.028753741237778	0.4401468119241524	-0.9468107331432397	0.4638681006691781	-0.9136356271127698	0.03038028447580618	-5.574924971105288
199904370395809.4	0.05318503017052637	-3.052294588250047	0.4432091713702107	-0.9742364005926301	0.4666912157228981	-0.9414564124952882	0.03001972502517547	-5.590646353799450
199856298485010.4	0.05312952833862559	-3.075695859117785	0.4462691146713057	-1.001686865663703	0.4695091447840148	-0.9692813413263540	0.02968223964751856	-5.605626800202166
199808249688793.9	0.05306837533370615	-3.098956669540328	0.4493258976392275	-1.029161272780560	0.4723219250549847	-0.9971095022092737	0.02937078468380605	-5.619908842100873
199760223990492.5	0.05300216389429628	-3.122077098286634	0.4523787925149509	-1.056658671084796	0.4751296524326438	-1.024940107507036	0.02908806368979894	-5.633559902633737
199712221373454.7	0.05293148626250779	-3.145058214800588	0.4554270936488871	-1.084178021840479	0.4779324718482668	-1.052772511004960	0.02883639922071808	-5.646671382813288
199664241821045.3	0.05285692872811671	-3.167902099020657	0.4584701229653219	-1.111718206844794	0.4807305658057076	-1.080606220772015	0.02861761668826996	-5.659356286108398
199616285316644.9	0.05277906605140068	-3.190611852575159	0.4615072351468044	-1.139278037739510	0.4835241415499051	-1.108440906763450	0.02843294749499017	-5.671745401225971
199568351843649.9	0.05269845581597822	-3.213191600557905	0.4645378224774135	-1.166856266110368	0.4863134173497178	-1.136276402916640	0.02828295797783485	-5.683982204975953
199520441385473.1	0.05261563276709194	-3.235646483176940	0.4675613192876872	-1.194451594255143	0.4890986084160891	-1.164112703712357	0.02816750930916904	-5.696216788141959
199472553925542.7	0.05253110319422841	-3.257982636672743	0.4705772059484983	-1.222062686497431	0.4918799129870587	-1.191949955379477	0.02808575149426151	-5.708599223369625
199424689447303.2	0.05244533942037282	-3.280207163036319	0.4735850123660232	-1.249688180918067	0.4946574991052308	-1.219788442137195	0.02803615217962371	-5.721272863202016
199376847934214.8	0.05235877446184525	-3.302328088228521	0.4765843209355798	-1.277326701376116	0.4974314925837293	-1.247628568046730	0.02801655844626415	-5.734368064787551
199329029369753.5	0.05227179691579552	-3.324354308018219	0.4795747689189214	-1.304976869042124	0.5002019661489285	-1.275470834670301	0.02802428726564817	-5.747996771789403
199281233737411.4	0.05218474617617250	-3.346295524637082	0.4825560502025917	-1.332637315988379	0.5029689320418627	-1.303315817630044	0.02805623939586271	-5.762248340026820
199233461020696.2	0.05209790799221860	-3.368162170290606	0.4855279164476277	-1.360306697040213	0.5057323357690536	-1.331164140026263	0.02810902845753493	-5.777186743934791
199185711203131.7	0.05201151044509580	-3.389965319009190	0.4884901775769656	-1.387983700603580	0.5084920518112926	-1.359016444339678	0.02817911815144632	-5.792849233963507
199137984268257.0	0.05192572043135940	-3.411716590398482	0.4914427016021100	-1.415667060766770	0.5112478831156795	-1.386873365936037	0.02826296093544691	-5.809246426301400
199090280199627.4	0.05184064067684834	-3.433428043710801	0.4943854137918754	-1.443355568361576	0.5139995628110550	-1.414735507325792	0.02835713116632926	-5.826363622103306
199042598980813.8	0.05175630733608704	-3.455112064051116	0.4973182951842829	-1.471048081442003	0.5167467584543295	-1.442603414605254	0.02845844758559795	-5.844163147052283
198994940595402.8	0.05167268821642696	-3.476781242057185	0.5002413804530382	-1.498743535073580	0.5194890786051506	-1.470477556908438	0.02856408109290869	-5.862587470257755
198947305026996.8	0.05158968165810984	-3.498448248537818	0.5031547551470836	-1.526440950332931	0.5222260814391618	-1.498358309570591	0.02867164493156127	-5.881562869069019
198899692259214.0	0.05150711609292708	-3.520125705659097	0.5060585523287591	-1.554139442426304	0.5249572850334316	-1.526245941557138	0.02877926543373428	-5.901003433073129
198852102275687.9	0.05142475029382076	-3.541826056343929	0.5089529486425780	-1.581838227843277	0.5276821788925737	-1.554140607514879	0.02888563228943068	-5.920815236133652
198804535060068.1	0.05134227431879539	-3.563561433562213	0.5118381598532524	-1.609536630472360	0.5304002362421707	-1.582042344631316	0.02899002791144668	-5.940900541138014
198756990596019.4	0.05125931114203370	-3.585343531183091	0.5147144358976080	-1.637234086615547	0.5331109265904118	-1.609951074286040	0.02909233590412509	-5.961161931868622
198709468867222.8	0.05117541895590334	-3.607183477976808	0.5175820555006071	-1.664930148849086	0.5358137280531292	-1.637866608293414	0.02919302896243594	-5.981506286439586
198661969857374.3	0.05109009411867712	-3.629091716257300	0.5204413204110143	-1.692624488690049	0.5385081389557314	-1.665788659367903	0.02929313679545835	-6.001848515819858
198614493550185.9	0.05100277471366337	-3.651077886508968	0.5232925493167653	-1.720316898039867	0.5411936882577760	-1.693716855273925	0.02939419494846639	-6.022114989956791
198567039929384.9	0.05091284467904463	-3.673150719146596	0.5261360715041603	-1.748007289388442	0.5438699443999215	-1.721650756004046	0.02949817574507427	-6.042246565512217
198519608978714.4	0.05081963846037633	-3.695317934383958	0.5289722203284057	-1.775695694775499	0.5465365222420527	-1.749589873215253	0.02960740302238651	-6.062201117191574
198472200681932.8	0.05072244613289499	-3.717586150871794	0.5318013265612757	-1.803382263468223	0.5491930878061360	-1.777533691040529	0.02972445291187785	-6.081955462858572
198424815022814.1	0.05062051893288269	-3.739960802803315	0.5346237116238709	-1.831067257717511	0.5518393602159165	-1.805481686728898	0.02985204373672936	-6.101506554411524
198377451985147.9	0.05051307516550291	-3.762446070761329	0.5374396811540155	-1.858751050692464	0.5544751135269849	-1.833433354379129	0.02999291780187265	-6.120871926344789
198330111552739.0	0.05039930636946201	-3.785044815720532	0.5402495182055427	-1.886434117979324	0.5571001725797197	-1.861388222135010	0.03014972118942061	-6.140089117002159
198282793709408.0	0.05027838374071985	-3.807758527000497	0.5430534769306297	-1.914117031648080	0.5597144090991318	-1.889345871122831	0.03032488479650569	-6.159214235066492
198235498438990.8	0.05014946472204524	-3.830587278232035	0.5458517764314894	-1.941800452395660	0.5623177351323203	-1.917305950836939	0.03052051274757080	-6.178319582155587
198188225725338.5	0.05001169970799695	-3.853529691930769	0.5486445949268542	-1.969485120772407	0.5649100947464243	-1.945268191347638	0.03073828335078368	-6.197490439809851
198140975552317.9	0.04986423881029613	-3.876582911995820	0.5514320643000172	-1.997171847584793	0.5674914543387541	-1.973232411899271	0.03097936754136157	-6.216821177503957
198093747903811.0	0.04970623863208338	-3.899742583342463	0.5542142650913469	-2.024861503575216	0.5700617919636595	-2.001198525620798	0.03124436894532956	-6.236410900404628
198046542763715.3	0.04953686900376118	-3.923002837778744	0.5569912219937101	-2.052555008488305	0.5726210861120391	-2.029166540222998	0.03153328850886113	-6.256358899463993
197999360115943.6	0.04935531963813729	-3.946356285173889	0.5597628999040938	-2.080253319638334	0.5751693043986399	-2.057136554724460	0.03184551517769766	-6.276760184354144
197952199944423.8	0.04916080666651276	-3.969794008938587	0.5625292005788786	-2.107957420099589	0.5777063926068297	-2.085108752385795	0.03217984253155261	-6.297701368297584
197905062233099.6	0.04895257902306542	-3.993305564824346	0.5652899599338903	-2.135668306643642	0.5802322645244165	-2.113083390185318	0.03253450975051867	-6.319257134784169
197857946965929.5	0.04872992464943678	-4.016878982067697	0.5680449460234142	-2.163386977550783	0.5827467929668423	-2.141060785289475	0.03290726397343517	-6.341487455945762
197810854126887.6	0.04849217649655258	-4.040500765938378	0.5707938577251787	-2.191114420423046	0.5852498023335003	-2.169041299076405	0.03329544011936394	-6.364435660601196
197763783699963.0	0.04823871830526877	-4.064155900814396	0.5735363241506577	-2.218851600126136	0.5877410629813880	-2.197025319355880	0.03369605364421833	-6.388127377201007
197716735669160.2	0.04796899015153622	-4.087827852979158	0.5762719047923101	-2.246599446984995	0.5902202876248457	-2.225013241473541	0.03410590149610442	-6.412570312375490
197669710018498.9	0.04768249374691958	-4.111498572423024	0.5790000904113879	-2.274358845353905	0.5926871298942445	-2.253005449030836	0.03452166666595595	-6.437754775997009
197622706732014.1	0.04737879748807430	-4.135148493040353	0.5817203046619789	-2.302130622677005	0.5951411850993318	-2.281002294934031	0.03494002212229509	-6.463654831652257
197575725793755.6	0.04705754125254888	-4.158756530738023	0.5844319064392354	-2.329915539149573	0.5975819931623308	-2.309004083466154	0.03535773047540120	-6.490229936980734
197528767187788.8	0.04671844094148522	-4.182300079099604	0.5871341929317764	-2.357714278081501	0.6000090436042114	-2.337011054019582	0.03577173634609641	-6.517426938847919
197481830898194.1	0.04636129277208876	-4.205755002402180	0.5898264033509852	-2.385527437056675	0.6024217823925671	-2.365023367048608	0.03617924904346329	-6.545182299799458
197434916909066.9	0.04598597732501881	-4.229095625950547	0.5925077233027509	-2.413355519972670	0.6048196203952249	-2.393041092709454	0.03657781373280751	-6.573424450307967
197388025204517.9	0.04559246335327023	-4.252294723712767	0.5951772897256419	-2.441198929898823	0.6072019430486920	-2.421064202383962	0.03696536985852945	-6.602076179445310
197341155768672.7	0.04518081136051928	-4.275323503814198	0.5978341963792312	-2.469057962964850	0.6095681209803758	-2.449092563489864	0.03734029581975173	-6.631057002147075
197294308585672.1	0.04475117695738049	-4.298151594177064	0.6004775001888071	-2.496932804632618	0.6119175219540187	-2.477125939200753	0.03770143844234993	-6.660285479105768
197247483639671.9	0.04430381400290935	-4.320747024071697	0.6031062273373835	-2.524823524404896	0.6142495214229102	-2.505163988448609	0.03804812952461287	-6.689681381038360
197200680914843.1	0.04383907754067266	-4.343076208813491	0.6057193802517269	-2.552730073694268	0.6165635140538702	-2.533206271487363	0.03838018632722992	-6.719167758929462
197153900395371.5	0.04335742653462953	-4.365103935903196	0.6083159447673946	-2.580652284303321	0.6188589243408442	-2.561252257822527	0.03869789775859955	-6.748672850048773
197107142065458.0	0.04285942640799271	-4.386793355315320	0.6108948975385782	-2.608589868064984	0.6211352162864012	-2.589301336778250	0.03900199624275906	-6.778131808316066
197060405909318.4	0.04234575138690472	-4.408105976437547	0.6134552136212778	-2.636542417637564	0.6233919018552155	-2.617352830290476	0.03929361585267910	-6.807488234722240
197013691911183.7	0.04181718664325729	-4.429001674759625	0.6159958741566182	-2.664509408438351	0.6256285479515605	-2.645406007425842	0.03957423758707376	-6.836695479332116
196967000055299.5	0.04127463022757217	-4.449438712037677	0.6185158740803945	-2.692490201689192	0.6278447817358507	-2.673460100110715	0.03984562301449088	-6.865717681992021
196920330325926.7	0.04071909477324199	-4.469373774438509	0.6210142297846667	-2.720484048538186	0.6300402941558769	-2.701514319510552	0.04010973790049375	-6.894530515700646
196873682707340.8	0.04015170894503030	-4.488762034001270	0.6234899866579083	-2.748490095212191	0.6322148416382546	-2.729567872515930	0.04036866785796012	-6.923121596081618
196827057183832.4	0.03957371859252711	-4.507557239682351	0.6259422264313781	-2.776507389146667	0.6343682459492510	-2.757619977805258	0.04062452849130416	-6.951490523731310
196780453739706.9	0.03898648755418875	-4.525711845278069	0.6283700742613199	-2.804534886032438	0.6365003922965952	-2.785669880985244	0.04087937290776326	-6.979648534246460
196733872359284.6	0.03839149804125754	-4.543177182577284	0.6307727054791352	-2.832571457710558	0.6386112258041319	-2.813716868374935	0.04113509979995483	-7.007617743731062
196687313026900.5	0.03779035051001692	-4.559903689171453	0.6331493519446745	-2.860615900842025	0.6407007465389521	-2.841760279056594	0.04139336551888197	-7.035429995124014
196640775726904.7	0.03718476290677260	-4.575841201399578	0.6354993079416490	-2.888666946272792	0.6427690033147687	-2.869799514894309	0.04165550361348736	-7.063125331575430
196594260443661.8	0.03657656914341905	-4.590939323767108	0.6378219355581486	-2.916723269010094	0.6448160865266106	-2.897834048304848	0.04192245518036027	-7.090750145421735
196547767161551.4	0.03596771663117672	-4.605147886789349	0.6401166694999736	-2.944783498721930	0.6468421202938480	-2.925863427649206	0.04219471303019093	-7.118355072670094
196501295864967.8	0.03536026266804552	-4.618417505354843	0.6423830212895937	-2.972846230668974	0.6488472542004402	-2.953887280203779	0.04247228214261037	-7.145992720725581
196454846538320.2	0.03475636944135372	-4.630700249183668	0.6446205828089168	-3.000910036974984	0.6508316549205861	-2.981905312745236	0.04275465817672399	-7.173715329077840
196408419166032.1	0.03415829737460666	-4.641950435458937	0.6468290291499782	-3.028973478140641	0.6527954980096413	-3.009917309869735	0.04304082498076797	-7.201572467161973
196362013732542.2	0.03356839651848725	-4.652125550969121	0.6490081207435558	-3.057035114703269	0.6547389601204223	-3.037923130229780	0.04332927116446868	-7.229608869957350
196315630222303.9	0.03298909566398085	-4.661187306731515	0.6511577047423087	-3.085093518945973	0.6566622118784157	-3.065922700936550	0.04361802493202863	-7.257862500522830
196269268619784.8	0.03242288884627623	-4.669102821786566	0.6532777156413860	-3.113147286558647	0.6585654116158588	-3.093916010419513	0.04390470558831140	-7.286362911040277
196222928909467.7	0.03187231891770025	-4.675845924327575	0.6553681751262481	-3.141195048153717	0.6604487001249804	-3.121903100072994	0.04418658947996205	-7.315129952247544
196176611075849.8	0.03133995790324895	-4.681398547524494	0.6574291911442648	-3.169235480541663	0.6623121965496557	-3.149884055044983	0.04446068765242976	-7.344172857940761
196130315103442.8	0.03082838391977606	-4.685752184364144	0.6594609562035433	-3.197267317672672	0.6641559954880026	-3.177858994523213	0.04472383220802850	-7.373489708985053
196084040976773.4	0.03034015455022750	-4.688909351058556	0.6614637449092515	-3.225289361152450	0.6659801653361346	-3.205828061882083	0.04497276823376910	-7.403067262049039
196037788680382.6	0.02987777671746017	-4.690884993042606	0.6634379107547299	-3.253300490245104	0.6677847478585516	-3.233791415030585	0.04520424820898077	-7.432881113466699
195991558198826.1	0.02944367330496133	-4.691707752703372	0.6653838821912510	-3.281299671277053	0.6695697589303273	-3.261749217279880	0.04541512596941150	-7.462896158875574
195945349516674.1	0.02904014701690567	-4.691421005859207	0.6673021580070834	-3.309285966362626	0.6713351903600967	-3.289701629011428	0.04560244755875194	-7.493067304554494
195899162618511.3	0.02866934224929616	-4.690083566981617	0.6691933020528548	-3.337258541375010	0.6730810126714796	-3.317648800387751	0.04576353660379571	-7.523340386092793
195852997488937.2	0.02833320603540747	-4.687769963831137	0.6710579373564026	-3.365216673092734	0.6748071786935987	-3.345590865296249	0.04589607217300379	-7.553653253222069
195806854112565.5	0.02803344940862952	-4.684570192549216	0.6728967395189703	-3.393159755216926	0.6765136277068773	-3.373527936385620	0.04599815756629542	-7.583936982963439
195760732474024.4	0.02777151074884984	-4.680588888062656	0.6747104301887072	-3.421087304346857	0.6782002903868327	-3.401460102650547	0.04606837778488883	-7.614117203130320
195714632557957.0	0.02754852283377970	-4.675943873706968	0.6764997693218897	-3.448998963756117	0.6798670935701783	-3.429387427079865	0.04610584602836810	-7.644115483975305
195668554349020.3	0.02736528532487228	-4.670764101884975	0.6782655474241992	-3.476894506716254	0.6815139653385396	-3.457309946505771	0.04611023697438834	-7.673850799925044
195622497831886.2	0.02722224430286833	-4.665187042698269	0.6800085774962963	-3.504773838768814	0.6831408400169904	-3.485227672917329	0.04608180650633796	-7.703241044523015
195576462991240.7	0.02711948019030834	-4.659355626398654	0.6817296866930438	-3.532636998831839	0.6847476628900324	-3.513140596034513	0.04602139737583444	-7.732204589353183
195530449811784.4	0.02705670498292094	-4.653414887423438	0.6834297078147235	-3.560484159193287	0.6863343945046996	-3.541048687091290	0.04593043034667582	-7.760661879157627
195484458278232.2	0.02703326919306808	-4.647508487083171	0.6851094707072077	-3.588315624385179	0.6879010144299510	-3.568951903674848	0.04581088059831370	-7.788537051966161
195438488375313.6	0.02704817833333350	-4.641775304226962	0.6867697936494874	-3.616131828943155	0.6894475243568922	-3.596850195429256	0.04566523937908502	-7.815759567477924
195392540087772.0	0.02710011820916092	-4.636346276599008	0.6884114748077083	-3.643933334065494	0.6909739504517725	-3.624743510433861	0.04549646116037776	-7.842265818679602
195346613400365.6	0.02718748779602691	-4.631341651106799	0.6900352838348299	-3.671720823196549	0.6924803448956639	-3.652631802046979	0.04530789686910575	-7.868000691198917
195300708297866.8	0.02730843810704984	-4.626868762640804	0.6916419536942119	-3.699495096569612	0.6939667865695612	-3.680515036008162	0.04510321417934542	-7.892919022986548
195254824765062.1	0.02746091523691881	-4.623020414166068	0.6932321727838060	-3.727257064754346	0.6954333808660697	-3.708393197589476	0.04488630632960727	-7.916986904806443
195208962786752.6	0.02764270571043032	-4.619873881976678	0.6948065774352669	-3.755007741264488	0.6968802586332677	-3.736266298603500	0.04466119149316867	-7.940182751327361
195163122347753.5	0.02785148234809480	-4.617490525111553	0.6963657448590089	-3.782748234289928	0.6983075742735388	-3.764134384071060	0.04443190534471405	-7.962498065323826
195117303432894.2	0.02808484906798989	-4.615915941538807	0.6979101866023721	-3.810479737627369	0.6997155030427024	-3.791997538383243	0.04420239009949219	-7.983937815765005
195071506027018.6	0.02834038332351243	-4.615180588220691	0.6994403425833482	-3.838203520891559	0.7011042376091770	-3.819855890795678	0.04397638389718772	-8.004520356408975
195025730114984.5	0.02861567519786546	-4.615300768230569	0.7009565757569094	-3.865920919096764	0.7024739839489368	-3.847709620118730	0.04375731489307709	-8.024276826415617
194979975681664.1	0.02890836249878622	-4.616279884633412	0.7024591674650074	-3.893633321704405	0.7038249566645441	-3.875558958485810	0.04354820472767405	-8.043249998943162
194934242711943.9	0.02921616149286068	-4.618109865815130	0.7039483135147365	-3.921342161239128	0.7051573738269844	-3.903404194099923	0.04335158609950571	-8.061492576843039
194888531190724.3	0.02953689317242595	-4.620772677832798	0.7054241210220650	-3.949048901579897	0.7064714514485760	-3.931245672887183	0.04316943890598320	-8.079064973977243
194842841102920.1	0.02986850514496702	-4.624241853625827	0.7068866060510518	-3.976755026034973	0.7077673977017586	-3.959083798999494	0.04300314881514394	-8.096032662471352
194797172433460.1	0.03020908938029363	-4.628483984425896	0.7083356920706085	-4.004462025313647	0.7090454070037514	-3.986919034137738	0.04285349119656139	-8.112463205501429
194751525167287.2	0.03055689614290261	-4.633460133790289	0.7097712092428377	-4.032171385506587	0.7103056540906924	-4.014751895686535	0.04272064212590387	-8.128423126920675
194705899289358.6	0.03091034448588384	-4.639127148240888	0.7111928945487324	-4.059884576187601	0.7115482882065476	-4.042582953674151	0.04260421677818176	-8.143974788832795
194660294784645.4	0.03126802969756765	-4.645438849915163	0.7126003927487373	-4.087603038746799	0.7127734275315931	-4.070412826594007	0.04250333406004808	-8.159173453435027
194614711638132.9	0.03162872808098827	-4.652347105715464	0.7139932581674828	-4.115328175062915	0.7139811539735527	-4.098242176148934	0.04241670493194558	-8.174064695597625
194569149834820.4	0.03199139941603447	-4.659802774214843	0.7153709572838842	-4.143061336618052	0.7151715084401234	-4.126071700996932	0.04234274065500915	-8.188682309548998
194523609359721.2	0.03235518741597994	-4.667756536290883	0.7167328721000014	-4.170803814152865	0.7163444867053289	-4.153902129603409	0.04227967625380776	-8.203046820373375
194478090197862.8	0.03271941844434872	-4.676159618417243	0.7180783042544352	-4.198556827953633	0.7175000359739472	-4.181734212323631	0.04222570386184706	-8.217164673549355
194432592334286.4	0.03308359871246729	-4.684964419080335	0.7194064798390891	-4.226321518856155	0.7186380522371947	-4.209568712859255	0.04217911031437813	-8.231028138249973
194387115754047.7	0.03344741013446941	-4.694125049236472	0.7207165548712623	-4.254098940042059	0.7197583784995016	-4.237406399249570	0.04213841333646142	-8.244615926517497
194341660442215.8	0.03381070497659276	-4.703597797377575	0.7220076213672033	-4.281890049696059	0.7208608039406705	-4.265248034575849	0.04210249088036118	-8.257894503150334
194296226383874.1	0.03417349940371701	-4.713341528875650	0.7232787139575888	-4.309695704581243	0.7219450640602312	-4.293094367569147	0.04207069852130193	-8.270820040827402
194250813564119.9	0.03453596599738777	-4.723318027989350	0.7245288169806523	-4.337516654582003	0.7230108418297014	-4.320946123320939	0.04204297025515322	-8.283340960608690
194205421968064.4	0.03489842529790011	-4.733492289467321	0.7257568719846199	-4.365353538252491	0.7240577698575035	-4.348803994302708	0.04201989850404905	-8.295400987101651
194160051580832.7	0.03526133640799265	-4.743832765126340	0.7269617855675751	-4.393206879398939	0.7250854335472152	-4.376668631902064	0.04200278960187456	-8.306942637128696
194114702387563.9	0.03562528668636042	-4.754311569243042	0.7281424374804076	-4.421077084714488	0.7260933752053047	-4.404540638678860	0.04199369150782958	-8.317911047393549
194069374373410.8	0.03599098055689157	-4.764904645158381	0.7292976889164707	-4.448964442474175	0.7270810990297014	-4.432420561536633	0.04199539102156052	-8.328258027718928
194024067523540.2	0.03635922746219715	-4.775591894188330	0.7304263909104453	-4.476869122288280	0.7280480768853027	-4.460308885990608	0.04201137841259359	-8.337946200494146
193978781823132.8	0.03673092899856854	-4.786357266828508	0.7315273927686723	-4.504791175903384	0.7289937547486484	-4.488206031694073	0.04204577821138087	-8.346953054575119
193933517257382.9	0.03710706528254426	-4.797188815364457	0.7325995504533312	-4.532730539029862	0.7299175596811429	-4.516112349359243	0.04210324602069355	-8.355274706118351
193888273811498.8	0.03748868061625276	-4.808078706399933	0.7336417348440715	-4.560687034167270	0.7308189071705828	-4.544028119179757	0.04218883265400629	-8.362929125655491
193843051470702.6	0.03787686853911722	-4.819023191494427	0.7346528398023725	-4.588660374390543	0.7316972086636140	-4.571953550827030	0.04230781870412167	-8.369958568688753
193797850220230.1	0.03827275637528819	-4.830022534081898	0.7356317899662606	-4.616650168051386	0.7325518790985807	-4.599888785051792	0.04246552472850555	-8.376430946363463
193752670045330.9	0.03867748940946902	-4.841080891146461	0.7365775482060684	-4.644655924344540	0.7333823442405589	-4.627833896883172	0.04266710445357746	-8.382439903102565
193707510931268.4	0.03909221484669360	-4.852206148717875	0.7374891226754033	-4.672677059679879	0.7341880476170578	-4.655788900371284	0.04291733049942600	-8.388103436015733
193662372863319.8	0.03951806573220439	-4.863409711103966	0.7383655733955730	-4.700712904796926	0.7349684568556935	-4.683753754773905	0.04322038378967392	-8.393560996724865
193617255826775.8	0.03995614502499563	-4.874706244875446	0.7392060183163536	-4.728762712554230	0.7357230692349722	-4.711728372044748	0.04357965870037958	-8.398969151755418
193572159806940.8	0.04040751003209288	-4.886113379868611	0.7400096388008057	-4.756825666319277	0.7364514162742650	-4.739712625434970	0.04399759583610262	-8.404496025744024
193527084789133.2	0.04087315741786363	-4.897651370817579	0.7407756844873319	-4.784900888883710	0.7371530672104911	-4.767706358981940	0.04447555295704159	-8.410314888863571
193482030758684.9	0.04135400900337598	-4.909342724602597	0.7415034774877977	-4.812987451823651	0.7378276312379765	-4.795709397622971	0.04501372207195612	-8.416597351095142
193436997700941.4	0.04185089856468178	-4.921211799375472	0.7421924158864946	-4.841084385223540	0.7384747584206495	-4.823721557643339	0.04561109732275340	-8.423506671298618
193391985601261.7	0.04236455982501092	-4.933284382938764	0.7428419765109546	-4.869190687679184	0.7390941392233388	-4.851742657146044	0.04626549445306716	-8.431191669084349
193346994445018.9	0.04289561581512338	-4.945587258638371	0.7434517169519970	-4.897305336495319	0.7396855026520105	-4.879772526219680	0.04697361888948493	-8.439781646316479
193302024217599.2	0.04344456974929323	-4.958147767579742	0.7440212768169588	-4.925427297992104	0.7402486130359509	-4.907811016477713	0.04773117625201628	-8.449382598952525
193257074904402.7	0.04401179753126692	-4.970993376191277	0.7445503782066111	-4.953555537833748	0.7407832655311566	-4.935858009649951	0.04853301680030039	-8.460074852691745
193212146490842.9	0.04459754196920551	-4.984151257992405	0.7450388254130407	-4.981689031294316	0.7412892804687644	-4.963913424927477	0.04937330407635148	-8.471912112615010
193167238962347.0	0.04520190873953922	-4.997647897887948	0.7454865038423976	-5.009826773375501	0.7417664967151689	-4.991977224791064	0.05024569779303401	-8.484921798082150
193122352304355.7	0.04582486410080581	-5.011508726450567	0.7458933781730748	-5.037967788692901	0.7422147642501133	-5.020049419093942	0.05114354165967519	-8.499106451852759
193077486502323.2	0.04646623432145117	-5.025757790507849	0.7462594897664716	-5.066111141048856	0.7426339362023234	-5.048130067219448	0.05206004806732552	-8.514445969996329
193032641541717.2	0.04712570674993499	-5.040417464991884	0.7465849533539081	-5.094255942612802	0.7430238606092544	-5.076219278192213	0.05298847309489188	-8.530900392581037
192987817408019.0	0.04780283242574456	-5.055508209547100	0.7468699530295450	-5.122401362631846	0.7433843721865508	-5.104317208686107	0.05392227689880492	-8.548413015754068
192943014086723.2	0.04849703010369795	-5.071048371856495	0.7471147375852202	-5.150546635598687	0.7437152844021844	-5.132424058941429	0.05485526603313733	-8.566913623433107
192898231563338.1	0.04920759154494384	-5.087054038176173	0.7473196152289179	-5.178691068806829	0.7440163821496567	-5.160540066675187	0.05578171550732201	-8.586321681895003
192853469823385.3	0.04993368791403414	-5.103538930197130	0.7474849477340698	-5.206834049227934	0.7442874153046281	-5.188665499139995	0.05669646938293494	-8.606549385590869
192808728852399.8	0.05067437711390248	-5.120514346128109	0.7476111440720448	-5.234975049650330	0.7445280934271389	-5.216800643554448	0.05759501944552681	-8.627504482545664
192764008635930.2	0.05142861188881053	-5.137989142910387	0.7476986535849505	-5.263113634023342	0.7447380818416609	-5.244945796192496	0.05847356199966338	-8.649092840042595
192719309159538.3	0.05219524852863497	-5.155969755688327	0.7477479587602227	-5.291249461957524	0.7449169992861099	-5.273101250474014	0.05932903317735371	-8.671220735108541
192674630408799.4	0.05297305601441290	-5.174460250107273	0.7477595676722625	-5.319382292337672	0.7450644172727660	-5.301267284444624	0.06015912337810551	-8.693796870007287
192629972369302.1	0.05376072545603260	-5.193462402706125	0.7477340061598068	-5.347511986010493	0.7451798612492274	-5.329444148065771	0.06096227162473570	-8.716734121636248
192585335026648.5	0.05455687968652785	-5.212975804548950	0.7476718098104455	-5.375638507518630	0.7452628135871591	-5.357632050758397	0.06173764076755450	-8.739951036879519
192540718366453.9	0.05536008289134331	-5.232997983307405	0.7475735158259321	-5.403761925856996	0.7453127183636035	-5.385831149646535	0.06248507463405156	-8.763373085116825
192496122374346.9	0.05616885016691954	-5.253524539222351	0.7474396548434905	-5.431882414237826	0.7453289878363527	-5.414041538940499	0.06320503842591985	-8.786933675706155
192451547035969.8	0.05698165691831785	-5.274549290692453	0.7472707427892831	-5.460000248857117	0.7453110104515815	-5.442263240872701	0.06389854392257785	-8.810574943663918
192406992336977.5	0.05779694802097232	-5.296064425651805	0.7470672728404438	-5.488115806665008	0.7452581601635210	-5.470496198561686	0.06456706136268189	-8.834248302132419
192362458263038.8	0.05861314668615453	-5.318060655352088	0.7468297075716738	-5.516229562149438	0.7451698067923914	-5.498740271124625	0.06521242023416457	-8.857914756531056
192317944799835.4	0.05942866298238104	-5.340527367644503	0.7465584713612945	-5.544342083152821	0.7450453271016915	-5.526995231294822	0.06583670159113417	-8.881544973335645
192273451933062.6	0.06024190197774120	-5.363452777340335	0.7462539431297930	-5.572454025748752	0.7448841162391215	-5.555260765722713	0.06644212490542588	-8.905119096789431
192228979648428.5	0.06105127147737247	-5.386824071685845	0.7459164494814741	-5.600566128214802	0.7446855991610697	-5.583536478055005	0.06703093281757583	-8.928626309842304
192184527931654.7	0.06185518934033440	-5.410627549434532	0.7455462583165045	-5.628679204146068	0.7444492416473889	-5.611821894795656	0.06760527743796479	-8.952064141260967
192140096768475.9	0.06265209036681348	-5.434848752380647	0.7451435729769782	-5.656794134761247	0.7441745605136273	-5.640116473858389	0.06816711202455999	-8.975437528852027
192095686144640.2	0.06344043275294725	-5.459472588580520	0.7447085269859102	-5.684911860462326	0.7438611326417330	-5.668419615628122	0.06871809189379002	-8.998757658471630
192051296045908.6	0.06421870411546698	-5.484483446786314	0.7442411794332444	-5.713033371713862	0.7435086024769716	-5.696730676256017	0.06925948827926308	-9.022040609054507
192006926458055.2	0.06498542709211333	-5.509865301879962	0.7437415110571022	-5.741159699317196	0.7431166876796568	-5.725048982831538	0.06979211852586784	-9.045305844204103
191962577366867.7	0.06573916452611071	-5.535601811306130	0.7432094210625594	-5.769291904157819	0.7426851826716174	-5.753373849996481	0.07031629549764125	-9.068574599792374
191918248758146.4	0.06647852424597708	-5.561676402679189	0.7426447247135570	-5.797431066512575	0.7422139598803877	-5.781704597506322	0.07083179840731689	-9.091868223493202
191873940617705.2	0.06720216345152059	-5.588072352872855	0.7420471517266994	-5.825578275004255	0.7417029685556880	-5.810040568192433	0.07133786648083612	-9.115206525425890
191829652931370.5	0.06790879271955788	-5.614772859002847	0.7414163454884535	-5.853734615298171	0.7411522311097023	-5.838381145749798	0.07183321600102109	-9.138606198716165
191785385684982.5	0.06859717964126759	-5.641761101793092	0.7407518631097980	-5.881901158634133	0.7405618370156334	-5.866725771757210	0.07231608038778112	-9.162079364823750
191741138864393.8	0.06926615210421534	-5.669020301853012	0.7400531763248532	-5.910078950292513	0.7399319343810994	-5.895073961347252	0.07278427212435164	-9.185632291414841
191696912455470.4	0.06991460123114787	-5.696533769438012	0.7393196732322854	-5.938268998090133	0.7392627193944522	-5.923425316961784	0.07323526458087626	-9.209264321201104
191652706444091.4	0.07054148398919120	-5.724284948237409	0.7385506608105781	-5.966472260992890	0.7385544239423284	-5.951779539714746	0.07366629108288249	-9.232967039992541
191608520816148.8	0.07114582547763428	-5.752257453814473	0.7377453682739065	-5.994689637959164	0.7378073017118669	-5.980136437869187	0.07407445826536692	-9.256723700578375
191564355557547.5	0.07172672088685572	-5.780435107466845	0.7369029517300693	-6.022921957186841	0.7370216130030349	-6.008495931740070	0.07445687093010821	-9.280508906537666
191520210654205.6	0.07228333719383159	-5.808801965339780	0.7360224985438268	-6.051169965571400	0.7361976092783911	-6.036858055676196	0.07481076293693786	-9.304288566020681
191476086092054.1	0.07281491453612493	-5.837342344194274	0.7351030332288945	-6.079434318810356	0.7353355172527951	-6.065222955879674	0.07513363279372073	-9.328020096747762
191431981857036.8	0.07332076730842593	-5.866040843831621	0.7341435238075862	-6.107715572038509	0.7344355233983962	-6.093590884567924	0.07542337915549006	-9.351652879680417
191387897935110.8	0.07380028498067152	-5.894882366736973	0.7331428888032779	-6.136014171112301	0.7334977592877533	-6.121962190418504	0.07567843304742121	-9.375128949784209
191343834312245.8	0.07425293264456563	-5.923852135376735	0.7321000048108075	-6.164330444612403	0.7325222882639819	-6.150337305472951	0.07589788350070763	-9.398383914972575
191299790974424.5	0.07467825129343435	-5.952935707546450	0.7310137145849386	-6.192664596628283	0.7315090938929564	-6.178716728792812	0.07608159341990481	-9.421348096904445
191255767907642.8	0.07507585784102232	-5.982118990129493	0.7298828355829325	-6.221016700379877	0.7304580706048295	-6.207101007267174	0.07623030260097484	-9.443947890417398
191211765097908.9	0.07544544488360534	-6.011388251592635	0.7287061688935794	-6.249386692726009	0.7293690168694955	-6.235490714071129	0.07634571487664223	-9.466107341040587
191167782531244.4	0.07578678020991406	-6.040730133526049	0.7274825084820340	-6.277774369600257	0.7282416311783146	-6.263886425351732	0.07643056637752492	-9.487749941169382
191123820193683.6	0.07609970606256596	-6.070131661481518	0.7262106506774998	-6.306179382408778	0.7270755110178294	-6.292288695790006	0.07648867187518187	-9.508800643955468
191079878071273.5	0.07638413815527792	-6.099580255356090	0.7248894038290866	-6.334601235416221	0.7258701549325619	-6.320698033724176	0.07652494614363888	-9.529188088625787
191035956150074.1	0.07664006444902553	-6.129063739516354	0.7235175980540685	-6.363039284138772	0.7246249676770021	-6.349114876550876	0.07654539728302420	-9.548847020749102
190992054416158.1	0.07686754369151221	-6.158570352850027	0.7220940950023743	-6.391492734756413	0.7233392683620615	-6.377539567112787	0.07655708905385021	-9.567720875129812
190948172855611.2	0.07706670372349708	-6.188088758891245	0.7206177975612648	-6.419960644549135	0.7220123014074528	-6.405972331766330	0.07656806954944796	-9.585764467240097
190904311454531.5	0.07723773955587115	-6.217608056142432	0.7190876594249297	-6.448441923355246	0.7206432500225353	-6.434413260774245	0.07658726407436578	-9.602946711906974
190860470199030.4	0.07738091122235868	-6.247117788691817	0.7175026944550227	-6.476935336043544	0.7192312518590118	-6.462862291603615	0.07662433098543517	-9.619253257005171
190816649075231.5	0.07749654141210470	-6.276607957197696	0.7158619857599542	-6.505439505985636	0.7177754164096370	-6.491319195628471	0.07668948056235701	-9.634688888253994
190772848069271.6	0.07758501288767125	-6.306069030284679	0.7141646944231529	-6.533952919507819	0.7162748436711696	-6.519783568632129	0.07679325874228515	-9.649279533521598
190729067167299.9	0.07764676569430887	-6.335491956374944	0.7124100678131956	-6.562473931298054	0.7147286435498185	-6.548254825395381	0.07694629975309325	-9.663073677303615
190685306355478.5	0.07768229416687396	-6.364868175950078	0.7105974474118760	-6.591000770738275	0.7131359554631873	-6.576732198533888	0.07715905420322500	-9.676142994910339
190641565619982.2	0.07769214374190357	-6.394189634214996	0.7087262760999526	-6.619531549126782	0.7114959675862449	-6.605214741619587	0.07744150182390576	-9.688582037429637
190597844946998.3	0.07767690758301417	-6.423448794112691	0.7067961048440847	-6.648064267753207	0.7098079352000577	-6.633701336494862	0.07780286050811944	-9.700506846505576
190554144322726.9	0.07763722302885753	-6.452638649611481	0.7048065987327427	-6.676596826782992	0.7080711976300522	-6.662190704559620	0.07825130518139256	-9.712052452107802
190510463733380.9	0.07757376787387642	-6.481752739164687	0.7027575423133626	-6.705127034905836	0.7062851933059296	-6.690681421695942	0.07879371099548831	-9.723369301141661
190466803165185.5	0.07748725649338467	-6.510785159218017	0.7006488441876423	-6.733652619698776	0.7044494725349311	-6.719171936382251	0.07943543505266328	-9.734618768834753
190423162604378.8	0.07737843582578416	-6.539730577618669	0.6984805408269402	-6.762171238651619	0.7025637076533363	-6.747660590455888	0.08018014919290231	-9.745968003106428
190379542037211.4	0.07724808122569152	-6.568584246753591	0.6962527995746628	-6.790680490799824	0.7006277003043172	-6.776145641907607	0.08102973337117811	-9.757584428192825
190335941449946.6	0.07709699220370116	-6.597342016230782	0.6939659208079607	-6.819177928906193	0.6986413856829174	-6.804625289026552	0.08198423510658356	-9.769630273906159
190292360828860.0	0.07692598806945677	-6.626000344892514	0.6916203392362504	-6.847661072131465	0.6966048336847283	-6.833097695182265	0.08304189587968359	-9.782257493457902
190248800160240.1	0.07673590349635563	-6.654556311932303	0.6892166243197358	-6.876127419129687	0.6945182469933004	-6.861561013513113	0.08419924076585096	-9.795603386377557
190205259430387.8	0.07652758402788327	-6.683007626877509	0.6867554797965739	-6.904574461502875	0.6923819562390343	-6.890013410795410	0.08545122358046753	-9.809787162361607
190161738625616.5	0.07630188154648641	-6.711352638182400	0.6842377423129911	-6.932999697545974	0.6901964124537875	-6.918453089804989	0.08679141681015493	-9.824907581260799
190118237732252.2	0.07605964972715638	-6.739590340347994	0.6816643788623946	-6.961400646270667	0.6879621771989394	-6.946878310170634	0.08821223343176779	-9.841041702935897
190074756736633.5	0.07580173950190358	-6.767720378490663	0.6790364844383984	-6.989774861356271	0.6856799104150840	-6.975287404138102	0.08970516962780964	-9.858244672866947
190031295625111.2	0.07552899455953488	-6.795743051531798	0.6763552773315716	-7.018119945448060	0.6833503570687458	-7.003678792249749	0.09126105240712194	-9.876550433627614
189987854384048.8	0.07524224690415356	-6.823659312579077	0.6736220943033545	-7.046433564313311	0.6809743325278864	-7.032050993961006	0.09287028432808016	-9.895973165511005
189944432999822.2	0.07494231250345423	-6.851470766595124	0.6708383849209590	-7.074713460898982	0.6785527073800677	-7.060402634421354	0.09452307531839235	-9.916509267256895
189901031458819.9	0.07462998705340908	-6.879179665180492	0.6680057050074216	-7.102957469224927	0.6760863922371335	-7.088732447487741	0.09620965462994788	-9.938139685822144
189857649747442.7	0.07430604188805560	-6.906788898217767	0.6651257093156391	-7.131163528011094	0.6735763230319304	-7.117039274824820	0.09792045824769484	-9.960832422369808
189814287852103.8	0.07397122006328695	-6.934301982190386	0.6622001434664859	-7.159329693949305	0.6710234473063029	-7.145322061238468	0.09964628880914408	-9.984545071165755
189770945759228.7	0.07362623264317901	-6.961723045027659	0.6592308351966587	-7.187454154527262	0.6684287119496106	-7.173579846520511	0.1013784466214855	-10.00922728042559
189727623455255.7	0.07327175521724513	-6.989056807358966	0.6562196849672621	-7.215535240311286	0.6657930527900028	-7.201811754198842	0.1031088315586950	-10.03482305564724
189684320926635.0	0.07290842467594262	-7.016308560112488	0.6531686559893205	-7.243571436593414	0.6631173863717268	-7.230016977703114	0.1048300165040542	-10.06127285378919
189641038159829.6	0.07253683627075556	-7.043484138437019	0.6500797637276261	-7.271561394305920	0.6604026041707709	-7.258194764546513	0.1065352936229916	-10.08851543938641
189597775141314.6	0.07215754098354640	-7.070589891978017	0.6469550649489156	-7.299503940108528	0.6576495694116664	-7.286344399198787	0.1082186951675194	-10.11648949099002
189554531857577.3	0.07177104322765970	-7.097632651596538	0.6437966463850811	-7.327398085551666	0.6548591165541090	-7.314465185382959	0.1098749907856002	-10.14513495852806
189511308295117.7	0.07137779890128311	-7.124619692672623	0.6406066130862546	-7.355243035222358	0.6520320534205091	-7.342556428555078	0.1114996634889787	-10.17439418008333
189468104440447.8	0.07097821381054632	-7.151558695192338	0.6373870765423897	-7.383038193780938	0.6491691658396084	-7.370617419334828	0.1130888665620680	-10.20421277109701
189424920280092.2	0.07057264247669004	-7.178457700875803	0.6341401426555064	-7.410783171799658	0.6462712245892903	-7.398647418638160	0.1146393638015752	-10.23454030106701
189381755800587.4	0.07016138733848740	-7.205325067650499	0.6308678996475757	-7.438477790319329	0.6433389943362977	-7.426645645214590	0.1161484555791237	-10.26533077325719
189338610988482.5	0.06974469835721114	-7.232169421828774	0.6275724059914117	-7.466122084045832	0.6403732441950798	-7.454611266231742	0.1176138933248168	-10.29654292246783
189295485830338.6	0.06932277302765660	-7.258999608390135	0.6242556784538311	-7.493716303114395	0.6373747594649469	-7.482543391460022	0.1190337851373097	-10.32814034507473
189252380312729.3	0.06889575679468576	-7.285824639803882	0.6209196803413578	-7.521260913358579	0.6343443540553184	-7.510441071501129	0.1204064953287488	-10.36009147471824
189209294422240.2	0.06846374387088880	-7.312653643861221	0.6175663100392996	-7.548756595029888	0.6312828830755750	-7.538303300386393	0.1217305407989841	-10.39236941645366
189166228145469.2	0.06802677844621062	-7.339495811008868	0.6141973899346109	-7.576204239924238	0.6281912550497543	-7.566129022735960	0.1230044871891960	-10.42495165198732
189123181469026.5	0.06758485627750462	-7.366360341675691	0.6108146558120925	-7.603604946883959	0.6250704432156499	-7.593917145518952	0.1242268477759409	-10.45781962883451
189080154379534.4	0.06713792660572759	-7.393256394768787	0.6074197464882654	-7.630960015817088	0.6219214952905667	-7.621666555709577	0.1253959875429091	-10.49095825169247
189037146863627.2	0.06668589455089700	-7.420193034604843	0.6040141953736941	-7.658270939439745	0.6187455416745050	-7.649376136765139	0.1265100376078244	-10.52435526605232
188994158907951.6	0.06622862363436817	-7.447179183029247	0.6005994208689858	-7.685539394295606	0.6155438007957978	-7.677044796861836	0.1275668179066848	-10.55800059621203
188951190499166.4	0.06576593871195777	-7.474223571165020	0.5971767187753405	-7.712767229586117	0.6123175820170209	-7.704671495496854	0.1285637750987015	-10.59188560775044
188908241623942.4	0.06529762914657507	-7.501334694011677	0.5937472553192569	-7.739956454551605	0.6090682854548052	-7.732255273816655	0.1294979355231066	-10.62600233188061
188865312268962.8	0.06482345221119537	-7.528520767832964	0.5903120610994497	-7.767109224346876	0.6057973985554538	-7.759795286940898	0.1303658752031539	-10.66034266427185
188822402420922.4	0.06434313669085320	-7.555789690648689	0.5868720260318613	-7.794227824477354	0.6025064893153530	-7.787290837359450	0.1311637081259037	-10.69489755357260
188779512066528.7	0.06385638664954042	-7.583149006109354	0.5834278953436587	-7.821314653884492	0.5991971961286098	-7.814741408472057	0.1318870935443154	-10.72965619400683
188736641192500.8	0.06336288532666703	-7.610605871005753	0.5799802666583542	-7.848372206785785	0.5958712143451307	-7.842146697313003	0.1325312625890944	-10.76460523474937
188693789785570.1	0.06286229912787286	-7.638167026589690	0.5765295882056382	-7.875403053388425	0.5925302797224329	-7.869506645464445	0.1330910640354645	-10.79972801663480
188650957832480.0	0.06235428167508399	-7.665838773838321	0.5730761581799603	-7.902409819609013	0.5891761490506782	-7.896821467174522	0.1335610286647419	-10.83500384424851
188608145319985.9	0.06183847788111128	-7.693626952738907	0.5696201252621376	-7.929395165944706	0.5858105783194991	-7.924091673730120	0.1339354513085195	-10.87040729874411
188565352234855.2	0.06131452801540437	-7.721536925613687	0.5661614903083928	-7.956361765649740	0.5824352988775119	-7.951318093184827	0.1342084893773511	-10.90590759400165
188522578563867.3	0.06078207172882738	-7.749573564464063	0.5627001092008334	-7.983312282382480	0.5790519921045536	-7.978501884634036	0.1343742764642496	-10.94146797618787
188479824293813.8	0.06024075200692282	-7.777741242261680	0.5592356968434385	-8.010249347492392	0.5756622631736501	-8.005644546335400	0.1344270494791357	-10.97704516457414
188437089411498.0	0.05969021902342573	-7.806043828074786	0.5557678322773394	-8.037175537123327	0.5722676145229065	-8.032747917100080	0.1343612877124859	-11.01258882980601
188394373903735.2	0.05913013386767785	-7.834484685890117	0.5522959648795452	-8.064093349309939	0.5688694196822519	-8.059814170541888	0.1341718622390058	-11.04804110485669
188351677757352.9	0.05856017212200556	-7.863066676955317	0.5488194215996043	-8.091005181246334	0.5654688981104480	-8.086845801931277	0.1338541941459041	-11.08333612381822
188309000959190.3	0.05798002726769867	-7.891792165445745	0.5453374151799463	-8.117913306902974	0.5620670916875538	-8.113845607585983	0.1334044201927221	-11.11839958465452
188266343496098.7	0.05738941386243930	-7.920663027743389	0.5418490531722979	-8.144819855266007	0.5586648433068290	-8.140816657841507	0.1328195645340714	-11.15314833748046
188223705354941.0	0.05678807061775253	-7.949680663204675	0.5383533481701045	-8.171726788975924	0.5552627788035467	-8.167762260371138	0.1320977159680801	-11.18748998817228
188181086522592.3	0.05617576320885333	-7.978846008264822	0.5348492286105870	-8.198635883956760	0.5518612920557963	-8.194685918255104	0.1312382091499348	-11.22132253846062
188138486985939.6	0.05555228673846069	-8.008159554417841	0.5313355499305664	-8.225548710331209	0.5484605333545748	-8.221591284844529	0.1302418089241388	-11.25453408279222
188095906731881.5	0.05491746809608326	-8.037621366657742	0.5278111067667068	-8.252466614112777	0.5450604025667095	-8.248482110348291	0.1291108978424505	-11.28700256735843
188053345747328.7	0.05427116802791496	-8.067231104481355	0.5242746455191657	-8.279390700276931	0.5416605465271153	-8.275362185438581	0.1278496654623990	-11.31859566614810
188010804019203.7	0.05361328295529972	-8.096988044704297	0.5207248773275439	-8.306321817210954	0.5382603610029355	-8.302235281945860	0.1264642985738860	-11.34917082818113
187968281534440.7	0.05294374653973315	-8.126891105912266	0.5171604913608508	-8.333260542644149	0.5348589972683513	-8.329105091836215	0.1249631708658041	-11.37857557623672
187925778279985.9	0.05226253099382501	-8.156938874381941	0.5135801683218646	-8.360207171146834	0.5314553732143454	-8.355975165717840	0.1233570297233749	-11.40664816503293
187883294242797.2	0.05156964813953784	-8.187129631347297	0.5099825940659652	-8.387161703271804	0.5280481888067685	-8.382848852151177	0.1216591765646101	-11.43321873946653
187840829409844.3	0.05086515021672721	-8.217461381498559	0.5063664732349504	-8.414123836399421	0.5246359456004703	-8.409729239008955	0.1198856352445174	-11.45811117006271
187798383768108.7	0.05014913044628614	-8.247931882632985	0.5027305428077076	-8.441092957334426	0.5212169699187229	-8.436619098082581	0.1180553004365046	-11.48114578024835
187755957304583.6	0.04942172335335641	-8.278538676411369	0.4990735854718208	-8.468068136689803	0.5177894392205336	-8.463520834046243	0.1161900544227671	-11.50214321256647
187713550006274.0	0.04868310485738128	-8.309279120199658	0.4953944427228744	-8.495048125082223	0.5143514111070987	-8.490436438765006	0.1143148363466884	-11.52092969834759
187671161860196.7	0.04793349213681531	-8.340150420008454	0.4916920276018606	-8.522031351152860	0.5109008543624699	-8.517367451787205	0.1124576428221324	-11.53734398194958
187628792853380.2	0.04717314327664723	-8.371149664583024	0.4879653369848993	-8.549015921418549	0.5074356813845844	-8.544314927700713	0.1106494332702808	-11.55124608463892
187586442972864.5	0.04640235670832021	-8.402273860729334	0.4842134633441207	-8.575999621949416	0.5039537813443734	-8.571279410843985	0.1089239083273950	-11.56252794789266
187544112205701.7	0.04562147038417039	-8.433519970736512	0.4804356058032158	-8.602979921992349	0.5004530530349142	-8.598260918930661	0.1073171265424123	-11.57112574983863
187501800538955.2	0.04483086097709552	-8.464884948963597	0.4766310808450631	-8.629953978984137	0.4969314383114987	-8.625258930425989	0.1058669259029425	-11.57703329240379
187459507959700.2	0.04403094272226277	-8.496365782170553	0.4727993319740321	-8.656918645709569	0.4933869533588816	-8.652272383103037	0.1046121238553182	-11.58031542623421
187417234455023.8	0.04322216603254835	-8.527959532472185	0.4689399385125942	-8.683870479322032	0.4898177178470471	-8.679299681080138	0.1035914868547639	-11.58111992034878
187374980012024.4	0.04240501610854735	-8.559663380910791	0.4650526237601771	-8.710805751816800	0.4862219826646113	-8.706338706090825	0.1028424879722003	-11.57968573796713
187332744617812.1	0.04158001135230726	-8.591474674239905	0.4611372621620481	-8.737720462320247	0.4825981546803277	-8.733386836224735	0.1023999073404580	-11.57634553721874
187290528259508.8	0.04074770164970516	-8.623390974734329	0.4571938855274195	-8.764610351066230	0.4789448184824679	-8.760440970456827	0.1022943709060592	-11.57152048952454
187248330924247.8	0.03990866653348604	-8.655410113483295	0.4532226882583604	-8.791470915037236	0.4752607548393498	-8.787497558187653	0.1025509578013704	-11.56570638709220
187206152599174.1	0.03906351323876549	-8.687530247713019	0.4492240315566856	-8.818297425246410	0.4715449557111552	-8.814552632963739	0.1031880243528286	-11.55945140793669
187163993271444.3	0.03821287466329424	-8.719749922746589	0.4451984465809108	-8.845084945640115	0.4677966357320810	-8.841601849493687	0.1042163835257257	-11.55332753326670
187121852928226.6	0.03735740724477528	-8.752068139298384	0.4411466365306188	-8.871828353601208	0.4640152401656897	-8.868640523060982	0.1056389395102495	-11.54789900127740
187079731556700.5	0.03649778876750377	-8.784484426903198	0.4370694776404169	-8.898522362033898	0.4602004494149640	-8.895663670443533	0.1074508148839593	-11.54369186925660
187037629144057.4	0.03563471611106375	-8.816998924385114	0.4329680190702674	-8.925161543012765	0.4563521802418227	-8.922666051472094	0.1096399374095554	-11.54116849561125
186995545677500.0	0.03476890295408611	-8.849612468396721	0.4288434816837545	-8.951740352976627	0.4524705839149077	-8.949642210404594	0.1121879929571190	-11.54070963952115
186953481144242.6	0.03390107744594802	-8.882326691217930	0.4246972557100420	-8.978253159448370	0.4485560415568718	-8.976586516364073	0.1150716140922613	-11.54260529615260
186911435531510.8	0.03303197980438143	-8.915144129775111	0.4205308972487994	-9.004694269331946	0.4446091566548224	-9.003493203054559	0.1182636655431067	-11.54705383511883
186869408826542.1	0.03216236004128998	-8.948068345349409	0.4163461237687377	-9.031057958496923	0.4406307462709591	-9.030356404083598	0.1217345045364776	-11.55416785911067
186827401016585.1	0.03129297572583497	-8.981104056843822	0.4121448085040816	-9.057338502791708	0.4366218306987439	-9.057170185190683	0.1254531252288976	-11.56398466020405
186785412088900.0	0.03042458945599525	-9.014257293575607	0.4079289735406471	-9.083530210867352	0.4325836197193362	-9.083928578457254	0.1293881323953624	-11.57647913972691
186743442030758.5	0.02955796667550992	-9.047535562957320	0.4037007820553219	-9.109627457934980	0.4285174998103590	-9.110625608175809	0.1335085232297432	-11.59157735128510
186701490829443.7	0.02869387346121832	-9.080948040148151	0.3994625294363377	-9.135624720923397	0.4244250202126946	-9.137255314585561	0.1377842793746082	-11.60916938190675
186659558472250.0	0.02783307438931060	-9.114505781787768	0.3952166333799161	-9.161516614828541	0.4203078787953246	-9.163811773944373	0.1421867873508889	-11.62912077176143
186617644946483.4	0.02697633050115327	-9.148221967425190	0.3909656229950047	-9.187297930149018	0.4161679080746054	-9.190289114987714	0.1466891130398622	-11.65128210257679
186575750239461.2	0.02612439739172805	-9.182112172823651	0.3867121269525349	-9.212963671281031	0.4120070617162836	-9.216681531939766	0.1512661577191016	-11.67549669066351
186533874338512.2	0.02527802344626875	-9.216194680001220	0.3824588607216080	-9.238509095717987	0.4078274018141650	-9.242983294355772	0.1558947214281194	-11.70160651147215
186492017230976.4	0.02443794825384170	-9.250490829674431	0.3782086129405529	-9.263929753872848	0.4036310871982499	-9.269188754193692	0.1605534959045927	-11.72945658173963
186450178904205.2	0.02360490123061101	-9.285025422695597	0.3739642309772921	-9.289221529308398	0.3994203629798999	-9.295292350619277	0.1652230052163060	-11.75889805996066
186408359345561.5	0.02277960049018161	-9.319827178169955	0.3697286057399844	-9.314380679128103	0.3951975514914705	-9.321288613154083	0.1698855082607349	-11.78979032057464
186366558542419.3	0.02196275200411889	-9.354929257267051	0.3655046558062247	-9.339403874241651	0.3909650447226162	-9.347172163895923	0.1745248738890293	-11.82200223045406
186324776482164.2	0.02115504902602738	-9.390369864186837	0.3612953109222157	-9.364288239227122	0.3867252977406151	-9.372937720681367	0.1791264366948764	-11.85541282336054
186283013152192.9	0.02035717214392310	-9.426192932395718	0.3571034950574432	-9.389031391247229	0.3824808252956274	-9.398580097729042	0.1836768393423092	-11.88991151742747
186241268539913.3	0.01956978965239274	-9.462448915103295	0.3529321089670739	-9.413631477890952	0.3782341988480681	-9.424094210197794	0.1881638658707232	-11.92539801195815
186199542632745.0	0.01879355831139512	-9.499195696909450	0.3487840123847428	-9.438087213433576	0.3739880437025890	-9.449475083693521	0.1925762695912765	-11.96178195668647
186157835418118.5	0.01802912498828495	-9.536499639639169	0.3446620060680867	-9.462397912871127	0.3697450390024088	-9.474717864186832	0.1969035981745654	-11.99898244930250
186116146883475.6	0.01727712898258928	-9.574436787849677	0.3405688137135582	-9.486563523408236	0.3655079180421637	-9.499817833870821	0.2011360184574130	-12.03692742362188
186074477016269.5	0.01653820524956996	-9.613094256523452	0.3365070638925296	-9.510584652833641	0.3612794691654437	-9.524770432875641	0.2052641432152279	-12.07555296242934
186032825803964.5	0.01581298868680252	-9.652571826443776	0.3324792721421440	-9.534462594247984	0.3570625368988229	-9.549571287826073	0.2092788621006293	-12.11480256127452
185991193234036.2	0.01510211967939269	-9.692983773707189	0.3284878233516189	-9.558199346600759	0.3528600229311669	-9.574216248156215	0.2131711789527513	-12.15462636178785
185949579293971.4	0.01440625113657484	-9.734460958759458	0.3245349545909572	-9.581797630495039	0.3486748865139672	-9.598701430980752	0.2169320577061668	-12.19498036759098
185907983971268.1	0.01372605729463697	-9.777153195666127	0.3206227385343847	-9.605260898730702	0.3445101438336780	-9.623023275167842	0.2205522791426446	-12.23582565203054
185866407253435.4	0.01306224460681661	-9.821231911516014	0.3167530676343518	-9.628593341084429	0.3403688658908758	-9.647178605066891	0.2240223107123312	-12.27712756430115
185824849127993.6	0.01241556508782064	-9.866893084852739	0.3129276392041861	-9.651799882861983	0.3362541744189251	-9.671164704101450	0.2273321915898044	-12.31885493865128
185783309582474.3	0.01178683243032252	-9.914360417226588	0.3091479415658958	-9.674886176739996	0.3321692346309273	-9.694979399163316	0.2304714352609754	-12.36097931269461
185741788604420.2	0.01117694172129650	-9.963888616659862	0.3054152414307261	-9.697858587834215	0.3281172476116659	-9.718621150981713	0.2334289505327816	-12.40347414520260
185700286181384.8	0.01058689255550180	-10.01576659444076	0.3017305726341305	-9.720724171365758	0.3241014369476021	-9.742089156746664	0.2361929841150154	-12.44631405313803
185658802300933.3	0.01001781618088003	-10.07032019689582	0.2980947264001924	-9.743490642844714	0.3201250317591076	-9.765383459976992	0.2387510856263607	-12.48947405829130
185617336950641.5	0.009471006902175057	-10.12791385265258	0.2945082432588453	-9.766166340898529	0.3161912470891010	-9.788505064614702	0.2410900957271241	-12.53292883844060
185575890118096.6	0.008947957146824148	-10.18895017421511	0.2909714067336407	-9.788760182626545	0.3123032597126155	-9.811456053594695	0.2431961588729592	-12.57665198688564
185534461790896.7	0.008450395027912625	-10.25386605797692	0.2874842389080717	-9.811281611689331	0.3084641797693876	-9.834239708646022	0.2450547612216990	-12.62061527453890
185493051956651.1	0.007980321780047398	-10.32312320452430	0.2840464979581058	-9.833740539425149	0.3046770182381183	-9.856860628294779	0.2466507941454545	-12.66478790872839
185451660602980.2	0.007540044282055255	-10.39719028332460	0.2806576777182683	-9.856147279408802	0.3009446504018821	-9.879324840595952	0.2479686436116416	-12.70913578072672
185410287717515.2	0.007132194802048442	-10.47651339066681	0.2773170093259176	-9.878512475988986	0.2972697755961516	-9.901639906719785	0.2489923055651495	-12.75362069157015
185368933287898.7	0.006759726199653641	-10.56147142684792	0.2740234649644302	-9.900847027452521	0.2936548736817918	-9.923815011190754	0.2497055273848538	-12.79819954292632
185327597301784.0	0.006425866780070711	-10.65231429453402	0.2707757637005906	-9.923162004564803	0.2901021588423096	-9.945861034363968	0.2500919755179516	-12.84282347655461
185286279746835.4	0.006134016491444573	-10.74908539939936	0.2675723794026401	-9.945468565118219	0.2866135308209048	-9.967790603055029	0.2501354298821873	-12.88743694403788
185244980610728.6	0.005887568715856032	-10.85153654592476	0.2644115506168822	-9.967777866175862	0.2831905271031745	-9.989618113119246	0.2498200041615562	-12.93197667481429
185203699881149.8	0.005689652176729509	-10.95905257913063	0.2612912923952460	-9.990100974053782	0.2798342737446119	-10.01135972243513	0.2491303946338345	-12.97637052299310
185162437545796.6	0.005542809802396836	-11.07061158104248	0.2582094099795983	-10.01244877290399	0.2765454362758727	-10.03303330986674	0.2480521590769003	-13.02053615643951
185121193592377.2	0.005448661369330222	-11.18480780417416	0.2551635141253185	-10.03483187390655	0.2733241749176570	-10.05465839559017	0.2465720264595840	-13.06437953767478
185079968008610.9	0.005407622034768536	-11.29995257799061	0.2521510379790918	-10.05726052525809	0.2701701029732814	-10.07625602231323	0.2446782422684018	-13.10779315348290
185038760782227.9	0.005418753496322408	-11.41424297658344	0.2491692553279626	-10.07974452405323	0.2670822503639946	-10.09784859595363	0.2423609541710882	-13.15065393209859
184997571900969.5	0.005479796321777899	-11.52596019446894	0.2462153000375699	-10.10229313090183	0.2640590336210708	-10.11945968602301	0.2396126450159316	-13.19282077846746
184956401352587.7	0.005587379269509788	-11.63364606932646	0.2432861864860552	-10.12491498803893	0.2610982335722073	-10.14111378730252	0.2364286227243386	-13.23413164734654
184915249124845.5	0.005737349632659539	-11.73621619309653	0.2403788307924496	-10.14761804157938	0.2581969818305329	-10.16283604576913	0.2328075799313665	-13.27440006392764
184874115205516.7	0.005925143102439855	-11.83299472123104	0.2374900726343525	-10.17040946845126	0.2553517570150125	-10.18465195306826	0.2287522404390994	-13.31341099462145
184832999582386.1	0.006146119518022568	-11.92368279683994	0.2346166974538901	-10.19329560835466	0.2525583913125185	-10.20658701502815	0.2242701149188732	-13.35091597143925
184791902243249.3	0.006395819975083914	-12.00828692527085	0.2317554588816929	-10.21628190058740	0.2498120872131638	-10.22866640050864	0.2193743952166979	-13.38662739115141
184750823175912.7	0.006670132740630950	-12.08703390964931	0.2289031009521130	-10.23937282884425	0.2471074491184603	-10.25091457922952	0.2140850208391464	-13.42021194459451
184709762368193.6	0.006965377681739137	-12.16029137838347	0.2260563804243506	-10.26257186758518	0.2444385195980744	-10.27335495385713	0.2084299701315055	-13.45128327025106
184668719807920.2	0.007278329522516435	-12.22850316994794	0.2232120885148381	-10.28588143639819	0.2417988304609821	-10.29600949633747	0.2024468231991129	-13.47939407460350
184627695482931.4	0.007606201008319280	-12.29214199289780	0.2203670721425718	-10.30930285879248	0.2391814624449201	-10.31889839516882	0.1961846611148007	-13.50402836559076
184586689381076.9	0.007946603551691680	-12.35167763110808	0.2175182544888573	-10.33283632570014	0.2365791136535257	-10.34203972069466	0.1897063606532606	-13.52459505909217
184545701490217.4	0.008297497919286948	-12.40755741371538	0.2146626547423660	-10.35648086319951	0.2339841755317090	-10.36544911446684	0.1830913269349831	-13.54042525976147
184504731798224.0	0.008657142987793734	-12.46019554410847	0.2117974069187286	-10.38023430387567	0.2313888149977950	-10.38913950752640	0.1764386548596817	-13.55077713215297
184463780292978.9	0.009024047162673526	-12.50996840580482	0.2089197776619375	-10.40409326114995	0.2287850612321090	-10.41312087109150	0.1698705967755224	-13.55485458509836
184422846962374.9	0.009396924727773225	-12.55721365902878	0.2060271829533450	-10.42805310583795	0.2261648955600271	-10.43740000168573	0.1635359981088970	-13.55184884305562
184381931794315.6	0.009774657951179815	-12.60223158644454	0.2031172036877153	-10.45210794387330	0.2235203426331848	-10.46198034092534	0.1576130001058879	-13.54101449752964
184341034776715.3	0.01015626494631859	-12.64528764969383	0.2001876000588260	-10.47625059461217	0.2208435617021941	-10.48686182934754	0.1523097821018380	-13.52179146328997
184300155897499.1	0.01054087285427527	-12.68661557525447	0.1972363245984501	-10.50047257126297	0.2181269384907927	-10.51204079530254	0.1478615140994262	-13.49397692792981
184259295144602.7	0.01092769578141154	-12.72642063273921	0.1942615342857498	-10.52476405523167	0.2153631701583250	-10.53750986642099	0.1445213395851007	-13.45793127758304
184218452505972.5	0.01131601680055756	-12.76488278857373	0.1912616012389797	-10.54911387179793	0.2125453496673114	-10.56325790967150	0.1425437058818341	-13.41476747064244
184177627969565.7	0.01170517342040231	-12.80215965754639	0.1882351222841196	-10.57350946164900	0.2096670445229023	-10.58926998967157	0.1421604248668621	-13.36643750585756
184136821523350.0	0.01209454595958005	-12.83838918548748	0.1851809273797379	-10.59793684818702	0.2067223700101909	-10.61552734091494	0.1435534136287828	-13.31562543436960
184096033155304.0	0.01248354833865144	-12.87369204706602	0.1820980869461049	-10.62238059957061	0.2037060563765820	-10.64200734824084	0.1468314754198398	-13.26541705714464
184055262853416.7	0.01287162087460114	-12.90817376569808	0.1789859181572977	-10.64682378442591	0.2006135095915555	-10.66868352983379	0.1520188721479325	-13.21882826321022
184014510605687.8	0.01325822472795610	-12.94192657463029	0.1758439902646105	-10.67124792013305	0.1974408654867396	-10.69552551717877	0.1590593729043296	-13.17835898873957
183973776400127.9	0.01364283771003300	-12.97503104367796	0.1726721290285457	-10.69563291256247	0.1941850372303189	-10.72249902667892	0.1678331632837438	-13.14572368963551
183933060224757.8	0.01402495120365397	-13.00755750349968	0.1694704204062805	-10.71995698451792	0.1908437554697421	-10.74956581558159	0.1781797108492724	-13.12180676413803
183892362067609.1	0.01440406800853739	-13.03956726378629	0.1662392132917986	-10.74419659912089	0.1874156049457401	-10.77668362941958	0.1899195972644299	-13.10678849536770
183851681916724.0	0.01477970092411108	-13.07111370402862	0.1629791219624168	-10.76832636327238	0.1839000510005845	-10.80380611612323	0.2028711682877525	-13.10034659367190
183811019760155.3	0.01515137194215106	-13.10224320787335	0.1596910278491149	-10.79231892162949	0.1802974624139106	-10.83088272167183	0.2168610147762400	-13.10185573361465
183770375585966.3	0.01551861193243547	-13.13299597898282	0.1563760809241540	-10.81614483565254	0.1766091286271630	-10.85785855868234	0.2317292635092356	-13.11054555991863
183729749382230.8	0.01588096072332013	-13.16340675461617	0.1530357008299341	-10.83977244618538	0.1728372716995838	-10.88467424607259	0.2473312986175953	-13.12560845595530
183689141137033.4	0.01623796749716977	-13.19350542973852	0.1496715778633269	-10.86316771850839	0.1689850535186204	-10.91126571969279	0.2635373930374499	-13.14626434012895
183648550838468.9	0.01658919143325347	-13.22331760382778	0.1462856739503221	-10.88629406848616	0.1650565786094872	-10.93756401443521	0.2802313164111673	-13.17179445950822
183607978474642.8	0.01693420254170727	-13.25286506083298	0.1428802237531616	-10.90911216847949	0.1610568928616621	-10.96349501970481	0.2973085823812364	-13.20155518873902
183567424033671.2	0.01727258264121886	-13.28216619123718	0.1394577360598878	-10.93157973179895	0.1569919784541966	-10.98897921185789	0.3146746998072737	-13.23498006914764
183526887503680.4	0.01760392642469293	-13.31123636783375	0.1360209956780657	-10.95365127220414	0.1528687446613404	-11.01393136525766	0.3322436021596685	-13.27157558527856
183486368872807.6	0.01792784265378507	-13.34008826259088	0.1325730656895400	-10.97527784948014	0.1486950174794095	-11.03826027014440	0.3499363180549931	-13.31091405160403
183445868129200.0	0.01824395531778655	-13.36873214758097	0.1291172908241269	-10.99640677902733	0.1444795228476618	-11.06186843325468	0.3676798919426399	-13.35262559366383
183405385261015.6	0.01855190485163765	-13.39717615000478	0.1256573015973241	-11.01698132549280	0.1402318685044300	-11.08465181067784	0.3854065324774600	-13.39639024628014
183364920256422.8	0.01885134934837341	-13.42542648007943	0.1221970196078386	-11.03694037446266	0.1359625223391016	-11.10649958373235	0.4030529589869810	-13.44193068922781
183324473103600.4	0.01914196575004624	-13.45348763445464	0.1187406641635100	-11.05621808565923	0.1316827871853427	-11.12729400965990	0.4205599138377500	-13.48900582052082
183284043790737.6	0.01942345100505687	-13.48136257765057	0.1152927603976277	-11.07474353327513	0.1274047717711065	-11.14691038917866	0.4378718106807959	-13.53740520142544
183243632306034.0	0.01969552317960502	-13.50905290428142	0.1118581490304052	-11.09244034157942	0.1231413571917398	-11.16521720477361	0.4549364921929033	-13.58694432468264
183203238637699.6	0.01995792251290838	-13.53655898448143	0.1084419978979330	-11.10922632784009	0.1189061579312257	-11.18207649871197	0.4717050747501871	-13.63746062126380
183162862773955.0	0.02021041239964097	-13.56388009539941	0.1050498153410691	-11.12501316870654	0.1147134759166307	-11.19734457562479	0.4881318610824406	-13.68881011103513
183122504703030.9	0.02045278030816941	-13.59101453875144	0.1016874653921946	-11.13970611640633	0.1105782458383636	-11.21087313967337	0.5041743046836060	-13.74086460258172
183082164413168.5	0.02068483866171330	-13.61795974376818	0.09836118451735557	-11.15320380280578	0.1065159691598146	-11.22251100092224	0.5197930120604218	-13.79350935487279
183041841892619.4	0.02090642553638868	-13.64471236983313	0.09507760002802254	-11.16539815510478	0.1025426318130371	-11.23210646226267	0.5349517731607395	-13.84664113932019
183001537129645.5	0.02111740534713312	-13.67126839280490	0.09184374905845663	-11.17617450694671	0.09867460293542543	-11.23951058480705	0.5496176080408889	-13.90016662189761
182961250112519.0	0.02131766941998415	-13.69762318631441	0.08866709749230668	-11.18541196641422	0.09492850780307885	-11.24458146343994	0.5637608226993126	-13.95400102121195
182920980829522.4	0.02150713646804097	-13.72377159680606	0.08555555739657714	-11.19298413941327	0.09132106868269978	-11.24718964752184	0.5773550667019637	-14.00806699543104
182880729268948.7	0.02168575296815679	-13.74970801325071	0.08251750097703139	-11.19876032628418	0.08786890652561136	-11.24722477732634	0.5903773865270502	-14.06229372054830
182840495419100.9	0.02185349343587797	-13.77542643236457	0.07956176829792297	-11.20260733239222	0.08458829665208653	-11.24460339919660	0.6028082694825680	-14.11661612876920
182800279268292.7	0.02201036059649022	-13.80092052008515	0.07669766506593741	-11.20439205382559	0.08149487303116344	-11.23927775588535	0.6146316738930203	-14.17097428105296
