214137470000000.0	0.02453313626069905	-1.135447999128912	0.05411560747348419	-3.115563356663175	0.05801663377145267	-2.584315679482715	0.1118505851509829	0.1322222695241356
214045552356560.3	0.02413737771036471	-1.159414113509855	0.05407338330435284	-3.134453729716513	0.05783272751848510	-2.607174138406963	0.1116751589739067	0.08916445755740086
213953713589816.9	0.02374175962196411	-1.183503943821523	0.05404610062975704	-3.153130739855068	0.05766363574019336	-2.629890692149005	0.1114905439375442	0.04580780609754836
213861953598284.4	0.02334630005181350	-1.207729680712069	0.05403493008524362	-3.171622466244279	0.05751032434596355	-2.652475295672315	0.1112948204733043	0.002101936892777175
213770272280651.6	0.02295102163396242	-1.232105047053280	0.05404081575486661	-3.189960762650295	0.05737376526084214	-2.674943162722154	0.1110833617401106	-0.04200485259286904
213678669535780.6	0.02255594831011124	-1.256645512044866	0.05406444292868037	-3.208180520253847	0.05725483355311993	-2.697315214369070	0.1108488505545279	-0.08655634359034869
213587145262707.0	0.02216110183761033	-1.281368498498353	0.05410621340582592	-3.226318785492262	0.05715419721391834	-2.719617843545212	0.1105816606433320	-0.1315795584166271
213495699360639.3	0.02176649836061775	-1.306293576053670	0.05416623104152605	-3.244413698969314	0.05707221367363891	-2.741881977380932	0.1102705558876654	-0.1770773996883590
213404331728958.6	0.02137214433100161	-1.331442655820186	0.05424428672852737	-3.262503648387740	0.05700884778473421	-2.764141474658543	0.1099036518013834	-0.2230236900687768
213313042267218.0	0.02097803303699763	-1.356840161750896	0.05433985847676899	-3.280626190219279	0.05696362064709038	-2.786431069894418	0.1094694983021558	-0.2693609976874952
213221830875142.5	0.02058414116500607	-1.382513192685323	0.05445211668725208	-3.298817086729975	0.05693559757110428	-2.808784062229457	0.1089581865019458	-0.3160015039875927
213130697452628.6	0.02019042599863207	-1.408491664855855	0.05457994028326065	-3.317109302860370	0.05692341691386996	-2.831230033199590	0.1083623499968192	-0.3628307392447670
213039641899743.7	0.01979682307210591	-1.434808443583331	0.05472193897705104	-3.335532127671862	0.05692535719601180	-2.853792841789119	0.1076779673822504	-0.4097138224653579
212948664116726.0	0.01940324419734466	-1.461499473855709	0.05487647881548394	-3.354110520899856	0.05693943470078427	-2.876489110016975	0.1069048906648205	-0.4565036239345023
212857764003984.1	0.01900957662049491	-1.488603898107906	0.05504171759738029	-3.372864454067988	0.05696351993049086	-2.899327375313427	0.1060470332533851	-0.5030501716402979
212766941462096.4	0.01861568286910301	-1.516164181791030	0.05521564271614282	-3.391808470384702	0.05699545988510214	-2.922307950671092	0.1051122114484084	-0.5492105697136578
212676196391811.2	0.01822140184682040	-1.544226241664507	0.05539611554345021	-3.410951289534515	0.05703319256920277	-2.945423482019205	0.1041116417198746	-0.5948586650746708
212585528694045.7	0.01782655078844254	-1.572839599866148	0.05558091619463858	-3.430295626595784	0.05707484181775635	-2.968660071727630	0.1030591470282344	-0.6398936521062421
212494938269886.3	0.01743092808659793	-1.602057578981585	0.05576778762882798	-3.449838222967773	0.05711878328778295	-2.991998789112951	0.1019701424163022	-0.6842468049352917
212404425020587.8	0.01703431750922168	-1.631937536691118	0.05595448303003225	-3.469569899805770	0.05716367683150873	-3.015417373744680	0.1008604854256469	-0.7278856681536351
212313988847573.1	0.01663649335066881	-1.662541171581385	0.05613881074964175	-3.489475788670331	0.05720846467155719	-3.038891888628129	0.09974531055626841	-0.7708151153117901
212223629652433.0	0.01623722686713114	-1.693934906544798	0.05631867942511928	-3.509535596525573	0.05725233942416413	-3.062398134165923	0.09863795890164848	-0.8130750286119193
212133347336925.7	0.01583629377157467	-1.726190377502404	0.05649214041469340	-3.529723964130032	0.05729468950319372	-3.085912652635932	0.09754911736926361	-0.8547346635609399
212043141802976.6	0.01543348243953970	-1.759385066177775	0.05665742429169005	-3.550011011767280	0.05733503183149540	-3.109413205875836	0.09648626063917513	-0.8958841369615269
211953012952677.8	0.01502860351426931	-1.793603075402603	0.05681297711497547	-3.570362817070075	0.05737294398300551	-3.132878728803533	0.09545344467183065	-0.9366240848983664
211862960688287.8	0.01462150041542890	-1.828936095718017	0.05695749161748957	-3.590741983892796	0.05740800681970072	-3.156288779280481	0.09445147287899094	-0.9770546591479959
211772984912231.0	0.01421206090554288	-1.865484591239117	0.05708993422623125	-3.611108246988813	0.05743976750951234	-3.179622599380017	0.09347840170673882	-1.017265262525695
211683085527097.8	0.01380023014538085	-1.903359219319603	0.05720957035894271	-3.631418982430057	0.05746773030035413	-3.202857969679149	0.09253031073675531	-1.057326429549296
211593262435643.5	0.01338602429222660	-1.942682578265331	0.05731597988512319	-3.651629968529156	0.05749137717587079	-3.225969991438295	0.09160223692939795	-1.097284591183923
211503515540788.9	0.01296954604440712	-1.983591260520079	0.05740907203622232	-3.671695985487110	0.05751021883666289	-3.248930059381360	0.09068914324145680	-1.137160607301720
211413844745619.0	0.01255100172812408	-2.026238283764221	0.05748909451365055	-3.691571471692698	0.05752387052318482	-3.271705170463856	0.08978680317894315	-1.176951993008855
211324249953383.2	0.01213072030557621	-2.070795937403464	0.05755663710098372	-3.711211227299668	0.05753214452929644	-3.294257708043538	0.08889249213074940	-1.216638436768947
211234731067495.0	0.01170917535042799	-2.117459024359504	0.05761263344804297	-3.730570971251661	0.05753514955962342	-3.316545821784225	0.08800540670481280	-1.256190031431287
211145287991531.4	0.01128700950955671	-2.166448573203740	0.05765835396376021	-3.749608108608792	0.05753338414928651	-3.338524355093829	0.08712676440815573	-1.295576772575500
211055920629232.5	0.01086506313378319	-2.218015906020991	0.05769539616439454	-3.768282389403663	0.05752781397172371	-3.360146330877414	0.08625957772043318	-1.334778404656012
210966628884501.5	0.01044440758310896	-2.272446950778682	0.05772567015253373	-3.786556567197576	0.05751992298165364	-3.381364867798109	0.08540813450114902	-1.373793224820469
210877412661404.0	0.01002638407367599	-2.330066532723584	0.05775137903131854	-3.804397068837946	0.05751173137590607	-3.402135366012577	0.08457725037054314	-1.412644610391488
210788271864168.0	0.009612649047855536	-2.391242137538330	0.05777499502471602	-3.821774628459328	0.05750577699734638	-3.422417779819461	0.08377138860437576	-1.451384321700834
210699206397183.1	0.009205226736371574	-2.456386281238118	0.05779923183258193	-3.838664841490136	0.05750506062237001	-3.442178780438378	0.08299376303723050	-1.490091995609108
210610216165000.7	0.008806568324817354	-2.525956184209958	0.05782701066933065	-3.855048816164577	0.05751295901392045	-3.461393568955897	0.08224553257699388	-1.528870382852757
210521301072333.2	0.008419616934378094	-2.600448546701394	0.05786142416374465	-3.870913653130266	0.05753311416062147	-3.480047224552509	0.08152520654666635	-1.567837074061781
210432461024054.0	0.008047874044145057	-2.680386397925726	0.05790569622471825	-3.886252882755373	0.05756930878068414	-3.498135435241228	0.08082833886480456	-1.607113438148461
210343695925196.8	0.007695459350318104	-2.766293877441613	0.05796313869634308	-3.901066829751387	0.05762534013288628	-3.515664556801278	0.08014755724391171	-1.646812126607547
210255005680955.7	0.007367150060725405	-2.858653951505113	0.05803710646354109	-3.915362798203016	0.05770490425542497	-3.532651038451733	0.07947293791898605	-1.687024851706912
210166390196684.4	0.007068377185578924	-2.957844434992825	0.05813095020973411	-3.929155189429237	0.05781150115998496	-3.549120279708823	0.07879267583434654	-1.727811726895699
210077849377896.3	0.006805148404141636	-3.064050300748787	0.05824796853380223	-3.942465484218802	0.05794836900949472	-3.565105090190430	0.07809397577764933	-1.769193463987620
209989383130263.9	0.006583862158724735	-3.177157058074891	0.05839136093791775	-3.955322023409948	0.05811845127717222	-3.580643969770838	0.07736407000490909	-1.811147304071701
209900991359618.3	0.006410983425899792	-3.296641843899741	0.05856418214152035	-3.967759639771138	0.05832439646539780	-3.595779416332364	0.07659124745431988	-1.853606850430654
209812673971949.5	0.006292576998285048	-3.421493244765474	0.05876929895802337	-3.979819143895865	0.05856858566377016	-3.610556464651652	0.07576578807755055	-1.896465614475023
209724430873405.3	0.006233741721500409	-3.550199968505109	0.05900935145026899	-3.991546583565397	0.05885317922372551	-3.625021630797988	0.07488072653654056	-1.939583947454775
209636261970291.4	0.006238047377401097	-3.680840984006139	0.05928671841086565	-4.002992440696469	0.05918017185034951	-3.639222312260523	0.07393235831216466	-1.982798331208531
209548167169071.3	0.006307113703285718	-3.811278677487552	0.05960348897565905	-4.014210689385843	0.05955144408818455	-3.653206664114482	0.07292046036920873	-2.025932405371351
209460146376365.1	0.006440454266878905	-3.939413086038327	0.05996144104700775	-4.025257744505327	0.05996879907440902	-3.667023864835523	0.07184821472978628	-2.068808887316097
209372199498950.3	0.006635630646019648	-4.063425425033996	0.06036202693118763	-4.036191368102010	0.06043397607810887	-3.680724610574076	0.07072184153456936	-2.111261449810958
209284326443760.5	0.006888661211221926	-4.181944517269414	0.06080636660027647	-4.047069574154476	0.06094863605426183	-3.694361641497153	0.06954997501613357	-2.153145665643511
209196527117885.6	0.007194559014879908	-4.294106338603926	0.06129524859392014	-4.057949519896427	0.06151431858506648	-3.707990102584877	0.06834285116947771	-2.194348250492671
209108801428571.4	0.007547865735670107	-4.399519178623971	0.06182913822453594	-4.068886495822090	0.06213237486549301	-3.721667545134306	0.06711136503772078	-2.234793535220833
209021149283219.2	0.007943089299729669	-4.498171367870162	0.06240819280115240	-4.079933025816239	0.06280388501186320	-3.735453450597992	0.06586608839961029	-2.274446402183413
208933570589385.5	0.008375008111116756	-4.590320353917956	0.06303228294192576	-4.091138063098967	0.06352957061266891	-3.749408235959028	0.06461635658034148	-2.313311194835461
208846065254781.5	0.008838848137572805	-4.676390180891603	0.06370101909116327	-4.102546343799391	0.06430971533742753	-3.763591775219445	0.06336950904094157	-2.351426241808639
208758633187273.2	0.009330360491466950	-4.756890199106822	0.06441378221666505	-4.114197902166486	0.06514410568635226	-3.778061561713295	0.06213036857409351	-2.388854251041603
208671274294880.7	0.009845831632964919	-4.832357399423079	0.06516975757803338	-4.126127749430752	0.06603200181616870	-3.792870697787806	0.06090101939897608	-2.425669376248727
208583988485778.0	0.01038205341474712	-4.903319269291115	0.06596796970337664	-4.138365677161101	0.06697214449815563	-3.808065931802753	0.05968092794159338	-2.461942403214573
208496775668292.7	0.01093627351472930	-4.970272235676136	0.06680731915912960	-4.150936278566462	0.06796280105986313	-3.823685960600173	0.05846735007916267	-2.497725393717336
208409635750905.5	0.01150613834979041	-5.033670902758072	0.06768661831303198	-4.163859050399117	0.06900184650708624	-3.839760190354413	0.05725602555455521	-2.533037984421181
208322568642250.4	0.01208963634678356	-5.093924249563942	0.06860462604992855	-4.177148623612073	0.07008687342711230	-3.856308083018533	0.05604205209022530	-2.567856770492267
208235574251113.6	0.01268504534962534	-5.151396003178092	0.06956008049119038	-4.190815087221974	0.07121532033054646	-3.873339147088432	0.05482084375665129	-2.602109084904526
208148652486433.8	0.01329088584361694	-5.206407307892643	0.07055172935887279	-4.204864389226737	0.07238460637221485	-3.890853555921903	0.05358906186071320	-2.635671916611755
208061803257301.8	0.01390588017453660	-5.259240495007314	0.07157835642152502	-4.219298768172013	0.07359225979173711	-3.908843304106299	0.05234543398417572	-2.668376353164875
207975026472959.8	0.01452891776288371	-5.310143218007314	0.07263880509703916	-4.234117233968870	0.07483602906287419	-3.927293769358558	0.05109135088849005	-2.700017213968661
207888322042801.5	0.01515902562586367	-5.359332535877936	0.07373199876038299	-4.249316062940622	0.07611396756443173	-3.946185511960934	0.04983118455138653	-2.730367410855094
207801689876371.7	0.01579534341653279	-5.406998728906077	0.07485695671713542	-4.264889277288855	0.07742448589212760	-3.965496130013299	0.04857230109798609	-2.759196289047593
207715129883365.7	0.01643710246758364	-5.453308742898026	0.07601280667764923	-4.280829113501248	0.07876636983595382	-3.985202007009211	0.04732474341358654	-2.786290687397888
207628641973629.4	0.01708360821790266	-5.498409233142755	0.07719879363865247	-4.297126464602151	0.08013876558005872	-4.005279811551652	0.04610060186561236	-2.811477118868782
207542226057158.7	0.01773422555469032	-5.542429215902773	0.07841428582161480	-4.313771291809234	0.08154113705243886	-4.025707650780463	0.04491311308326118	-2.834642866567895
207455882044099.3	0.01838836647893687	-5.585482365570495	0.07965877587936926	-4.330752984731799	0.08297320306881405	-4.046465813438670	0.04377558486242836	-2.855753428308401
207369609844746.3	0.01904548002326467	-5.627668982375186	0.08093188077272871	-4.348060693826666	0.08443486353241271	-4.067537108866827	0.04270022040747102	-2.874863019654649
207283409369544.1	0.01970504394987031	-5.669077678969051	0.08223333892240270	-4.365683614100763	0.08592612450259979	-4.088906830139630	0.04169699705856185	-2.892115409533415
207197280529085.8	0.02036655797417872	-5.709786826352427	0.08356300445407736	-4.383611220256593	0.08744703155405380	-4.110562411431126	0.04077275095321549	-2.907733246471962
207111223234113.3	0.02102953838280452	-5.749865791207864	0.08492083975259913	-4.401833460065375	0.08899761914073728	-4.132492881477837	0.03993059774494169	-2.921995763462305
207025237395516.2	0.02169351385540364	-5.789375997373688	0.08630690640492969	-4.420340905649833	0.09057788130095147	-4.154688222557200	0.03916979553278065	-2.935207207426219
206939322924332.6	0.02235802236104779	-5.828371837927771	0.08772135523241535	-4.439124865599368	0.09218776602208996	-4.177138746154416	0.03848608929581429	-2.947660555545708
206853479731747.8	0.02302260895216678	-5.866901465178186	0.08916441454336638	-4.458177458828522	0.09382719267760888	-4.199834577020448	0.03787251255159726	-2.959602608538419
206767707729094.7	0.02368682438408723	-5.905007476485776	0.09063637741844210	-4.477491656733191	0.09549608882561966	-4.222765321116718	0.03732053434949717	-2.971206445194154
206682006827853.0	0.02435022453523969	-5.942727506202408	0.09213759086850364	-4.497061297148894	0.09719443980343132	-4.245919969199299	0.03682137508980969	-2.982555685530760
206596376939649.2	0.02501237037873249	-5.980094750033302	0.09366844288786158	-4.516881069932256	0.09892234408341878	-4.269287029896999	0.03636734016805058	-2.993643373780385
206510817976256.2	0.02567282852466037	-6.017138425876105	0.09522935026338107	-4.536946481601522	0.1006800656144794	-4.292854880488081	0.03595297675383835	-3.004385340024610
206425329849592.9	0.02633117222736655	-6.053884182715800	0.09682074678472100	-4.557253801807001	0.1024680751717340	-4.316612284194711	0.03557591355622024	-3.014646166222668
206339912471724.1	0.02698698278168115	-6.090354465693139	0.09844307205599083	-4.577799995314321	0.1042870739092175	-4.340549005469585	0.03523728146287569	-3.024274412026163
206254565754860.1	0.02763985124793329	-6.126568842289023	0.1000967619542234	-4.598582641481492	0.1061379941273435	-4.364656446320517	0.03494165581198921	-3.033142693034938
206169289611356.1	0.02828938037238491	-6.162544303351733	0.1017822368774362	-4.619599851166123	0.1080219758896796	-4.388928211569430	0.03469653564092072	-3.041187915117604
206084083953712.6	0.02893518675992913	-6.198295528823810	0.1034998948622016	-4.640850173695089	0.1099403185299470	-4.413360550749454	0.03451136808609519	-3.048445313694775
205998948694574.5	0.02957690313298599	-6.233835133516824	0.1052501043543546	-4.662332503369207	0.1118944114524776	-4.437952603292404	0.03439624846049877	-3.055070901078213
205913883746730.9	0.03021418064785277	-6.269173893313368	0.1070331977372984	-4.684045987757104	0.1138856496997152	-4.462706415058925	0.03436044396108220	-3.061347049249723
205828889023115.0	0.03084669122429240	-6.304320952897589	0.1088494663827612	-4.705989938439429	0.1159153415753376	-4.487626717672761	0.03441093587650990	-3.067668095244312
205743964436803.8	0.03147412983254246	-6.339284017706086	0.1106991569220904	-4.728163746527570	0.1179846168225786	-4.512720484807926	0.03455119747740820	-3.074506568852631
205659109901017.3	0.03209621669230460	-6.374069531772769	0.1125824687231831	-4.750566804477313	0.1200943438648791	-4.537996303992226	0.03478039967908525	-3.082364940660420
205574325329119.1	0.03271269934453293	-6.408682841622411	0.1144995533732700	-4.773198432714353	0.1222450635691930	-4.563463622850942	0.03509316667606952	-3.091721310468272
205489610634615.4	0.03332335454795278	-6.443128352795773	0.1164505124427471	-4.796057823439121	0.1244369464321228	-4.589131931093625	0.03547992121404027	-3.102979342385482
205404965731154.7	0.03392798999205594	-6.477409670991256	0.1184353993055477	-4.819143984557239	0.1266697755063536	-4.615009963996567	0.03592772443573992	-3.116430409624031
205320390532528.1	0.03452644577707999	-6.511529734107913	0.1204542215514012	-4.842455693406619	0.1289429569870206	-4.641104988410910	0.03642147148121246	-3.132233304980632
205235884952668.4	0.03511859564429355	-6.545490936576614	0.1225069431603613	-4.865991463515070	0.1312555570748873	-4.667422227927717	0.03694525542457463	-3.150412322382019
205151448905650.0	0.03570434794118085	-6.579295244202057	0.1245934879329025	-4.889749519111006	0.1336063607215023	-4.693964471397001	0.03748371079489248	-3.170870791622416
205067082305688.8	0.03628364630593851	-6.612944300674803	0.1267137435933682	-4.913727778535744	0.1359939464304636	-4.720731884857211	0.03802318897443107	-3.193415460626721
204982785067141.7	0.03685647006170064	-6.646439526117156	0.1288675664608331	-4.937923846086825	0.1384167699164228	-4.747722027354637	0.03855266285986751	-3.217786753649790
204898557104506.2	0.03742283431468381	-6.679782207968303	0.1310547865808717	-4.962335011704015	0.1408732489436531	-4.774930052060576	0.03906430394905966	-3.243690655385244
204814398332420.6	0.03798278974682576	-6.712973583056842	0.1332752145349398	-4.986958252191442	0.1433618416613839	-4.802349060603495	0.03955371035799826	-3.270828971609277
204730308665663.1	0.03853642214179577	-6.746014918219788	0.1355286432195395	-5.011790261055994	0.1458811136440532	-4.829970554611817	0.04001980862628438	-3.298926390748974
204646288019151.8	0.03908385157929970	-6.778907575212550	0.1378148576774400	-5.036827451266273	0.1484297857489373	-4.857784955112823	0.04046443525269807	-3.327751838351865
204562336307944.8	0.03962523137202164	-6.811653074648699	0.1401336397622147	-5.062065984233451	0.1510067631412454	-4.885782116791476	0.04089167585641779	-3.357134247582666
204478453447238.9	0.04016074672570569	-6.844253151790253	0.1424847740489401	-5.087501797729447	0.1536111433317405	-4.913951801034989	0.04130701659678195	-3.386971463881696
204394639352370.5	0.04069061314143684	-6.876709805756618	0.1448680536424185	-5.113130637069943	0.1562422050660641	-4.942284067264890	0.04171639424284841	-3.417231944409922
204310893938814.5	0.04121507457622391	-6.909025342286322	0.1472832857938319	-5.138948088875827	0.1588993815120942	-4.970769555633526	0.04212524001784483	-3.447949235231205
204227217122184.3	0.04173440137944190	-6.941202410157706	0.1497302972540983	-5.164949616718102	0.1615822226796548	-4.999399647330673	0.04253761620260534	-3.479209837071699
204143608818231.4	0.04224888802487041	-6.973244031375628	0.1522089392982128	-5.191130597996711	0.1642903529516332	-5.028166502350336	0.04295553742268757	-3.511135822973586
204060068942845.4	0.04275885064912954	-7.005153624602526	0.1547190931837642	-5.217486357002346	0.1670234297306062	-5.057062988662358	0.04337854814544024	-3.543864218571691
203976597412053.4	0.04326462446315324	-7.036935024906920	0.1572606722088021	-5.244012213741275	0.1697811098977489	-5.086082519612529	0.04380360215942931	-3.577525911882875
203893194142019.9	0.04376656098650245	-7.068592494707751	0.1598336268344776	-5.270703513987908	0.1725630275090448	-5.115218841404214	0.04422524154645700	-3.612226191858817
203809859049046.3	0.04426502517689126	-7.100130730010455	0.1624379481140905	-5.297555663988955	0.1753687872146890	-5.144465798181910	0.04463604896573970	-3.648029386131845
203726592049571.0	0.04476039247777969	-7.131554861481093	0.1650736699138257	-5.324564167468115	0.1781979748913014	-5.173817111058551	0.04502731015695769	-3.684948960932815
203643393060168.8	0.04525304579565565	-7.162870449771877	0.1677408709012324	-5.351724659038783	0.1810501848815704	-5.203266205240617	0.04538980473926545	-3.722943558358586
203560261997550.7	0.04574337243557681	-7.194083475577301	0.1704396759011658	-5.379032935666219	0.1839250615929197	-5.232806110647648	0.04571463820448642	-3.761918752559331
203477198778563.6	0.04623176101993826	-7.225200324626835	0.1731702565969967	-5.406484985895295	0.1868223514019265	-5.262429453260573	0.04599403190415274	-3.801733716301920
203394203320190.3	0.04671859841450664	-7.256227767844909	0.1759328315603967	-5.434077016596464	0.1897419594842641	-5.292128544146403	0.04622199976398596	-3.842211691596181
203311275539548.8	0.04720426668600029	-7.287172936934030	0.1787276655984741	-5.461805477012702	0.1926840053945974	-5.321895562427406	0.04639485645721311	-3.883153086812190
203228415353892.1	0.04768914010009676	-7.318043295444164	0.1815550689060984	-5.489667076147654	0.1956488708828235	-5.351722819586332	0.04651151901243615	-3.924350058242783
203145622680608.3	0.04817358224150107	-7.348846606639374	0.1844153938812878	-5.517658809266925	0.1986372346422372	-5.381603077369463	0.04657358101632706	-3.965601705137972
203062897437220.0	0.04865794319907494	-7.379590896894470	0.1873090328504625	-5.545777970304737	0.2016500882282878	-5.411529897985629	0.04658515392010039	-4.006728752636939
202980239541384.0	0.04914255685969115	-7.410284415829234	0.1902364153162264	-5.574022158567858	0.2046887301254617	-5.441497991519354	0.04655248735724397	-4.047586893213609
202897648910891.1	0.04962773837471969	-7.440935594006287	0.1931980035412869	-5.602389289935589	0.2077547369709759	-5.471503524082639	0.04648339528872303	-4.088077913065857
202815125463665.9	0.05011378177937271	-7.471552997976705	0.1961942879076299	-5.630877601764265	0.2108499122440246	-5.501544359982112	0.04638653137867935	-4.128157530959173
202732669117766.6	0.05060095779368657	-7.502145283301678	0.1992257816916555	-5.659485654366125	0.2139762153825752	-5.531620212160620	0.04627057283235130	-4.167839032935391
202650279791384.5	0.05108951182327212	-7.532721146009965	0.2022930152973482	-5.688212329070180	0.2171356760989466	-5.561732684089596	0.04614338507167407	-4.207191962729529
202567957402843.6	0.05157966217614580	-7.563289272967483	0.2053965299969456	-5.717056822905107	0.2203303001790263	-5.591885195906907	0.04601124748871569	-4.246335532826844
202485701870600.9	0.05207159851062109	-7.593858291646109	0.2085368712356461	-5.746018639974890	0.2235619739979529	-5.622082798001036	0.04587822005734037	-4.285427015849577
202403513113245.8	0.05256548052835419	-7.624436719786474	0.2117145815638836	-5.775097579630814	0.2268323752608009	-5.652331885412907	0.04574571972171850	-4.324646068591522
202321391049499.6	0.05306143690763192	-7.655032915420826	0.2149301933995576	-5.804293719313011	0.2301428968967611	-5.682639836123927	0.04561235452710953	-4.364176562751684
202239335598215.5	0.05355956453750852	-7.685655027860724	0.2181842212002818	-5.833607399570818	0.2334945904584679	-5.713014599560309	0.04547403272201210	-4.404187970665084
202157346678378.4	0.05405992805446030	-7.716310950062907	0.2214771535135225	-5.863039208805176	0.2368881331976652	-5.743464269167967	0.04532433270237808	-4.444818353972299
202075424209104.4	0.05456255954529400	-7.747008272662055	0.2248094457458935	-5.892589950516847	0.2403238197815518	-5.773996679066889	0.04515509334109264	-4.486160615957967
201993568109640.8	0.05506745863681251	-7.777754240497886	0.2281815121214696	-5.922260622216607	0.2438015802033415	-5.804619045415429	0.04495715366659506	-4.528253401258415
201911778299365.6	0.05557459284566024	-7.808555711815640	0.2315937180260677	-5.952052388397298	0.2473210203355967	-5.835337684748260	0.04472116708754601	-4.571077034624826
201830054697787.4	0.05608389821616933	-7.839419120607763	0.2350463725624847	-5.981966551927131	0.2508814808034048	-5.866157825956575	0.04443841106540954	-4.614554394589613
201748397224544.8	0.05659528024381542	-7.870350442465225	0.2385397214081778	-6.012004524202393	0.2544821080139801	-5.897083524958578	0.04410152169089262	-4.658556123972163
201666805799406.8	0.05710861507805936	-7.901355164277990	0.2420739400652526	-6.042167794416095	0.2581219301687499	-5.928117681434807	0.04370509615262661	-4.702909328042685
201585280342271.9	0.05762375099696995	-7.932438258079910	0.2456491275896316	-6.072457898309533	0.2617999307628450	-5.959262147815174	0.04324612201133160	-4.747408851278234
201503820773168.1	0.05814051014275790	-7.963604159291129	0.2492653008817432	-6.102876386779245	0.2655151124719435	-5.990517912718617	0.04272420811128157	-4.791830285841671
201422427012252.6	0.05865869050464369	-7.994856749569688	0.2529223896154984	-6.133424794713985	0.2692665454067649	-6.021885335016334	0.04214160660024265	-4.835943966763098
201341098979811.6	0.05917806813295941	-8.026199344437456	0.2566202318752173	-6.164104610429621	0.2730533953723185	-6.053364401120301	0.04150302865016841	-4.879529279172216
201259836596259.9	0.05969839951773121	-8.057634685635154	0.2603585703199172	-6.194917242636230	0.2768749294436234	-6.084954978280001	0.04081526977020410	-4.922388572693397
201178639782140.9	0.06021942431949217	-8.089164938965514	0.2641370499089084	-6.225864000745062	0.2807305006693369	-6.116657032454971	0.04008666555390705	-4.964360018557929
201097508458126.1	0.06074086808945894	-8.120791696625458	0.2679552158272437	-6.256946063013528	0.2846195113592007	-6.148470797029532	0.03932642486088703	-5.005328305112038
201016442545014.8	0.06126244516379698	-8.152515984547870	0.2718125122804319	-6.288164449926936	0.2885413611475728	-6.180396870689976	0.03854388482568076	-5.045232208497536
200935441963734.0	0.06178386172051553	-8.184338274852330	0.2757082825016927	-6.319520003384089	0.2924953860723727	-6.212436236327554	0.03774774787071637	-5.084067907431683
200854506635338.3	0.06230481889162451	-8.216258503037878	0.2796417695781365	-6.351013366486933	0.2964807951339406	-6.244590202711313	0.03694537115226735	-5.121886992895417
200773636481009.3	0.06282501592201616	-8.248276089847591	0.2836121181964748	-6.382644965923192	0.3004966119896526	-6.276860276481047	0.03614217843652246	-5.158788557025632
200692831422055.3	0.06334415333937236	-8.280389967627444	0.2876183772924407	-6.414414997096172	0.3045416288179353	-6.309247979643909	0.03534125916612298	-5.194905372146885
200612091379911.5	0.06386193609914204	-8.312598610961810	0.2916595035763737	-6.446323412114803	0.3086143782493457	-6.341754633214560	0.03454320421269361	-5.230384976256534
200531416276139.4	0.06437807666707185	-8.344900071334571	0.2957343658959672	-6.478369910716831	0.3127131275135449	-6.374381130894196	0.03374620388585730	-5.265367277029013
200450806032426.6	0.06489229800040300	-8.377292015532197	0.2998417503864392	-6.510553934159002	0.3168358967587830	-6.407127727507781	0.03294640438391978	-5.299960863183634
200370260570586.7	0.06540433638905206	-8.409771767472627	0.3039803663481701	-6.542874662067963	0.3209805010816395	-6.439993865298978	0.03213848910462498	-5.334220407282764
200289779812558.6	0.06591394411738420	-8.442336353114666	0.3081488527826329	-6.575331012209453	0.3251446133922165	-6.472978057284764	0.03131642659293877	-5.368127313468752
200209363680406.8	0.06642089190749946	-8.474982548071750	0.3123457855090937	-6.607921643098003	0.3293258430722713	-6.506077841167539	0.03047431157565662	-5.401575205406012
200129012096321.1	0.06692497110549681	-8.507706927528286	0.3165696847773377	-6.640644959337362	0.3335218236818673	-6.539289810348242	0.02960722113076420	-5.434361167045755
200048724982615.7	0.06742599552173305	-8.540505917497328	0.3208190224439337	-6.673499117163095	0.3377303013612861	-6.572609721383125	0.02871201488753252	-5.466183046877998
199968502261729.7	0.06792380312402643	-8.573375849283000	0.3250922323182298	-6.706482040980010	0.3419492181885585	-6.606032668212054	0.02778801135469309	-5.496642993294481
199888343856226.6	0.06841825715394760	-8.606313012898838	0.3293877175687393	-6.739591431938723	0.3461767788151637	-6.639553311052778	0.02683750500376515	-5.525257157482034
199808249688793.9	0.06890924690763542	-8.639313711340940	0.3337038589413319	-6.772824781624919	0.3504114966449025	-6.673166138075835	0.02586608166496708	-5.551472265800798
199728219682243.0	0.06939668814000150	-8.672374315255937	0.3380390237915419	-6.806179389667227	0.3546522149219029	-6.706865737422129	0.02488270636240732	-5.574690260894197
199648253759508.8	0.06988052299699220	-8.705491316696083	0.3423915746382754	-6.839652381751036	0.3588980997848422	-6.740647056156431	0.02389956329606844	-5.594302758949473
199568351843649.9	0.07036071947955375	-8.738661381630704	0.3467598775192113	-6.873240728965643	0.3631486059595375	-6.774505623505180	0.02293162514468812	-5.609737211166449
199488513857847.7	0.07083727042431555	-8.771881400619044	0.3511423100494255	-6.906941268235120	0.3674034181281353	-6.808437719338795	0.02199593078706635	-5.620515633963708
199408739725406.6	0.07131019199041153	-8.805148537043237	0.3555372690886440	-6.940750723581886	0.3716623733750206	-6.842440474039015	0.02111055997346651	-5.626323944821575
199329029369753.5	0.07177952164783708	-8.838460272292117	0.3599431779276605	-6.974665727971988	0.3759253719728485	-6.876511892368959	0.02029332115773056	-5.627084853120278
199249382714437.9	0.07224531566984083	-8.871814447281333	0.3643584929103864	-7.008682845492414	0.3801922849479589	-6.910650801100195	0.01956022363331315	-5.623020493554753
199169799683131.4	0.07270764613721417	-8.905209299709414	0.3687817094151866	-7.042798593617101	0.3844628672254926	-6.944856727214209	0.01892388713459014	-5.614685060852203
199090280199627.3	0.07316659747012783	-8.938643496461570	0.3732113671271340	-7.077009465324182	0.3887366846584539	-6.979129719881295	0.01839213119272640	-5.602947090641872
199010824187840.9	0.07362226251032152	-8.972116160598246	0.3776460545415474	-7.111311950835706	0.3930130619313155	-7.013470134461823	0.01796703930021723	-5.588910066425641
198931431571808.5	0.07407473818432257	-9.005626892400755	0.3820844126488656	-7.145702558761753	0.3972910563215875	-7.047878400025886	0.01764475872379816	-5.573778687110170
198852102275687.9	0.07452412078476114	-9.039175783996415	0.3865251377609281	-7.180177836442090	0.4015694597937650	-7.082354793030061	0.01741615482077468	-5.558699080536437
198772836223757.7	0.07497050091542534	-9.072763427145263	0.3909669834496461	-7.214734389292739	0.4058468291370327	-7.116899238780412	0.01726822877839390	-5.544612910625782
198693633340417.1	0.07541395815229057	-9.106390913834785	0.3954087615799296	-7.249368898977811	0.4101215410980643	-7.151511159242875	0.01718601792499311	-5.532160403224371
198614493550185.9	0.07585455547971763	-9.140059829421297	0.3998493424303459	-7.284078140243464	0.4143918669945785	-7.186189380976847	0.01715460815604051	-5.521649028809726
198535416777704.0	0.07629233354047067	-9.173772237490033	0.4042876528403797	-7.318858995480240	0.4186560589775979	-7.220932110550748	0.01716091932097344	-5.513083809006242
198456402947731.5	0.07672730488231642	-9.207530659039236	0.4087226767646339	-7.353708470275535	0.4229124407624144	-7.255736980131246	0.01719502774709922	-5.506241550985427
198377451985147.8	0.07715944811608975	-9.241338042408515	0.4131534523628510	-7.388623704856979	0.4271594916246979	-7.290601155674364	0.01725092289142945	-5.500767835163854
198298563814952.3	0.07758870211643619	-9.275197724894424	0.4175790669498941	-7.423601983109349	0.4313959156709876	-7.325521496456869	0.01732668296916124	-5.496278587048805
198219738362263.2	0.07801496043194374	-9.309113388723208	0.4219986537504873	-7.458640741585033	0.4356206904011305	-7.360494751108311	0.01742411123764492	-5.492452907097005
198140975552317.9	0.07843806590219528	-9.343089009636731	0.4264113870503979	-7.493737575861636	0.4398330882031351	-7.395517769327504	0.01754791458185939	-5.489107645681294
198062275310472.7	0.07885780558747225	-9.377128799144774	0.4308164767055983	-7.528890244924521	0.4440326684971544	-7.430587708765732	0.01770453008852162	-5.486246065100810
197983637562202.2	0.07927390609205887	-9.411237141059294	0.4352131620887116	-7.564096673563093	0.4482192407811982	-7.465702216940457	0.01790073884538058	-5.484074474742243
197905062233099.6	0.07968602935936370	-9.445418523016265	0.4396007055599915	-7.599354952790253	0.4523928016644004	-7.500859570645106	0.01814224081004045	-5.482983722009793
197826549248876.0	0.08009376901249972	-9.479677463783769	0.4439783855571809	-7.634663338316270	0.4565534515234513	-7.536058759532367	0.01843238582315229	-5.483497829259719
197748098535360.2	0.08049664730871922	-9.514018437215000	0.4483454894042151	-7.670020247127465	0.4607012984259999	-7.571299505974400	0.01877124468234059	-5.486198948647228
197669710018498.9	0.08089411276881284	-9.548445793760530	0.4527013059434433	-7.705424252241729	0.4648363582397734	-7.606582219384199	0.01915515082997277	-5.491643511389437
197591383624356.1	0.08128553853573779	-9.582963680473585	0.4570451180991522	-7.740874075731002	0.4689584602621378	-7.641907889366727	0.01957675661747650	-5.500286145025352
197513119279112.8	0.08167022150623533	-9.617575960466143	0.4613761954819405	-7.776368580120079	0.4730671672264059	-7.677277927719226	0.02002555423243898	-5.512424575230014
197434916909066.9	0.08204738227162123	-9.652286132743852	0.4656937871439165	-7.811906758288127	0.4771617172082673	-7.712693973960811	0.02048873967340763	-5.528171853668876
197356776440633.2	0.08241616589201688	-9.687097253328700	0.4699971145934579	-7.847487722015196	0.4812409929090044	-7.748157682231884	0.02095226619467928	-5.547454927582527
197278697800342.9	0.08277564351980905	-9.722011858513440	0.4742853651756236	-7.883110689329864	0.4853035212219585	-7.783670508873191	0.02140194063009943	-5.570033457816718
197200680914843.1	0.08312481487683829	-9.757031891024916	0.4785576859203093	-7.918774970827093	0.4893475031491531	-7.819233519596651	0.02182444780508375	-5.595530915943063
197122725710897.3	0.08346261157878700	-9.792158629796150	0.4828131779545362	-7.954479955135121	0.4933708712988639	-7.854847232997644	0.02220822757154852	-5.623470781159632
197044832115384.6	0.08378790129259804	-9.827392623929786	0.4870508915685356	-7.990225093718325	0.4973713696303127	-7.890511513506283	0.02254416322771725	-5.653312827905741
196967000055299.5	0.08409949270131398	-9.862733631346146	0.4912698220170584	-8.026009885209046	0.5013466480707368	-7.926225522035606	0.02282606368603713	-5.684486864466503
196889229457752.1	0.08439614124322514	-9.898180562487942	0.4954689061280434	-8.061833859464040	0.5052943632996558	-7.961987727121736	0.02305093479829683	-5.716423145660659
196811520249967.1	0.08467655558420936	-9.933731429338735	0.4996470197804958	-8.097696561542641	0.5092122765013177	-7.997795973747902	0.02321904072550454	-5.748579786849014
196733872359284.6	0.08493940477516782	-9.969383299902436	0.5038029763021754	-8.133597535801410	0.5130983392717862	-8.033647601843503	0.02333375797474127	-5.780467872531407
196656285713158.9	0.08518332604066102	-10.00513225818012	0.5079355258258427	-8.169536310296357	0.5169507600842158	-8.069539602130291	0.02340122631681726	-5.811674710742629
196578760239159.0	0.08540693314008960	-10.04097336958094	0.5120433556303474	-8.205512381677140	0.5207680456445619	-8.105468793923640	0.02342980525931774	-5.841884994129362
196501295864967.8	0.08560882523878362	-10.07690065160906	0.5161250914800254	-8.241525200748757	0.5245490139094993	-8.141432007931815	0.02342935430697069	-5.870898676532274
196423892518382.3	0.08578759622380984	-10.11290704959413	0.5201792999629561	-8.277574158866145	0.5282927782593719	-8.177426257140985	0.02341037093087892	-5.898643408725362
196346550127313.3	0.08594184439684954	-10.14898441716435	0.5242044918155918	-8.313658575313488	0.5319987050477002	-8.213448880463067	0.02338304111738600	-5.925178732148550
196269268619784.8	0.08607018247685254	-10.18512350110328	0.5281991262085976	-8.349777685806767	0.5356663492297201	-8.249497646786901	0.02335628006066135	-5.950689281076730
196192047923934.4	0.08617124784315340	-10.22131393020855	0.5321616159562937	-8.385930632242319	0.5392953747772263	-8.285570811064417	0.02333685875554480	-5.975465273763522
196114887968012.6	0.08624371295226534	-10.25754420773315	0.5360903336001983	-8.422116453796791	0.5428854679252508	-8.321667118733199	0.02332871827878557	-5.999870572795936
196037788680382.6	0.08628629586281798	-10.29380170678597	0.5399836179419402	-8.458334079581082	0.5464362518402811	-8.357785759461020	0.02333256126326896	-6.024301127573069
195960749989520.6	0.08629777080159122	-10.33007266876617	0.5438397817929812	-8.494582322694900	0.5499472111350090	-8.393926276412973	0.02334577802168578	-6.049138860136155
195883771824014.7	0.08627697870215251	-10.36634220515290	0.5476571221761143	-8.530859875195334	0.5534176335886453	-8.430088441439127	0.02336271886079732	-6.074707195220936
195806854112565.5	0.08622283767772065	-10.40259429875384	0.5514339265300903	-8.567165306135221	0.5568465743783977	-8.466272105814928	0.02337527592065507	-6.101234046665043
195729996783985.3	0.08613435334556059	-10.43881180874765	0.5551684830866183	-8.603497060093570	0.5602328467338107	-8.502477045043770	0.02337369737906843	-6.128826139609712
195653199767198.5	0.08601062896172974	-10.47497647661917	0.5588590905983550	-8.639853457614015	0.5635750396591239	-8.538702810231541	0.02334753669753839	-6.157456133299065
195576462991240.7	0.08585087531093728	-10.51106893340972	0.5625040683357163	-8.676232697237799	0.5668715611987828	-8.574948600355260	0.02328663738045259	-6.186961664253091
195499786385258.8	0.08565442030340822	-10.54706870819631	0.5661017662423903	-8.712632859096537	0.5701207032984610	-8.611213167025429	0.02318206735652042	-6.217053970871517
195423169878510.8	0.08542071823138325	-10.58295423782563	0.5696505751372394	-8.749051910015492	0.5733207223639848	-8.647494760111126	0.02302693831610986	-6.247333332451389
195346613400365.6	0.08514935864023410	-10.61870287804648	0.5731489368495550	-8.785487710064267	0.5764699282465802	-8.683791118713611	0.02281706699228854	-6.277308996561152
195270116880302.8	0.08484007477481595	-10.65429091626529	0.5765953541749702	-8.821938020477848	0.5795667736951157	-8.720099507830231	0.02255145252024575	-6.306422225821002
195193680247912.3	0.08449275155656422	-10.68969358636394	0.5799884005411812	-8.858400512860738	0.5826099363839798	-8.756416796938996	0.02223255450704052	-6.334072200197941
195117303432894.2	0.08410743305456964	-10.72488508609123	0.5833267292754621	-8.894872779574937	0.5855983863910766	-8.792739573175153	0.02186636044277451	-6.359645455610803
195040986365058.7	0.08368432941091901	-10.75983859774904	0.5866090823701556	-8.931352345203877	0.5885314334153248	-8.829064278924644	0.02146223035635454	-6.382550062961919
194964728974325.5	0.08322382318079306	-10.79452631307388	0.5898342986475804	-8.967836678977129	0.5914087499097124	-8.865387361826015	0.02103250421254795	-6.402255590389421
194888531190724.3	0.08272647504755595	-10.82891946339751	0.5930013212319084	-9.004323208031710	0.5942303684902306	-8.901705424461788	0.02059185783620650	-6.418338760646437
194812392944393.8	0.08219302887236296	-10.86298835638188	0.5961092042430602	-9.040809331382970	0.5969966542551494	-8.938015361443947	0.02015640187547602	-6.430532392343744
194736314165581.9	0.08162441603308558	-10.89670242087192	0.5991571186355204	-9.077292434470746	0.5997082548038404	-8.974314473050921	0.01974254178494006	-6.438771781209842
194660294784645.4	0.08102175900532696	-10.93003026162992	0.6021443571141032	-9.113769904145199	0.6023660325856715	-9.010600546925025	0.01936565924124502	-6.443228894585651
194584334732049.9	0.08038637413396650	-10.96293972597853	0.6050703380682040	-9.150239143953195	0.6049709855953892	-9.046871902317147	0.01903873412208735	-6.444322312299590
194508433938369.5	0.07971977353664848	-10.99539798463626	0.6079346084763314	-9.186697589585183	0.6075241632435380	-9.083127394692703	0.01877108661334919	-6.442692049818557
194432592334286.4	0.07902366607358353	-11.02737162930306	0.6107368457434458	-9.223142724342274	0.6100265844314303	-9.119366381898534	0.01856745456120481	-6.439134864797287
194356809850591.2	0.07829995731235488	-11.05882678975872	0.6134768584447793	-9.259572094483723	0.6124791644394748	-9.155588656253601	0.01842760329676362	-6.434506508449198
194281086418181.8	0.07755074840250840	-11.08972927352868	0.6161545859612010	-9.295983324317396	0.6148826562759765	-9.191794349561828	0.01834658207030057	-6.429608536743088
194205421968064.4	0.07677833376795773	-11.12004473129156	0.6187700970028514	-9.332374130897343	0.6172376107085710	-9.227983820023813	0.01831561262776513	-6.425083236749651
194129816431352.2	0.07598519751266128	-11.14973885134357	0.6213235870293861	-9.368742338197372	0.6195443574744137	-9.264157531136551	0.01832346733752362	-6.421337739374009
194054269739265.8	0.07517400842146801	-11.17877758646703	0.6238153745868988	-9.405085890633892	0.6218030082876253	-9.300315932891589	0.01835811319052249	-6.418509015197510
193978781823132.8	0.07434761342807381	-11.20712741641303	0.6262458965929375	-9.441402865816272	0.6240134804009967	-9.336459354933792	0.01840838412093889	-6.416470270632602
193903352614387.6	0.07350902941033191	-11.23475564893110	0.6286157026123458	-9.477691486410732	0.6261755378001718	-9.372587919905413	0.01846548415463719	-6.414871245191990
193827982044571.2	0.07266143316198019	-11.26163076178014	0.6309254481773448	-9.513950131010379	0.6282888457450311	-9.408701483131042	0.01852418595203619	-6.413202079527018
193752670045330.9	0.07180814938553672	-11.28772278735397	0.6331758872156041	-9.550177343913417	0.6303530334344514	-9.444799602331811	0.01858364381746347	-6.410871675034794
193677416548420.5	0.07095263654730416	-11.31300374045575	0.6353678636595980	-9.586371843720654	0.6323677591151556	-9.480881538390785	0.01864777265371416	-6.407294170555132
193602221485699.5	0.07009847044042869	-11.33744808827993	0.6375023023195006	-9.622532530674473	0.6343327720066998	-9.516946285589789	0.01872515651606004	-6.401978809513919
193527084789133.2	0.06924932531507393	-11.36103325972829	0.6395801991097396	-9.658658492672370	0.6362479659302899	-9.552992627412895	0.01882845607347629	-6.394617562149034
193452006390792.7	0.06840895245974378	-11.38374018888042	0.6416026107264777	-9.694749009901466	0.6381134204579814	-9.589019212143001	0.01897330304405005	-6.385161304064736
193376986222854.2	0.06758115615206688	-11.40555388468605	0.6435706438790697	-9.730803558052484	0.6399294266198288	-9.625024641180252	0.01917671994776305	-6.373870740151714
193302024217599.2	0.06676976695713362	-11.42646401575824	0.6454854441834572	-9.766821810086526	0.6416964956063156	-9.661007562401673	0.01945519212262786	-6.361325935254198
193227120307414.1	0.06597861241629770	-11.44646549582079	0.6473481848288605	-9.802803636542091	0.6434153503579149	-9.696966760885287	0.01982262905825109	-6.348382226818457
193152274424790.2	0.06521148526346599	-11.46555905181469	0.6491600551313814	-9.838749104384544	0.6450869013057191	-9.732901239974872	0.02028853926719062	-6.336072290328686
193077486502323.2	0.06447210941562477	-11.48375175332538	0.6509222490889708	-9.874658474416119	0.6467122087195217	-9.768810286813370	0.02085675190435433	-6.325470980341513
193002756472713.2	0.06376410410671313	-11.50105747912389	0.6526359540515934	-9.910532197278986	0.6482924350452863	-9.804693517999104	0.02152491977518645	-6.317553167032518
192928084268764.5	0.06309094667825033	-11.51749729450242	0.6543023396185506	-9.946370908100239	0.6498287912134628	-9.840550902804241	0.02228485872619387	-6.313077154884629
192853469823385.3	0.06245593468030906	-11.53309971228510	0.6559225468713879	-9.982175419841491	0.6513224811573883	-9.876382763231572	0.02312359121806367	-6.312515844935776
192778913069587.7	0.06186214808387496	-11.54790081113447	0.6574976780461643	-10.01794671543118	0.6527746486927369	-9.912189751978261	0.02402484109092718	-6.316040760204853
192704413940486.9	0.06131241253276719	-11.56194418749297	0.6590287867427260	-10.05368593877112	0.6541863305123022	-9.947972810956644	0.02497070199954088	-6.323549271133205
192629972369302.1	0.06080926466647151	-11.57528072236189	0.6605168687611780	-10.08939438472060	0.6555584183976450	-9.983733114301284	0.02594325284759660	-6.334718238865407
192555588289355.2	0.06035492061421920	-11.58796815058567	0.6619628528245677	-10.12507348938081	0.6568916330898371	-10.01947200050333	0.02692597510240386	-6.349067770493480
192481261634071.0	0.05995124873865299	-11.60007043210742	0.6633675950693005	-10.16072481529342	0.6581865102850881	-10.05519089994779	0.02790490107835901	-6.366023527213063
192406992336977.5	0.05959974773032092	-11.61165692851520	0.6647318706534351	-10.19635004124790	0.6594434005232828	-10.09089126157794	0.02886947136652059	-6.384971538733640
192332780331704.8	0.05930153095134337	-11.62280140650574	0.6660563677427214	-10.23195094958510	0.6606624812462797	-10.12657448511380	0.02981310276371008	-6.405303736037455
192258625551985.6	0.05905731778621448	-11.63358089686939	0.6673416827987956	-10.26752941256000	0.6618437797756130	-10.16224186296131	0.03073347341087581	-6.426454809888076
192184527931654.7	0.05886743251357721	-11.64407444735187	0.6685883165290524	-10.30308737891543	0.6629872052228680	-10.19789453518940	0.03163252887998486	-6.447931813370878
192110487404648.8	0.05873181091300319	-11.65436181570849	0.6697966708067016	-10.33862686039256	0.6640925866509224	-10.23353346009514	0.03251620964661554	-6.469337669547232
192036503905006.4	0.05865001451219030	-11.66452215337580	0.6709670465616267	-10.37414991832687	0.6651597145901136	-10.26915940165220	0.03339390249660295	-6.490388927584503
191962577366867.7	0.05862125205829621	-11.67463273110896	0.6720996426298955	-10.40965865047200	0.6661883829565608	-10.30477293397360	0.03427762941968562	-6.510927159188699
191888707724474.1	0.05864440750441921	-11.68476775516254	0.6731945555377356	-10.44515517819150	0.6671784285387084	-10.34037446186356	0.03518100849579250	-6.530922666417203
191814894912168.3	0.05871807354304501	-11.69499731665494	0.6742517801838540	-10.48064163414788	0.6681297655136854	-10.37596425559491	0.03611805018037958	-6.550468992243356
191741138864393.8	0.05884058952234831	-11.70538650810446	0.6752712113729820	-10.51612015061036	0.6690424128697364	-10.41154249730926	0.03710188369289603	-6.569767287976686
191667439515695.1	0.05901008245910973	-11.71599473072721	0.6762526461433243	-10.55159284849178	0.6699165131125178	-10.44710933589871	0.03814353333267272	-6.589100888788536
191593796800717.3	0.05922450980615427	-11.72687520495175	0.6771957868213470	-10.58706182721188	0.6707523411916576	-10.48266494688689	0.03925087411421736	-6.608802186804509
191520210654205.6	0.05948170265279262	-11.73807468568159	0.6781002447292487	-10.62252915547010	0.6715503031553850	-10.51820959368995	0.04042788356564497	-6.629215531377598
191446681011005.9	0.05977940811998618	-11.74963337397481	0.6789655444636309	-10.65799686299668	0.6723109246044480	-10.55374368668133	0.04167427153742234	-6.650660835361819
191373207806063.7	0.06011532984293237	-11.76158500865718	0.6797911286584040	-10.69346693333537	0.6730348295498350	-10.58926783668165	0.04298551943332740	-6.673402447575702
191299790974424.5	0.06048716559981297	-11.77395711528236	0.6805763631408187	-10.72894129769378	0.6737227107668293	-10.62478289983204	0.04435330644724304	-6.697626692712980
191226430451233.6	0.06089264133271323	-11.78677138592238	0.6813205423868602	-10.76442182988206	0.6743752931661101	-10.66029001126684	0.04576625552644053	-6.723429693632633
191153126171735.3	0.06132954099785499	-11.80004416140294	0.6820228951811099	-10.79991034234379	0.6749932920625411	-10.69579060555884	0.04721090398888880	-6.750815261977676
191079878071273.5	0.06179573187075865	-11.81378698753754	0.6826825903863576	-10.83540858326657	0.6755773685026775	-10.73128642256011	0.04867279476007961	-6.779701261368824
191006686085291.1	0.06228918510278710	-11.82800721829437	0.6832987427300508	-10.87091823474515	0.6761280840031015	-10.76677949797777	0.05013759041914901	-6.809932141630881
190933550149329.9	0.06280799147744980	-11.84270864126086	0.6838704185176636	-10.90644091195392	0.6766458571417309	-10.80227213879528	0.05159212736221842	-6.841295271832752
190860470199030.4	0.06335037244577610	-11.85789210386531	0.6843966411874956	-10.94197816327233	0.6771309244196205	-10.83776688445174	0.05302534528235500	-6.873539057001949
190787446170131.3	0.06391468662502325	-11.87355612224101	0.6848763966270934	-10.97753147129458	0.6775833076654543	-10.87326645548554	0.05442904361603176	-6.906391360651475
190714477998470.2	0.06449943202862381	-11.88969745811267	0.6853086381781450	-11.01310225464203	0.6780027899833206	-10.90877369210335	0.05579842976811537	-6.939577272664037
190641565619982.2	0.06510324435925631	-11.90631165242751	0.6856922912645261	-11.04869187048857	0.6783889018450714	-10.94429148580386	0.05713243392830222	-6.972835640593706
190568708970700.6	0.06572489174094924	-11.92339350752961	0.6860262575867498	-11.08430161769896	0.6787409184146070	-10.97982270772110	0.05843377351770673	-7.005933979425709
190495907986756.7	0.06636326629879405	-11.94093751241194	0.6863094188354311	-11.11993274047418	0.6790578685782872	-11.01537013771248	0.05970875869636532	-7.038681404068703
190423162604378.8	0.06701737301397409	-11.95893820792936	0.6865406398863869	-11.15558643239326	0.6793385554709126	-11.05093639836235	0.06096684083070417	-7.070939141147784
190350472759893.1	0.06768631628893691	-11.97739049084208	0.6867187714502511	-11.19126384073506	0.6795815875714321	-11.08652389796754	0.06221991973493765	-7.102628045808739
190277838389722.7	0.06836928466229150	-11.99628985720725	0.6868426521601794	-11.22696607096461	0.6797854187308268	-11.12213478621521	0.06348144322047492	-7.133732460714034
190205259430387.8	0.06906553410703957	-12.01563258695948	0.6869111100920622	-11.26269419126585	0.6799483948391484	-11.15777092563930	0.06476535295396727	-7.164299791160666
190132735818505.3	0.06977437034370143	-12.03541587189259	0.6869229633206874	-11.29844923886547	0.6800688046866197	-11.19343388109889	0.06608495125651706	-7.194435396737783
190060267490789.0	0.07049513055734968	-12.05563789356032	0.6868770211381874	-11.33423222093067	0.6801449302875918	-11.22912492840744	0.06745177976883054	-7.224292798699527
189987854384048.8	0.07122716493113643	-12.07629785256217	0.6867720840331966	-11.37004411756915	0.6801750947496499	-11.26484508200869	0.06887460969007669	-7.254059801655323
189915496435191.1	0.07196981838714572	-12.09739595284111	0.6866069421014401	-11.40588589012008	0.6801577050456338	-11.30059514050264	0.07035863943757864	-7.283941715534567
189843193581218.3	0.07272241283633170	-12.11893335114996	0.6863803745067182	-11.44175848208959	0.6800912837938566	-11.33637574720911	0.07190497764425324	-7.314143295649963
189770945759228.7	0.07348423028508702	-12.14091207365691	0.6860911480560825	-11.47766282168596	0.6799744892579350	-11.37218746196420	0.07351046150608623	-7.344851286434939
189698752906416.4	0.07425449707966896	-12.16333490613217	0.6857380154475725	-11.51359982370139	0.6798061211430119	-11.40803083925744	0.07516782436296343	-7.376219318080703
189626614960071.0	0.07503236953767652	-12.18620526330444	0.6853197132575446	-11.54957039067199	0.6795851111451505	-11.44390650707600	0.07686619029527320	-7.408356504383656
189554531857577.3	0.07581692118363827	-12.20952704285897	0.6848349597403337	-11.58557541326006	0.6793104982727448	-11.47981524043396	0.07859184292123519	-7.441320499334532
189482503536415.5	0.07660713176112523	-12.23330446934766	0.6842824525172431	-11.62161576981239	0.6789813901075282	-11.51575802358648	0.08032919468852837	-7.475115144821047
189410529934160.6	0.07740187815778871	-12.25754193296290	0.6836608662353553	-11.65769232506186	0.6785969122994019	-11.55173609540409	0.08206187310772316	-7.509692317298020
189338610988482.5	0.07819992733683236	-12.28224382775115	0.6829688502786053	-11.69380592795147	0.6781561496268846	-11.58775097330213	0.08377384036856904	-7.544957238348179
189266746637145.8	0.07899993132716422	-12.30741439337335	0.6822050266144670	-11.72995740857111	0.6776580828001455	-11.62380445245405	0.08545046983550567	-7.580776368698103
189194936818009.4	0.07980042428777708	-12.33305756400523	0.6813679878593099	-11.76614757421168	0.6771015257544193	-11.65989857868606	0.08707951385076818	-7.616987021842807
189123181469026.5	0.08059982162388631	-12.35917682741426	0.6804562956438667	-11.80237720455197	0.6764850684211731	-11.69603559534451	0.08865190941517633	-7.653407949735454
189051480528244.7	0.08139642109771279	-12.38577509666525	0.6794684793575030	-11.83864704600529	0.6758070298276676	-11.73221786641078	0.09016238000555513	-7.689850304085068
188979833933805.0	0.08218840584807875	-12.41285459632164	0.6784030353460331	-11.87495780526512	0.6750654258479356	-11.76844778005512	0.09160980244521293	-7.726128510863017
188908241623942.4	0.08297384920523619	-12.44041676443423	0.6772584266329651	-11.91131014209844	0.6742579550380471	-11.80472763851407	0.09299731768779687	-7.762070680916114
188836703536985.6	0.08375072116671446	-12.46846217106433	0.6760330832278994	-11.94770466144583	0.6733820047853846	-11.84105954150092	0.09433217450035263	-7.797528205174778
188765219611356.5	0.08451689638189508	-12.49699045358486	0.6747254030789807	-11.98414190489662	0.6724346785630897	-11.87744527118852	0.09562530644818341	-7.832384156512940
188693789785570.2	0.08527016349632016	-12.52600026810462	0.6733337538044548	-12.02062234302610	0.6714128439976932	-11.91388618731978	0.09689065646683229	-7.866560069743517
188622413998234.8	0.08600823563637348	-12.55548925778694	0.6718564750794176	-12.05714636451777	0.6703131980431385	-11.95038313967643	0.09814427873885770	-7.900020603828036
188551092188051.5	0.08672876184306844	-12.58545403711650	0.6702918813701441	-12.09371426167829	0.6691323451115200	-11.98693640443950	0.09940326634461558	-7.932775598866524
188479824293813.8	0.08742933946221851	-12.61589018631156	0.6686382663193293	-12.13032622770367	0.6678668884747793	-12.02354565299131	0.1006845750643954	-7.964879176795489
188408610254408.1	0.08810752705297452	-12.64679226159894	0.6668939073414025	-12.16698234328986	0.6665135213321052	-12.06020995221438	0.1020038239215468	-7.996425598134721
188337450008812.8	0.08876085779728789	-12.67815381555581	0.6650570711558212	-12.20368256613933	0.6650691156125954	-12.09692779965941	0.1033741698666925	-8.027542000414092
188266343496098.7	0.08938685321248574	-12.70996742693872	0.6631260201138540	-12.24042672047125	0.6635308010976714	-12.13369719146616	0.1048053532721602	-8.058378451569510
188195290655428.3	0.08998303701616890	-12.74222473843545	0.6610990193007735	-12.27721448663566	0.6618960289193989	-12.17051571888125	0.1063030018758559	-8.089096123431059
188124291426056.3	0.09054694899865591	-12.77491650080638	0.6589743443853163	-12.31404539092659	0.6601626144747651	-12.20738068686053	0.1078682597639582	-8.119854671799702
188053345747328.7	0.09107615877295368	-12.80803262194027	0.6567502901787371	-12.35091879568948	0.6583287561993876	-12.24428924625971	0.1094977776365980	-8.150800040113097
187982453558683.1	0.09156827928270103	-12.84156221944961	0.6544251798565892	-12.38783388981326	0.6563930284002914	-12.28123852967791	0.1111840653457879	-8.182053848418491
187911614799648.3	0.09202097996173950	-12.87549367553763	0.6519973747877605	-12.42478967969418	0.6543543483202671	-12.31822578025875	0.1129161729478384	-8.213705301356182
187840829409844.3	0.09243199945081945	-12.90981469299598	0.6494652849072287	-12.46178498075409	0.6522119196620525	-12.35524846276773	0.1146806372948292	-8.245806204075164
187770097328982.1	0.09279915778787083	-12.94451235133234	0.6468273795615627	-12.49881840958845	0.6499651567786869	-12.39230434709499	0.1164626109064084	-8.278369292023340
187699418496863.3	0.09312036800116891	-12.97957316215024	0.6440821987499145	-12.53588837681618	0.6476135954649154	-12.42939155595412	0.1182470797163991	-8.311369734511199
187628792853380.2	0.09339364704350082	-13.01498312304499	0.6412283646771848	-12.57299308069578	0.6451567976331856	-12.46650857088844	0.1200200754421495	-8.344749413754990
187558220338515.6	0.09361712603531533	-13.05072776935624	0.6382645939794425	-12.61013050282156	0.6425942586288495	-12.50365419437827	0.1217697951491978	-8.378423433553669
187487700892342.4	0.09378905971489222	-13.08679222359210	0.6351897092246288	-12.64729840197383	0.6399253235612453	-12.54082746613691	0.1234875493986999	-8.412288233323871
187417234455023.8	0.09390783508175619	-13.12316124163801	0.6320026494988579	-12.68449430703519	0.6371491208070814	-12.57802753709679	0.1251684750836396	-8.446230707164304
187346820966812.8	0.09397197936184970	-13.15981925550588	0.6287024844429615	-12.72171552021093	0.6342645255257342	-12.61525351590051	0.1268119687025747	-8.480137803545654
187276460368052.1	0.09398016702026250	-13.19675041309404	0.6252884251515349	-12.75895911274572	0.6312701492963680	-12.65250428673916	0.1284217979595700	-8.513906001949161
187206152599174.1	0.09393122596835023	-13.23393861422506	0.6217598356434803	-12.79622192414719	0.6281643645884817	-12.68977831744612	0.1300058776771076	-8.547450191164927
187135897600700.5	0.09382414292242045	-13.27136754308024	0.6181162439768662	-12.83350056245912	0.6249453635914315	-12.72707347035785	0.1315757083308889	-8.580711419777916
187065695313242.5	0.09365806791186077	-13.30902069704481	0.6143573529109271	-12.87079140560185	0.6216112496060802	-12.76438683051370	0.1331454967131783	-8.613662991727949
186995545677500.0	0.09343231793976073	-13.34688141200895	0.6104830500204009	-12.90809060379549	0.6181601566645879	-12.80171456538789	0.1347310009216260	-8.646314392836599
186925448634262.2	0.09314637980255228	-13.38493288421634	0.6064934171700445	-12.94539408307755	0.6145903907384880	-12.83905182898331	0.1363481660050196	-8.678712597295482
186855404124406.7	0.09279991207895803	-13.42315818877874	0.6023887392606850	-12.98269754992258	0.6109005839770862	-12.87639272081502	0.1380116398706044	-8.710940441299787
186785412088900.0	0.09239274630200366	-13.46154029499343	0.5981695121623945	-13.01999649697053	0.6070898520391028	-12.91373030721487	0.1397332780379177	-8.743111973600703
186715472468796.8	0.09192488733066204	-13.50006207862090	0.5938364497549559	-13.05728620986747	0.6031579438559221	-12.95105670868843	0.1415207565700120	-8.775364984642687
186645585205240.2	0.09139651294026105	-13.53870633128533	0.5893904900011137	-13.09456177522138	0.5991053731556720	-12.98836325296585	0.1433764115894569	-8.807851235318164
186575750239461.2	0.09080797263664485	-13.57745576819993	0.5848328012673136	-13.13181809116205	0.5949335228920036	-13.02564069190548	0.1452964110383679	-8.840725198696486
186505967512779.0	0.09015978577481323	-13.61629303006820	0.5801647831754935	-13.16904987368195	0.5906447091872995	-13.06287946173820	0.1472703285962177	-8.874132278814095
186436236966600.2	0.08945263894598449	-13.65520068584302	0.5753880709877779	-13.20625167027109	0.5862422064125493	-13.10006999299829	0.1492811717019779	-8.908197595902301
186366558542419.3	0.08868738265883075	-13.69416123319118	0.5705045380966466	-13.24341787323961	0.5817302243893359	-13.13720304401532	0.1513058578300410	-8.943016232025746
186296932181818.2	0.08786502738987559	-13.73315709558941	0.5655162956425955	-13.28054273235726	0.5771138362086562	-13.17427003799795	0.1533161007774928	-8.978645621073330
186227357826465.8	0.08698673900344402	-13.77217061808936	0.5604256915609553	-13.31762036948457	0.5723988606233854	-13.21126338981409	0.1552796429218229	-9.015100469014614
186157835418118.5	0.08605383357813140	-13.81118406138469	0.5552353083175788	-13.35464479430486	0.5675917033435697	-13.24817680202509	0.1571617462944523	-9.052350257524918
186088364898619.2	0.08506777167262483	-13.85017959432260	0.5499479593132935	-13.39160992114964	0.5626991648666434	-13.28500551227246	0.1589268483347354	-9.090319125804019
186018946209898.0	0.08403015206456616	-13.88913928499577	0.5445666839444524	-13.42850958690830	0.5577282246983856	-13.32174647632318	0.1605402902080113	-9.128887754246891
185949579293971.4	0.08294270499698486	-13.92804509054314	0.5390947413150687	-13.46533757000794	0.5526858134274439	-13.35839847434543	0.1619700345928492	-9.167896803653957
185880264092942.3	0.08180728496773085	-13.96687884577765	0.5335356026040273	-13.50208761044497	0.5475785849903324	-13.39496213213462	0.1631883025523646	-9.207151483395011
185811000549000.1	0.08062586309829654	-14.00562225074392	0.5278929420989317	-13.53875343084559	0.5424127015415839	-13.43143985379493	0.1641730725077096	-9.246426907098950
185741788604420.2	0.07940051904985293	-14.04425685881723	0.5221706279078940	-13.57532875880495	0.5371936430111669	-13.46783567025560	0.1649093976512514	-9.285474018740539
185672628201563.9	0.07813343276094142	-14.08276406004431	0.5163727087064670	-13.61180734919454	0.5319260499491436	-13.50415500054315	0.1653905002428070	-9.324025996194219
185603519282878.4	0.07682687586801612	-14.12112506431443	0.5105034000317341	-13.64818300820632	0.5266136095849912	-13.54040434623029	0.1656186169559115	-9.361805180586652
185534461790896.7	0.07548320256247927	-14.15932088991076	0.5045670731457599	-13.68444961889692	0.5212589911155396	-13.57659094382370	0.1656055713617198	-9.398530668538648
185465455668237.1	0.07410484050219533	-14.19733234502228	0.4985682385817910	-13.72060116628346	0.5158638296946312	-13.61272237176333	0.1653730324978012	-9.433926744063390
185396500857603.2	0.07269428144816874	-14.23514001044101	0.4925115298933630	-13.75663176358050	0.5104287607368284	-13.64880614753407	0.1649524363224448	-9.467732348088438
185327597301784.0	0.07125407174853235	-14.27272422155850	0.4864016863890501	-13.79253567901569	0.5049535003367955	-13.68484933248239	0.1643845352035044	-9.499711692974453
185258744943653.3	0.06978680270914614	-14.31006504963801	0.4802435349332961	-13.82830736309916	0.4994369655025066	-13.72085816436463	0.1637185434753167	-9.529665964530576
185189943726169.8	0.06829510089058344	-14.34714228230806	0.4740419709028956	-13.86394147619980	0.4938774257269030	-13.75683773524351	0.1630108539145787	-9.557445786255961
185121193592377.2	0.06678161837128259	-14.38393540318832	0.4678019383975124	-13.89943291625954	0.4882726758927225	-13.79279172874012	0.1623233160523027	-9.582963760438329
185052494485403.3	0.06524902301669101	-14.42042357051918	0.4615284098114156	-13.93477684645308	0.4826202197165713	-13.82872222611979	0.1617210956126846	-9.606205987849318
184983846348460.5	0.06369998869974901	-14.45658559619357	0.4552263655725221	-13.96996872218263	0.4769174528525391	-13.86462958800759	0.1612701775750327	-9.627241085082920
184915249124845.5	0.06213718575845663	-14.49239992070931	0.4489007722353325	-14.00500431800873	0.4711618356737063	-13.90051240428601	0.1610346245371756	-9.646224996618171
184846702757939.0	0.06056327190045388	-14.52784458129314	0.4425565583476058	-14.03987975555423	0.4653510477739000	-13.93636750290748	0.1610737616327855	-9.663399983911743
184778207191205.6	0.05898088235603190	-14.56289719311522	0.4361985966623385	-14.07459152627810	0.4594831160272472	-13.97219003770960	0.1614395247384214	-9.679086669200899
184709762368193.6	0.05739262098387210	-14.59753491525633	0.4298316808625075	-14.10913651583871	0.4535565135049811	-14.00797359907608	0.1621741985185753	-9.693668972150507
184641368232535.2	0.05580105142149706	-14.63173441684024	0.4234605040268146	-14.14351202595898	0.4475702270418996	-14.04371035566588	0.1633087887267626	-9.707572989272446
184573024727945.8	0.05420868852518091	-14.66547183906019	0.4170896374358597	-14.17771579418277	0.4415237945625766	-14.07939120447950	0.1648621983529229	-9.721242081554177
184504731798224.0	0.05261799014115232	-14.69872275211778	0.4107235098850033	-14.21174601113873	0.4354173155854851	-14.11500591220336	0.1668412800293415	-9.735111261541102
184436489387251.9	0.05103134925041332	-14.73146210587840	0.4043663876738388	-14.24560133491412	0.4292514403506942	-14.15054323246232	0.1692417174159800	-9.749584136237310
184368297438994.3	0.04945108653021216	-14.76366417279176	0.3980223554447677	-14.27928090213090	0.4230273445237625	-14.18599098655293	0.1720495756723293	-9.765015102370601
184300155897499.1	0.04787944337247087	-14.79530248137025	0.3916952980613101	-14.31278433528455	0.4167466972978797	-14.22133609931560	0.1752432805368328	-9.781698388797317
184232064706896.6	0.04631857499542650	-14.82634974369229	0.3853888855419150	-14.34611174262384	0.4104116293343387	-14.25656459478924	0.1787957552053589	-9.799864235118035
184164023811399.7	0.04477054578035283	-14.85677774565121	0.3791065516636679	-14.37926372675241	0.4040247160364127	-14.29166151127928	0.1826764332193011	-9.819681376696460
184096033155304.0	0.04323732270200152	-14.88655725506908	0.3728514858473415	-14.41224136892021	0.3975889670780823	-14.32661082845706	0.1868529749264006	-9.841264175584584
184028092682986.8	0.04172077106900404	-14.91565788560847	0.3666266187886588	-14.44504622064114	0.3911078419297157	-14.36139533392024	0.1912925039312242	-9.864682527477575
183960202338908.0	0.04022265055319797	-14.94404794155509	0.3604346119357515	-14.47768028666541	0.3845852866545695	-14.39599649013599	0.1959623145481975	-9.889972691302578
183892362067609.1	0.03874461197348261	-14.97169423257205	0.3542778489403439	-14.51014600207527	0.3780257934614689	-14.43039431558730	0.2008300445484845	-9.917147552173089
183824571813713.5	0.03728819489058238	-14.99856185251531	0.3481584292050923	-14.54244620326492	0.3714344804858333	-14.46456730583547	0.2058633662567473	-9.946205271852241
183756831521926.1	0.03585482607206046	-15.02461391538160	0.3420781636327229	-14.57458409261966	0.3648171866970048	-14.49849242224993	0.2110292888979644	-9.977135732384692
183689141137033.4	0.03444581889030292	-15.04981124029240	0.3360385726636146	-14.60656319676803	0.3581805744619022	-14.53214517672152	0.2162931903688176	-10.00992456981856
183621500603903.3	0.03306237354847050	-15.07411197770183	0.3300408872540607	-14.63838731634044	0.3515322292566940	-14.56549984254501	0.2216177101831156	-10.04455489451849
183553909867484.7	0.03170557877247419	-15.09747116011328	0.3240860508482049	-14.67006047352221	0.3448807488271313	-14.59852980601188	0.2269616293916473	-10.08100701625091
183486368872807.6	0.03037641479949846	-15.11984016864021	0.3181747234054049	-14.70158685571504	0.3382358090338757	-14.63120808354082	0.2322788613424218	-10.11925660088662
183418877564982.8	0.02907575650802371	-15.14116611074845	0.3123072914523852	-14.73297073973081	0.3316081862187890	-14.66350803793659	0.2375176685918517	-10.15927170543314
183351435889202.1	0.02780437888858440	-15.16139107341296	0.3064838770171278	-14.76421642162008	0.3250097375606118	-14.69540426291318	0.2426201698217496	-10.20100918329730
183284043790737.6	0.02656296364280706	-15.18045124580428	0.3007043499142801	-14.79532813733563	0.3184533214696351	-14.72687365307510	0.2475222053023793	-10.24441081874548
183216701214941.8	0.02535210732243880	-15.19827588778690	0.2949683422505479	-14.82630997785002	0.3119526516541989	-14.75789663641673	0.2521535900470840	-10.28939947604107
183149408107247.8	0.02417233113771178	-15.21478612155793	0.2892752650355832	-14.85716579904956	0.3055220795229334	-14.78845853754348	0.2564387636921166	-10.33587542398028
183082164413168.5	0.02302409258302421	-15.22989352229087	0.2836243267593450	-14.88789912674463	0.2991763029878338	-14.81855102432390	0.2602978280377100	-10.38371287441239
183014970078297.0	0.02190779894178084	-15.24349848291147	0.2780145540913471	-14.91851305511850	0.2929300027482218	-14.84817357581960	0.2636479520212117	-10.43275665638971
182947825048306.3	0.02082382313088772	-15.25548832933901	0.2724448137430569	-14.94901014320127	0.2867974146247234	-14.87733488801603	0.2664051154904671	-10.48281886109125
182880729268948.7	0.01977252246048321	-15.26573517280505	0.2669138343260530	-14.97939231819620	0.2807918529664071	-14.90605411963999	0.2684861641212119	-10.53367522229116
182813682686056.5	0.01875425872125650	-15.27409348197174	0.2614202333038324	-15.00966074947761	0.2749251842287903	-14.93436189696075	0.2698111733044483	-10.58506085508291
182746685245541.2	0.01776942233696258	-15.28039739227162	0.2559625417136996	-15.03981573904901	0.2692072931108221	-14.96230093575104	0.2703060979876836	-10.63666507650779
182679736893393.6	0.01681845947654385	-15.28445779380520	0.2505392305586429	-15.06985660309171	0.2636455540542630	-14.98992619420281	0.2699057366868196	-10.68812487472890
182612837575683.6	0.01590190273883788	-15.28605929561712	0.2451487377281454	-15.09978154992540	0.2582443388157219	-15.01730446142714	0.2685570493658439	-10.73901663517263
182545987238560.1	0.01502040565875077	-15.28495725054134	0.2397894952189317	-15.12958755415552	0.2530045899325494	-15.04451331639323	0.2662229033852114	-10.78884574463902
182479185828250.8	0.01417478113789700	-15.28087515881568	0.2344599564328622	-15.15927022661348	0.2479234896947103	-15.07163942927466	0.2628863605913063	-10.83703378973167
182412433291062.1	0.01336604345584390	-15.27350296224895	0.2291586238099068	-15.18882367338401	0.2429942493826287	-15.09877622373363	0.2585556651034234	-10.88290330297098
182345729573378.8	0.01259545377677329	-15.26249706976001	0.2238840744538787	-15.21824036959027	0.2382060514787418	-15.12602096471948	0.2532701343636314	-10.92566062823353
182279074621664.4	0.01186456627085804	-15.24748328133292	0.2186349871403651	-15.24751100584984	0.2335441434095468	-15.15347139696293	0.2471072094789390	-10.96437848896587
182212468382460.4	0.01117527235606914	-15.22806435186035	0.2134101683088096	-15.27662432797459	0.2289900982197705	-15.18122208494748	0.2401909102412115	-10.99798215237571
182145910802386.4	0.01052983751005859	-15.20383451643309	0.2082085765945509	-15.30556697612341	0.2245222409223947	-15.20936064059337	0.2327018464223195	-11.02524700735575
182079401828140.3	0.009930921477961407	-15.17440378035750	0.2030293467553461	-15.33432330892535	0.2201162215680810	-15.23796403238839	0.2248886071371442	-11.04482187684984
182012941406497.2	0.009381568983896658	-15.13943492291449	0.1978718126100154	-15.36287521401636	0.2157457131828565	-15.26709515555474	0.2170795542336897	-11.05530188569159
181946529484310.4	0.008885153682129329	-15.09869534293329	0.1927355289460549	-15.39120190242328	0.2113832038603035	-15.29679981258512	0.2096924717999563	-11.05538497494078
181880166008510.7	0.008445255348373726	-15.05212332661211	0.1876202925328050	-15.41927967941421	0.2070008460558558	-15.32710420677443	0.2032369320695869	-11.04414855358673
181813850926106.0	0.008065452234943947	-14.99990336428110	0.1825261617384219	-15.44708170249973	0.2025713300029249	-15.35801300388943	0.1983010662744980	-11.02145736336684
181747584184181.8	0.007749020900220104	-14.94253775786118	0.1774534752107090	-15.47457771848538	0.1980687426655323	-15.38950796032417	0.1955128946699483	-10.98843377122906
181681365729900.4	0.007498558410235629	-14.88089400372376	0.1724028705661087	-15.50173374072378	0.1934693690785639	-15.42154704887461	0.1954710186966492	-10.94779013806249
181615195510501.4	0.007315573745102848	-14.81620403687359	0.1673753015055094	-15.52851171749902	0.1887524253027958	-15.45406401040756	0.1986540612259737	-10.90373496765056
181549073473301.0	0.007200126528509164	-14.74999752733876	0.1623720547277266	-15.55486915240244	0.1839006914701049	-15.48696819950036	0.2053375610260780	-10.86129095596137
181482999565692.1	0.007150603568088127	-14.68396971694897	0.1573947666061619	-15.58075867861696	0.1789010337331538	-15.52014459064076	0.2155536504411123	-10.82523070420522
181416973735144.3	0.007163701720797004	-14.61980855441603	0.1524454399270374	-15.60612758107475	0.1737448088016954	-15.55345380596046	0.2291099120233326	-10.79913576622747
181350995929203.5	0.007234631378174480	-14.55902323294122	0.1475264610903754	-15.63091725351852	0.1684281499644654	-15.58673202709539	0.2456523371962087	-10.78498382729914
181285066095492.0	0.007357491471740014	-14.50281561744671	0.1426406179624720	-15.65506260869091	0.1629521461542315	-15.61979069207271	0.2647404022341043	-10.78328427145864
181219184181708.1	0.007525725729571740	-14.45201787610851	0.1377911191903732	-15.67849141226369	0.1573229184456942	-15.65241586831553	0.2859087776843278	-10.79350685041487
181153350135626.1	0.007732565981071073	-14.40709542738064	0.1329816154256397	-15.70112351688606	0.1515516046296209	-15.68436721692691	0.3087065302048029	-10.81453923597309
181087563905096.3	0.007971394988270939	-14.36819668531446	0.1282162227787835	-15.72287004350959	0.1456542775364684	-15.71537656210366	0.3327165598934481	-10.84503657618145
181021825438044.6	0.008236000022794664	-14.33522559171634	0.1234995494262612	-15.74363247520993	0.1396518051081109	-15.74514606328668	0.3575620660988856	-10.88363873732182
180956134682472.5	0.008520719821369184	-14.30791687632290	0.1188367259876023	-15.76330167643662	0.1335696688053460	-15.77334609132890	0.3829061206557568	-10.92908314993265
180890491586457.1	0.008820505513348282	-14.28590178706928	0.1142334403876196	-15.78175685037071	0.1274377529384188	-15.79961300704712	0.4084483515181273	-10.98025060601389
180824896098150.6	0.009130921431434598	-14.26875928422266	0.1096959778543062	-15.79886444347667	0.1212901122431114	-15.82354717305621	0.4339209262183907	-11.03617361294612
180759348165780.6	0.009448109411096776	-14.25605242792295	0.1052312668509382	-15.81447711248488	0.1151647296848885	-15.84471184980527	0.4590848427266551	-11.09602651540537
180693847737649.5	0.009768734495379019	-14.24735230921921	0.1008469310172462	-15.82843268661503	0.1091032439446642	-15.86263370407448	0.4837269089029567	-11.15910825306240
180628394762134.8	0.01008992417097690	-14.24225235905237	0.09655134739486733	-15.84055334494571	0.1031506463366603	-15.87680635943904	0.5076574527756279	-11.22482357941562
180562989187688.6	0.01040920856989296	-14.24037586668918	0.09235371029039675	-15.85064512042098	0.09735491007394646	-15.88669878638791	0.5307086904130679	-11.29266539466288
180497630962837.8	0.01072446555958649	-14.24137897640577	0.08826409916989077	-15.85849794843231	0.09176649960854154	-15.89177097337724	0.5527336286698427	-11.36219925812581
180432320036183.8	0.01103387243867232	-14.24495084498170	0.08429354748580381	-15.86388656934816	0.08643768134622550	-15.89149983739241	0.5736053748098557	-11.43305033659590
180367056356402.3	0.01133586454588387	-14.25081214696913	0.08045410709522910	-15.86657268759947	0.08142152720788609	-15.88541839008240	0.5932167346536972	-11.50489266695213
180301839872243.0	0.01162910068555740	-14.25871268290375	0.07675889986596175	-15.86630896618914	0.07677048143621897	-15.87317028432983	0.6114799943976406	-11.57744049374681
180236670532530.2	0.01191243444458933	-14.26842862912017	0.07322214364601859	-15.86284547714025	0.07253435923878140	-15.85457893512997	0.6283267942161235	-11.65044136442232
180171548286161.7	0.01218489037758819	-14.27975974314158	0.06985913469660887	-15.85593934994050	0.06875770379499081	-15.82972504942457	0.6437080102794371	-11.72367070248872
180106473082109.3	0.01244564474416501	-14.29252665227519	0.06668616243260910	-15.84536846641840	0.06547656617472103	-15.79901878322999	0.6575935747585980	-11.79692764671560
180041444869418.7	0.01269400971967734	-14.30656835565445	0.06372032607839233	-15.83094976917939	0.06271500148924618	-15.76324480824889	0.6699721701437602	-11.87003192600514
179976463597208.9	0.01292942049013776	-14.32173997152477	0.06097921853195626	-15.81256236622907	0.06048185557298118	-15.72355580276651	0.6808507437229150	-11.94282160261029
179911529214672.3	0.01315142458126957	-14.33791074426594	0.05848044312088827	-15.79017473123018	0.05876861968184692	-15.68139763117761	0.6902537971040271	-12.01515153490093
179846641671074.8	0.01335967319117710	-14.35496228830384	0.05624093773793810	-15.76387399873630	0.05754909413538806	-15.63836946697204	0.6982224183856631	-12.08689243989258
179781800915755.3	0.01355391412673750	-14.37278705661577	0.05427610291483206	-15.73389360024043	0.05678123763689529	-15.59604699598095	0.7048130352989019	-12.15793043670524
179717006898125.9	0.01373398522863588	-14.39128705108506	0.05259876900525817	-15.70063369209127	0.05641098837753925	-15.55581286038157	0.7100958747208814	-12.22816695270014
179652259567671.5	0.01389980918435241	-14.41037268917411	0.05121808505740569	-15.66466809043767	0.05637728438510206	-15.51873556322512	0.7141531414495149	-12.29751891607001
179587558873949.6	0.01405138882099092	-14.42996184508291	0.05013846482141336	-15.62673189268092	0.05661726746412978	-15.48551752158111	0.7170769316035888	-12.36591911545120
179522904766590.7	0.01418880284951210	-14.44997903655652	0.04935875788811886	-15.58768701829381	0.05707078194152791	-15.45650831987935	0.7189669163112841	-12.43331662748564
179458297195297.5	0.01431220178828141	-14.47035474432924	0.04887180967092612	-15.54846780592221	0.05768364899834661	-15.43176259631500	0.7199278439808579	-12.49967720796151
179393736109845.3	0.01442180441185924	-14.49102483034032	0.04866451944017296	-15.51001429530232	0.05840959304521132	-15.41111792096847	0.7200669278628724	-12.56498354152372
179329221460081.5	0.01451789419404577	-14.51193005968445	0.04871841496239072	-15.47320446784868	0.05921098111008330	-15.39427292180503	0.7194911904437272	-12.62923524582355
179264753195925.7	0.01460081528645327	-14.53301572579899	0.04901065991859985	-15.43879706457515	0.06005866516703119	-15.38085408242820	0.7183048452849673	-12.69244854693453
179200331267369.5	0.01467096896544144	-14.55423133210213	0.04951532926344678	-15.40739346589369	0.06093122663882727	-15.37046681450117	0.7166068144894612	-12.75465554536738
179135955624476.1	0.01472880981764264	-14.57553034700517	0.05020476262503371	-15.37942165791661	0.06181388073098661	-15.36273089112080	0.7144884673707097	-12.81590302438029
179071626217380.9	0.01477484178283677	-14.59687001803478	0.05105082524918338	-15.35514023641867	0.06269723103449264	-15.35730255307822	0.7120316687979666	-12.87625078180147
179007342996290.6	0.01480961379940704	-14.61821124492851	0.05202596081867635	-15.33465703164618	0.06357600713384948	-15.35388620057751	0.7093072128004545	-12.93576950941164
178943105911483.3	0.01483371606157367	-14.63951847253570	0.05310397992494496	-15.31795596799820	0.06444786975049642	-15.35223842719975	0.7063737129410592	-12.99453825090832
178878914913308.6	0.01484777506494127	-14.66075965501328	0.05426058809982354	-15.30492634887039	0.06531234357974650	-15.35216662713981	0.7032769752090263	-13.05264157477172
178814769952187.4	0.01485244881365196	-14.68190624064749	0.05547368309803935	-15.29539060175314	0.06616990794690363	-15.35352400182550	0.7000498833185419	-13.11016655898315
178750670978611.6	0.01484842192095574	-14.70293318067532	0.05672347102842552	-15.28912815948341	0.06702126462872667	-15.35620235284325	0.6967127853723280	-13.16719973532362
178686617943143.8	0.01483640040876966	-14.72381896231551	0.05799245263031963	-15.28589458369760	0.06786678998566238	-15.36012375593820	0.6932743450877607	-13.22382415237284
178622610796417.9	0.01481710624434677	-14.74454565901563	0.05926532431781570	-15.28543599034579	0.06870616800795762	-15.36523198810899	0.6897327989456251	-13.28011670439940
178558649489138.2	0.01479127167795528	-14.76509899028873	0.06052882925640153	-15.28749934629657	0.06953819216089018	-15.37148439152996	0.6860775412755573	-13.33614585213541
178494733972079.7	0.01475963408021827	-14.78546836402522	0.06177158288699401	-15.29183942522628	0.07036071561869695	-15.37884468992389	0.6822909504131004	-13.39196979870505
178430864196087.8	0.01472292938198913	-14.80564695335047	0.06298389476464203	-15.29822312293724	0.07117072791006973	-15.38727708940631	0.6783503412134222	-13.44763527217473
178367040112078.2	0.01468188639386178	-14.82563173313504	0.06415759271998038	-15.30643190256060	0.07196452518487867	-15.39674187010658	0.6742299630518500	-13.50317683776014
178303261671037.0	0.01463722085341771	-14.84542350570129	0.06528585851241400	-15.31626288094964	0.07273794583465737	-15.40719250155302	0.6699029397659956	-13.55861678007625
178239528824020.0	0.01458962951518275	-14.86502690106150	0.06636307752074865	-15.32752900048714	0.07348664118371936	-15.41857420760541	0.6653430709072079	-13.61396550333038
178175841522153.4	0.01453978410157394	-14.88445035321703	0.06738470391995970	-15.34005860204375	0.07420635409469954	-15.43082381340503	0.6605264243464559	-13.66922240199098
178112199716632.9	0.01448832639272966	-14.90370600759150	0.06834713907763587	-15.35369466770379	0.07489318097536357	-15.44387065367491	0.6554326743614496	-13.72437704868757
178048603358724.1	0.01443586229797853	-14.92280962620647	0.06924762607880497	-15.36829382859398	0.07554380035479716	-15.45763828397386	0.6500461361958053	-13.77941075279749
177985052399762.1	0.01438295695295921	-14.94178042418591	0.07008415553393117	-15.38372530910316	0.07615565223622578	-15.47204674785970	0.6443564894783245	-13.83429828699249
177921546791151.3	0.01433013022881944	-14.96064085685276	0.07085538255534095	-15.39986985795057	0.07672706014142942	-15.48701515848568	0.6383591809049528	-13.88900973966601
177858086484365.8	0.01427785270690649	-14.97941635755187	0.07156055348594059	-15.41661871153768	0.07725729155336769	-15.50246438124242	0.6320555144939908	-13.94351242003795
177794671430948.4	0.01422654207418458	-14.99813503170287	0.07219944112576021	-15.43387261406871	0.07774655655898985	-15.51831963330485	0.6254524491948441	-13.99777275698198
177731301582511.6	0.01417656078743698	-15.01682728235594	0.07277228640588823	-15.45154092863850	0.07819594814294070	-15.53451284852161	0.6185621337615872	-14.05175806987846
177667976890736.4	0.01412821387711272	-15.03552541351437	0.07327974684676576	-15.46954081449357	0.07860733072800284	-15.55098467985766	0.6114012129812773	-14.10543824287224
177604697307372.7	0.01408174750906895	-15.05426319880793	0.07372285004298440	-15.48779648695147	0.07898318556870458	-15.56768604288712	0.6039899503576567	-14.15878721113320
177541462784239.3	0.01403734866449544	-15.07307541121694	0.07410295118245074	-15.50623856447214	0.07932642395317023	-15.58457913016247	0.5963512135079345	-14.21178418422387
177478273273223.4	0.01399514551089557	-15.09199733911282	0.07442169438676309	-15.52480348708935	0.07964018022417715	-15.60163785076837	0.5885093721630833	-14.26441459785976
177415128726280.9	0.01395520842723373	-15.11106430079184	0.07468097724830962	-15.54343300012580	0.07992759721427520	-15.61884767836090	0.5804891617838659	-14.31667076098556
177352029095435.7	0.01391755227336696	-15.13031114416203	0.07488291781495594	-15.56207371016322	0.08019161732621440	-15.63620492415468	0.5723145619098367	-14.36855211687006
177288974332780.3	0.01388213906052011	-15.14977177294453	0.07502982414874257	-15.58067668867412	0.08043479089891836	-15.65371547641019	0.5640077425908419	-14.42006516463674
177225964390475.1	0.01384888102319559	-15.16947870856428	0.07512416593067943	-15.59919711959265	0.08065911244148545	-15.67139308078627	0.5555881285550780	-14.47122303074207
177162999220748.5	0.01381764471872680	-15.18946266832215	0.07516854768825508	-15.61759399911755	0.08086589426515022	-15.68925726767927	0.5470716182415748	-14.52204463692657
177100078775896.8	0.01378825548213395	-15.20975219074803	0.07516568372780758	-15.63582986947051	0.08105568336083412	-15.70733104723363	0.5384699960732665	-14.57255353778719
177037203008284.0	0.01376050212291697	-15.23037331570599	0.07511837454951090	-15.65387058160182	0.08122822483501010	-15.72563850756911	0.5297905657263258	-14.62277647048604
176974371870341.9	0.01373414244951101	-15.25134929350801	0.07502948472140406	-15.67168509436493	0.08138247334801663	-15.74420246009321	0.5210360113437370	-14.67274161275883
176911585314569.6	0.01370890853198115	-15.27270036761319	0.07490192217368683	-15.68924528703992	0.08151664871773616	-15.76304225525626	0.5122045021258788	-14.72247670507682
176848843293533.5	0.01368451193397722	-15.29444361848639	0.07473861874439704	-15.70652578847371	0.08162833078459003	-15.78217188202979	0.5032900314143778	-14.77200708664874
176786145759867.7	0.01366064930907574	-15.31659284495041	0.07454251214898572	-15.72350382709617	0.08171458712596963	-15.80159844167044	0.4942829633712395	-14.82135368424532
176723492666272.9	0.01363700778003002	-15.33915850209193	0.07431652933418349	-15.74015908976362	0.08177212406527520	-15.82132104725205	0.4851707651627972	-14.87053107713224
176660883965517.3	0.01361326994839095	-15.36214769631444	0.07406357112990679	-15.75647358618679	0.08179745110631433	-15.84133017077173	0.4759388908168644	-14.91954571647589
176598319610435.6	0.01358911942131827	-15.38556418601950	0.07378649883368915	-15.77243152988509	0.08178705115459363	-15.86160744307775	0.4665717533642242	-14.96839427763964
176535799553929.7	0.01356424512343519	-15.40940846359688	0.07348812184486829	-15.78801920943239	0.08173754382897820	-15.88212585447482	0.4570537747173579	-15.01706233425878
176473323748967.8	0.01353834563246656	-15.43367785217657	0.07317118702711957	-15.80322486797614	0.08164583627909802	-15.90285031761956	0.4473704425542983	-15.06552327075741
176410892148584.9	0.01351113326306504	-15.45836662198141	0.07283836982754492	-15.81803858546822	0.08150925436900086	-15.92373852539180	0.4375093347822806	-15.11373746872743
176348504705882.4	0.01348233768554630	-15.48346613039330	0.07249226705007000	-15.83245216072777	0.08132564879271013	-15.94474202682727	0.4274610758009677	-15.16165177743275
