('port 1',TE,1,'port 1',1,'transmission')
(101,3)
1.8737e+14	0.00171843	-2.47284
1.87495e+14	0.00147213	-2.25829
1.8762e+14	0.00116593	-2.00625
1.87745e+14	0.000819994	-1.67275
1.8787e+14	0.000487648	-1.0852
1.87995e+14	0.000391412	0.137817
1.8812e+14	0.000681523	1.01023
1.88245e+14	0.00107546	1.43726
1.8837e+14	0.00146787	1.74118
1.88495e+14	0.00182607	2.00328
1.88619e+14	0.00213125	2.24841
1.88744e+14	0.00237012	2.48659
1.88869e+14	0.00253348	2.7229
1.88994e+14	0.00261602	2.96054
1.89119e+14	0.0026164	3.20211
1.89244e+14	0.00253723	3.45028
1.89369e+14	0.00238509	3.7084
1.89494e+14	0.00217057	3.98125
1.89619e+14	0.00190846	4.27635
1.89744e+14	0.00161853	4.60622
1.89869e+14	0.00132776	4.99198
1.89993e+14	0.00107483	5.46549
1.90118e+14	0.000913024	6.04994
1.90243e+14	0.000887242	6.69335
1.90368e+14	0.000981639	7.27829
1.90493e+14	0.00113207	7.76034
1.90618e+14	0.00128359	8.16578
1.90743e+14	0.00140473	8.52709
1.90868e+14	0.00147997	8.86658
1.90993e+14	0.00150366	9.19908
1.91118e+14	0.00147714	9.53598
1.91243e+14	0.00140773	9.88782
1.91368e+14	0.0013086	10.266
1.91492e+14	0.0011992	10.6827
1.91617e+14	0.00110508	11.1472
1.91742e+14	0.00105399	11.6555
1.91867e+14	0.00106513	12.1808
1.91992e+14	0.00113743	12.6858
1.92117e+14	0.00125148	13.1487
1.92242e+14	0.00138255	13.5695
1.92367e+14	0.00150996	13.9584
1.92492e+14	0.00161972	14.3269
1.92617e+14	0.0017041	14.6845
1.92742e+14	0.0017607	15.0385
1.92866e+14	0.00179151	15.3945
1.92991e+14	0.00180205	15.7563
1.93116e+14	0.00180013	16.1261
1.93241e+14	0.00179435	16.5038
1.93366e+14	0.00179214	16.8873
1.93491e+14	0.00179782	17.2728
1.93616e+14	0.00181136	17.6557
1.93741e+14	0.00182835	18.0323
1.93866e+14	0.00184118	18.4003
1.93991e+14	0.00184091	18.76
1.94116e+14	0.0018192	19.1134
1.94241e+14	0.00176988	19.4642
1.94365e+14	0.00169011	19.8179
1.9449e+14	0.00158141	20.1818
1.94615e+14	0.00145073	20.5655
1.9474e+14	0.00131182	20.9816
1.94865e+14	0.00118656	21.4429
1.9499e+14	0.0011039	21.9536
1.95115e+14	0.00109067	22.4937
1.9524e+14	0.00115466	23.0204
1.95365e+14	0.00127806	23.4995
1.9549e+14	0.00143047	23.9245
1.95615e+14	0.00158306	24.3054
1.95739e+14	0.00171355	24.6555
1.95864e+14	0.00180611	24.9862
1.95989e+14	0.00185049	25.3064
1.96114e+14	0.00184147	25.6241
1.96239e+14	0.00177891	25.9473
1.96364e+14	0.00166827	26.2852
1.96489e+14	0.00152192	26.6503
1.96614e+14	0.00136156	27.0593
1.96739e+14	0.00122145	27.5301
1.96864e+14	0.00114711	28.0649
1.96989e+14	0.00117686	28.6242
1.97114e+14	0.00131187	29.144
1.97238e+14	0.00151722	29.5933
1.97363e+14	0.0017503	29.9789
1.97488e+14	0.00197674	30.3188
1.97613e+14	0.00217162	30.6279
1.97738e+14	0.00231719	30.9168
1.97863e+14	0.0024012	31.1927
1.97988e+14	0.002416	31.4609
1.98113e+14	0.00235821	31.7256
1.98238e+14	0.00222851	31.9912
1.98363e+14	0.00203166	32.2628
1.98488e+14	0.00177676	32.5481
1.98613e+14	0.00147822	32.8614
1.98737e+14	0.0011589	33.2313
1.98862e+14	0.000860744	33.7213
1.98987e+14	0.000671912	34.4297
1.99112e+14	0.000706587	35.2512
1.99237e+14	0.000925714	35.8734
1.99362e+14	0.00120423	36.304
1.99487e+14	0.00147303	36.6374
1.99612e+14	0.00169986	36.9218
1.99737e+14	0.00186707	37.1789
1.99862e+14	0.00196421	37.4193
('port 2',TE,1,'port 1',1,'transmission')
(101,3)
1.8737e+14	0.000884575	1.49591
1.87495e+14	0.000935431	1.76737
1.8762e+14	0.000985091	2.04754
1.87745e+14	0.00103287	2.33515
1.8787e+14	0.00107829	2.62907
1.87995e+14	0.001121	2.92831
1.8812e+14	0.00116076	3.23198
1.88245e+14	0.00119742	3.53929
1.8837e+14	0.00123082	3.84954
1.88495e+14	0.00126083	4.16209
1.88619e+14	0.00128729	4.47639
1.88744e+14	0.00131003	4.79194
1.88869e+14	0.00132885	5.10831
1.88994e+14	0.00134354	5.42514
1.89119e+14	0.00135389	5.74213
1.89244e+14	0.00135971	6.05903
1.89369e+14	0.00136081	6.37564
1.89494e+14	0.00135709	6.69181
1.89619e+14	0.00134846	7.00742
1.89744e+14	0.00133494	7.32236
1.89869e+14	0.00131659	7.63654
1.89993e+14	0.00129356	7.94987
1.90118e+14	0.00126606	8.26225
1.90243e+14	0.00123438	8.57358
1.90368e+14	0.00119885	8.8837
1.90493e+14	0.00115984	9.19245
1.90618e+14	0.00111776	9.49962
1.90743e+14	0.00107305	9.80495
1.90868e+14	0.00102615	10.1081
1.90993e+14	0.000977529	10.4087
1.91118e+14	0.000927633	10.7064
1.91243e+14	0.000876928	11.0005
1.91368e+14	0.000825879	11.2904
1.91492e+14	0.000774962	11.5755
1.91617e+14	0.000724667	11.8549
1.91742e+14	0.000675506	12.1277
1.91867e+14	0.000628027	12.3929
1.91992e+14	0.000582813	12.6493
1.92117e+14	0.000540496	12.8958
1.92242e+14	0.000501743	13.1315
1.92367e+14	0.000467244	13.3556
1.92492e+14	0.000437672	13.5682
1.92617e+14	0.000413614	13.7701
1.92742e+14	0.000395484	13.9633
1.92866e+14	0.000383434	14.1511
1.92991e+14	0.000377286	14.3374
1.93116e+14	0.000376541	14.526
1.93241e+14	0.00038045	14.7202
1.93366e+14	0.000388131	14.9222
1.93491e+14	0.000398694	15.133
1.93616e+14	0.000411325	15.3525
1.93741e+14	0.000425347	15.5802
1.93866e+14	0.000440233	15.8151
1.93991e+14	0.000455599	16.0562
1.94116e+14	0.000471196	16.3023
1.94241e+14	0.000486879	16.5526
1.94365e+14	0.000502595	16.8063
1.9449e+14	0.000518354	17.0627
1.94615e+14	0.000534212	17.3213
1.9474e+14	0.000550256	17.5818
1.94865e+14	0.000566585	17.844
1.9499e+14	0.000583295	18.1078
1.95115e+14	0.000600469	18.3731
1.9524e+14	0.000618166	18.6401
1.95365e+14	0.00063641	18.909
1.9549e+14	0.000655186	19.1798
1.95615e+14	0.000674438	19.4529
1.95739e+14	0.000694067	19.7283
1.95864e+14	0.000713936	20.0064
1.95989e+14	0.000733871	20.2872
1.96114e+14	0.000753672	20.5709
1.96239e+14	0.000773116	20.8577
1.96364e+14	0.000791967	21.1476
1.96489e+14	0.000809987	21.4406
1.96614e+14	0.000826935	21.7368
1.96739e+14	0.00084258	22.0361
1.96864e+14	0.000856701	22.3386
1.96989e+14	0.000869089	22.6441
1.97114e+14	0.00087955	22.9525
1.97238e+14	0.000887897	23.2638
1.97363e+14	0.000893953	23.5778
1.97488e+14	0.000897545	23.8944
1.97613e+14	0.000898499	24.2134
1.97738e+14	0.000896638	24.5348
1.97863e+14	0.000891781	24.8584
1.97988e+14	0.000883742	25.1842
1.98113e+14	0.000872333	25.5121
1.98238e+14	0.000857373	25.8421
1.98363e+14	0.000838697	26.1744
1.98488e+14	0.000816166	26.509
1.98613e+14	0.000789685	26.8464
1.98737e+14	0.000759221	27.1869
1.98862e+14	0.00072482	27.5313
1.98987e+14	0.00068663	27.8803
1.99112e+14	0.000644924	28.2352
1.99237e+14	0.000600134	28.5978
1.99362e+14	0.000552881	28.9702
1.99487e+14	0.000504038	29.3557
1.99612e+14	0.000454814	29.7587
1.99737e+14	0.000406882	30.1851
1.99862e+14	0.000362564	30.6422
('port 3',TE,1,'port 1',1,'transmission')
(101,3)
1.8737e+14	0.873196	-0.344955
1.87495e+14	0.874069	-0.122372
1.8762e+14	0.874937	0.100214
1.87745e+14	0.875798	0.322803
1.8787e+14	0.876653	0.545395
1.87995e+14	0.877502	0.767991
1.8812e+14	0.878344	0.990591
1.88245e+14	0.87918	1.21319
1.8837e+14	0.880009	1.4358
1.88495e+14	0.880831	1.65841
1.88619e+14	0.881648	1.88102
1.88744e+14	0.882459	2.10363
1.88869e+14	0.883263	2.32624
1.88994e+14	0.884062	2.54886
1.89119e+14	0.884856	2.77148
1.89244e+14	0.885644	2.9941
1.89369e+14	0.886427	3.21673
1.89494e+14	0.887204	3.43936
1.89619e+14	0.887976	3.66199
1.89744e+14	0.888742	3.88462
1.89869e+14	0.889502	4.10726
1.89993e+14	0.890256	4.3299
1.90118e+14	0.891005	4.55254
1.90243e+14	0.891748	4.77518
1.90368e+14	0.892484	4.99783
1.90493e+14	0.893216	5.22048
1.90618e+14	0.893941	5.44313
1.90743e+14	0.894661	5.66578
1.90868e+14	0.895376	5.88843
1.90993e+14	0.896085	6.11108
1.91118e+14	0.89679	6.33374
1.91243e+14	0.897489	6.5564
1.91368e+14	0.898183	6.77906
1.91492e+14	0.898871	7.00172
1.91617e+14	0.899555	7.22438
1.91742e+14	0.900233	7.44704
1.91867e+14	0.900906	7.66971
1.91992e+14	0.901574	7.89238
1.92117e+14	0.902236	8.11505
1.92242e+14	0.902894	8.33772
1.92367e+14	0.903546	8.56039
1.92492e+14	0.904193	8.78306
1.92617e+14	0.904836	9.00573
1.92742e+14	0.905474	9.22841
1.92866e+14	0.906108	9.45108
1.92991e+14	0.906737	9.67376
1.93116e+14	0.907362	9.89644
1.93241e+14	0.907982	10.1191
1.93366e+14	0.908598	10.3418
1.93491e+14	0.90921	10.5645
1.93616e+14	0.909816	10.7872
1.93741e+14	0.910419	11.0099
1.93866e+14	0.911016	11.2325
1.93991e+14	0.911609	11.4552
1.94116e+14	0.912198	11.6779
1.94241e+14	0.912782	11.9006
1.94365e+14	0.913361	12.1233
1.9449e+14	0.913937	12.346
1.94615e+14	0.914508	12.5687
1.9474e+14	0.915074	12.7914
1.94865e+14	0.915637	13.0141
1.9499e+14	0.916195	13.2368
1.95115e+14	0.916748	13.4595
1.9524e+14	0.917297	13.6822
1.95365e+14	0.917842	13.9049
1.9549e+14	0.918382	14.1276
1.95615e+14	0.918918	14.3503
1.95739e+14	0.919449	14.573
1.95864e+14	0.919976	14.7957
1.95989e+14	0.920499	15.0184
1.96114e+14	0.921018	15.2411
1.96239e+14	0.921533	15.4638
1.96364e+14	0.922044	15.6865
1.96489e+14	0.922551	15.9093
1.96614e+14	0.923055	16.132
1.96739e+14	0.923554	16.3547
1.96864e+14	0.92405	16.5774
1.96989e+14	0.924542	16.8001
1.97114e+14	0.92503	17.0228
1.97238e+14	0.925514	17.2455
1.97363e+14	0.925995	17.4683
1.97488e+14	0.926471	17.691
1.97613e+14	0.926944	17.9137
1.97738e+14	0.927414	18.1364
1.97863e+14	0.92788	18.3592
1.97988e+14	0.928343	18.5819
1.98113e+14	0.928802	18.8046
1.98238e+14	0.929258	19.0273
1.98363e+14	0.929711	19.2501
1.98488e+14	0.93016	19.4728
1.98613e+14	0.930606	19.6955
1.98737e+14	0.931049	19.9182
1.98862e+14	0.931488	20.141
1.98987e+14	0.931923	20.3637
1.99112e+14	0.932354	20.5864
1.99237e+14	0.932782	20.8092
1.99362e+14	0.933206	21.0319
1.99487e+14	0.933626	21.2547
1.99612e+14	0.934043	21.4774
1.99737e+14	0.934457	21.7001
1.99862e+14	0.934867	21.9229
('port 4',TE,1,'port 1',1,'transmission')
(101,3)
1.8737e+14	0.482641	1.19683
1.87495e+14	0.481057	1.48375
1.8762e+14	0.479479	1.77066
1.87745e+14	0.477906	2.05757
1.8787e+14	0.476337	2.34448
1.87995e+14	0.474774	2.63139
1.8812e+14	0.473215	2.9183
1.88245e+14	0.471662	3.20521
1.8837e+14	0.470113	3.49211
1.88495e+14	0.468569	3.77902
1.88619e+14	0.467031	4.06592
1.88744e+14	0.465497	4.35282
1.88869e+14	0.463969	4.63972
1.88994e+14	0.462446	4.92661
1.89119e+14	0.460928	5.2135
1.89244e+14	0.459415	5.5004
1.89369e+14	0.457908	5.78729
1.89494e+14	0.456407	6.07418
1.89619e+14	0.45491	6.36106
1.89744e+14	0.453419	6.64795
1.89869e+14	0.451933	6.93483
1.89993e+14	0.450452	7.22172
1.90118e+14	0.448975	7.5086
1.90243e+14	0.447504	7.79548
1.90368e+14	0.446038	8.08235
1.90493e+14	0.444577	8.36923
1.90618e+14	0.44312	8.6561
1.90743e+14	0.441669	8.94298
1.90868e+14	0.440222	9.22985
1.90993e+14	0.438781	9.51671
1.91118e+14	0.437344	9.80358
1.91243e+14	0.435912	10.0904
1.91368e+14	0.434485	10.3773
1.91492e+14	0.433063	10.6642
1.91617e+14	0.431645	10.951
1.91742e+14	0.430232	11.2379
1.91867e+14	0.428824	11.5247
1.91992e+14	0.427419	11.8116
1.92117e+14	0.42602	12.0985
1.92242e+14	0.424624	12.3853
1.92367e+14	0.423233	12.6722
1.92492e+14	0.421847	12.959
1.92617e+14	0.420465	13.2459
1.92742e+14	0.419087	13.5327
1.92866e+14	0.417714	13.8195
1.92991e+14	0.416345	14.1064
1.93116e+14	0.414981	14.3932
1.93241e+14	0.413621	14.68
1.93366e+14	0.412266	14.9669
1.93491e+14	0.410915	15.2537
1.93616e+14	0.409569	15.5405
1.93741e+14	0.408226	15.8274
1.93866e+14	0.406888	16.1142
1.93991e+14	0.405555	16.401
1.94116e+14	0.404226	16.6878
1.94241e+14	0.402901	16.9746
1.94365e+14	0.40158	17.2614
1.9449e+14	0.400264	17.5483
1.94615e+14	0.398952	17.8351
1.9474e+14	0.397645	18.1219
1.94865e+14	0.396342	18.4087
1.9499e+14	0.395044	18.6955
1.95115e+14	0.39375	18.9823
1.9524e+14	0.39246	19.2691
1.95365e+14	0.391175	19.5559
1.9549e+14	0.389894	19.8427
1.95615e+14	0.388618	20.1294
1.95739e+14	0.387345	20.4162
1.95864e+14	0.386078	20.703
1.95989e+14	0.384814	20.9898
1.96114e+14	0.383555	21.2766
1.96239e+14	0.382301	21.5634
1.96364e+14	0.38105	21.8501
1.96489e+14	0.379804	22.1369
1.96614e+14	0.378563	22.4237
1.96739e+14	0.377326	22.7105
1.96864e+14	0.376093	22.9973
1.96989e+14	0.374864	23.284
1.97114e+14	0.373639	23.5708
1.97238e+14	0.372418	23.8576
1.97363e+14	0.371202	24.1443
1.97488e+14	0.369989	24.4311
1.97613e+14	0.368781	24.7179
1.97738e+14	0.367576	25.0047
1.97863e+14	0.366376	25.2914
1.97988e+14	0.36518	25.5782
1.98113e+14	0.363988	25.8649
1.98238e+14	0.362801	26.1517
1.98363e+14	0.361618	26.4385
1.98488e+14	0.360439	26.7252
1.98613e+14	0.359264	27.012
1.98737e+14	0.358094	27.2987
1.98862e+14	0.356927	27.5855
1.98987e+14	0.355765	27.8723
1.99112e+14	0.354607	28.159
1.99237e+14	0.353454	28.4458
1.99362e+14	0.352304	28.7325
1.99487e+14	0.351159	29.0193
1.99612e+14	0.350018	29.306
1.99737e+14	0.348881	29.5928
1.99862e+14	0.347749	29.8795
('port 1',TE,1,'port 2',1,'transmission')
(101,3)
1.8737e+14	0.000431536	-0.790883
1.87495e+14	0.000696638	-0.25549
1.8762e+14	0.000986921	0.217375
1.87745e+14	0.00129588	0.667604
1.8787e+14	0.00161841	1.10784
1.87995e+14	0.00194936	1.54321
1.8812e+14	0.00228335	1.97616
1.88245e+14	0.00261468	2.40798
1.8837e+14	0.00293744	2.83946
1.88495e+14	0.00324564	3.27111
1.88619e+14	0.00353338	3.70332
1.88744e+14	0.00379506	4.13641
1.88869e+14	0.00402556	4.57068
1.88994e+14	0.00422043	5.00643
1.89119e+14	0.00437605	5.44397
1.89244e+14	0.00448981	5.88364
1.89369e+14	0.00456014	6.3258
1.89494e+14	0.00458667	6.77088
1.89619e+14	0.0045702	7.21936
1.89744e+14	0.00451273	7.67181
1.89869e+14	0.00441747	8.12888
1.89993e+14	0.00428881	8.59136
1.90118e+14	0.0041323	9.06016
1.90243e+14	0.0039546	9.53629
1.90368e+14	0.00376347	10.0209
1.90493e+14	0.00356762	10.515
1.90618e+14	0.00337652	11.0196
1.90743e+14	0.00320002	11.5351
1.90868e+14	0.00304764	12.0607
1.90993e+14	0.00292756	12.5947
1.91118e+14	0.00284542	13.1336
1.91243e+14	0.00280327	13.6728
1.91368e+14	0.00279913	14.2073
1.91492e+14	0.00282751	14.7327
1.91617e+14	0.00288067	15.2461
1.91742e+14	0.00295009	15.7458
1.91867e+14	0.00302773	16.2318
1.91992e+14	0.00310677	16.7047
1.92117e+14	0.00318198	17.1657
1.92242e+14	0.00324971	17.6161
1.92367e+14	0.00330771	18.0574
1.92492e+14	0.00335486	18.491
1.92617e+14	0.00339087	18.9182
1.92742e+14	0.00341604	19.3403
1.92866e+14	0.00343092	19.7585
1.92991e+14	0.00343615	20.1743
1.93116e+14	0.00343229	20.5887
1.93241e+14	0.00341974	21.0031
1.93366e+14	0.00339872	21.4186
1.93491e+14	0.00336933	21.8366
1.93616e+14	0.00333168	22.2581
1.93741e+14	0.00328603	22.6844
1.93866e+14	0.003233	23.1164
1.93991e+14	0.00317372	23.5554
1.94116e+14	0.00311004	24.0021
1.94241e+14	0.00304456	24.4574
1.94365e+14	0.00298073	24.9218
1.9449e+14	0.00292266	25.3954
1.94615e+14	0.00287488	25.8778
1.9474e+14	0.00284196	26.3681
1.94865e+14	0.00282791	26.8645
1.9499e+14	0.00283564	27.3646
1.95115e+14	0.00286651	27.8658
1.9524e+14	0.00292011	28.3653
1.95365e+14	0.00299443	28.8607
1.9549e+14	0.00308614	29.3503
1.95615e+14	0.00319116	29.833
1.95739e+14	0.00330514	30.3082
1.95864e+14	0.00342382	30.7758
1.95989e+14	0.00354338	31.236
1.96114e+14	0.0036605	31.6894
1.96239e+14	0.00377251	32.1364
1.96364e+14	0.00387729	32.5777
1.96489e+14	0.00397329	33.0139
1.96614e+14	0.00405943	33.4456
1.96739e+14	0.00413499	33.8737
1.96864e+14	0.00419958	34.2987
1.96989e+14	0.00425302	34.7214
1.97114e+14	0.00429529	35.1427
1.97238e+14	0.00432646	35.5633
1.97363e+14	0.00434664	35.9843
1.97488e+14	0.00435603	36.4063
1.97613e+14	0.00435486	36.8304
1.97738e+14	0.0043435	37.2573
1.97863e+14	0.00432245	37.688
1.97988e+14	0.00429246	38.1231
1.98113e+14	0.00425458	38.5633
1.98238e+14	0.00421019	39.0093
1.98363e+14	0.00416104	39.4614
1.98488e+14	0.00410919	39.9199
1.98613e+14	0.00405698	40.385
1.98737e+14	0.00400684	40.8565
1.98862e+14	0.00396119	41.3341
1.98987e+14	0.00392216	41.817
1.99112e+14	0.00389141	42.3045
1.99237e+14	0.00386991	42.7956
1.99362e+14	0.00385776	43.2891
1.99487e+14	0.00385413	43.7837
1.99612e+14	0.00385723	44.2783
1.99737e+14	0.00386441	44.7719
1.99862e+14	0.00387233	45.2635
('port 2',TE,1,'port 2',1,'transmission')
(101,3)
1.8737e+14	0.000154228	1.82284
1.87495e+14	0.000298585	1.97249
1.8762e+14	0.000438909	2.20716
1.87745e+14	0.000561677	2.46325
1.8787e+14	0.00065506	2.72524
1.87995e+14	0.000709132	2.98547
1.8812e+14	0.000716777	3.23676
1.88245e+14	0.000674806	3.46815
1.8837e+14	0.000585764	3.65736
1.88495e+14	0.000462828	3.74992
1.88619e+14	0.000348064	3.61102
1.88744e+14	0.000347004	3.18798
1.88869e+14	0.00050852	2.96406
1.88994e+14	0.000747989	3.02067
1.89119e+14	0.00100769	3.20276
1.89244e+14	0.00125907	3.44067
1.89369e+14	0.00148316	3.70725
1.89494e+14	0.0016654	3.99052
1.89619e+14	0.00179469	4.28446
1.89744e+14	0.0018634	4.58569
1.89869e+14	0.00186743	4.89207
1.89993e+14	0.00180632	5.20207
1.90118e+14	0.00168302	5.51431
1.90243e+14	0.00150368	5.82718
1.90368e+14	0.0012771	6.13818
1.90493e+14	0.00101426	6.44239
1.90618e+14	0.000727937	6.72717
1.90743e+14	0.000433553	6.94631
1.90868e+14	0.000167278	6.7538
1.90993e+14	0.000213648	5.37917
1.91118e+14	0.000459964	5.38585
1.91243e+14	0.000692134	5.64369
1.91368e+14	0.000890813	5.9561
1.91492e+14	0.00104968	6.29041
1.91617e+14	0.00116588	6.6367
1.91742e+14	0.00123874	6.99076
1.91867e+14	0.0012692	7.3503
1.91992e+14	0.00125933	7.7137
1.92117e+14	0.00121194	8.07952
1.92242e+14	0.00113013	8.44619
1.92367e+14	0.00101709	8.81186
1.92492e+14	0.000875944	9.1739
1.92617e+14	0.000709762	9.52795
1.92742e+14	0.000521858	9.86414
1.92866e+14	0.000316635	10.1479
1.92991e+14	0.000108932	10.0675
1.93116e+14	0.000161896	8.36427
1.93241e+14	0.000392695	8.46704
1.93366e+14	0.000629135	8.7537
1.93491e+14	0.000858961	9.07134
1.93616e+14	0.00107383	9.39695
1.93741e+14	0.00126568	9.72382
1.93866e+14	0.00142668	10.0493
1.93991e+14	0.00154957	10.3722
1.94116e+14	0.00162803	10.6917
1.94241e+14	0.00165711	11.0074
1.94365e+14	0.00163353	11.3184
1.9449e+14	0.00155599	11.6237
1.94615e+14	0.00142545	11.9211
1.9474e+14	0.00124536	12.2065
1.94865e+14	0.00102206	12.4704
1.9499e+14	0.000766192	12.6887
1.95115e+14	0.00049913	12.7816
1.9524e+14	0.00029645	12.4399
1.95365e+14	0.000370642	11.7445
1.9549e+14	0.000634825	11.6609
1.95615e+14	0.000927472	11.8331
1.95739e+14	0.00120747	12.0864
1.95864e+14	0.00145829	12.3749
1.95989e+14	0.00166983	12.6832
1.96114e+14	0.00183539	13.0049
1.96239e+14	0.0019511	13.337
1.96364e+14	0.00201564	13.6781
1.96489e+14	0.00202989	14.0272
1.96614e+14	0.00199653	14.3837
1.96739e+14	0.00191943	14.7469
1.96864e+14	0.0018029	15.1159
1.96989e+14	0.00165107	15.4895
1.97114e+14	0.00146731	15.8661
1.97238e+14	0.00125404	16.2437
1.97363e+14	0.00101279	16.6199
1.97488e+14	0.000744757	16.9911
1.97613e+14	0.000451586	17.3481
1.97738e+14	0.000136952	17.6093
1.97863e+14	0.000199442	15.101
1.97988e+14	0.000542691	15.3935
1.98113e+14	0.000887251	15.7335
1.98238e+14	0.00122064	16.0765
1.98363e+14	0.00152917	16.4169
1.98488e+14	0.00179841	16.7532
1.98613e+14	0.00201428	17.0849
1.98737e+14	0.00216411	17.4116
1.98862e+14	0.00223772	17.7331
1.98987e+14	0.00222839	18.0486
1.99112e+14	0.00213362	18.3571
1.99237e+14	0.00195565	18.6562
1.99362e+14	0.00170184	18.9412
1.99487e+14	0.00138508	19.2018
1.99612e+14	0.00102557	19.4114
1.99737e+14	0.000660194	19.4832
1.99862e+14	0.000402804	19.1116
('port 3',TE,1,'port 2',1,'transmission')
(101,3)
1.8737e+14	0.482843	-2.05101
1.87495e+14	0.481264	-1.76416
1.8762e+14	0.479689	-1.47731
1.87745e+14	0.478118	-1.19047
1.8787e+14	0.476551	-0.903622
1.87995e+14	0.474987	-0.616776
1.8812e+14	0.473427	-0.329932
1.88245e+14	0.47187	-0.0430894
1.8837e+14	0.470318	0.24375
1.88495e+14	0.468769	0.530586
1.88619e+14	0.467225	0.817419
1.88744e+14	0.465686	1.10425
1.88869e+14	0.464153	1.39107
1.88994e+14	0.462624	1.6779
1.89119e+14	0.461101	1.96472
1.89244e+14	0.459584	2.25153
1.89369e+14	0.458072	2.53835
1.89494e+14	0.456567	2.82516
1.89619e+14	0.455067	3.11197
1.89744e+14	0.453574	3.39878
1.89869e+14	0.452087	3.68558
1.89993e+14	0.450605	3.97239
1.90118e+14	0.449129	4.2592
1.90243e+14	0.447658	4.54601
1.90368e+14	0.446192	4.83282
1.90493e+14	0.44473	5.11963
1.90618e+14	0.443272	5.40643
1.90743e+14	0.441819	5.69324
1.90868e+14	0.44037	5.98004
1.90993e+14	0.438926	6.26684
1.91118e+14	0.437488	6.55364
1.91243e+14	0.436055	6.84044
1.91368e+14	0.434628	7.12723
1.91492e+14	0.433206	7.41402
1.91617e+14	0.431789	7.70082
1.91742e+14	0.430378	7.98761
1.91867e+14	0.42897	8.2744
1.91992e+14	0.427567	8.5612
1.92117e+14	0.426168	8.84799
1.92242e+14	0.424773	9.13478
1.92367e+14	0.423381	9.42157
1.92492e+14	0.421994	9.70835
1.92617e+14	0.420611	9.99513
1.92742e+14	0.419232	10.2819
1.92866e+14	0.417858	10.5687
1.92991e+14	0.416488	10.8555
1.93116e+14	0.415122	11.1422
1.93241e+14	0.41376	11.429
1.93366e+14	0.412402	11.7158
1.93491e+14	0.411048	12.0025
1.93616e+14	0.409699	12.2893
1.93741e+14	0.408355	12.576
1.93866e+14	0.407016	12.8628
1.93991e+14	0.405683	13.1495
1.94116e+14	0.404355	13.4362
1.94241e+14	0.403032	13.723
1.94365e+14	0.401715	14.0097
1.9449e+14	0.400401	14.2965
1.94615e+14	0.399092	14.5832
1.9474e+14	0.397786	14.8699
1.94865e+14	0.396484	15.1567
1.9499e+14	0.395184	15.4434
1.95115e+14	0.393888	15.7301
1.9524e+14	0.392596	16.0169
1.95365e+14	0.391306	16.3036
1.9549e+14	0.390021	16.5903
1.95615e+14	0.388739	16.8771
1.95739e+14	0.387462	17.1638
1.95864e+14	0.386189	17.4505
1.95989e+14	0.384922	17.7372
1.96114e+14	0.38366	18.0239
1.96239e+14	0.382403	18.3106
1.96364e+14	0.381152	18.5973
1.96489e+14	0.379908	18.884
1.96614e+14	0.378669	19.1707
1.96739e+14	0.377435	19.4574
1.96864e+14	0.376207	19.7441
1.96989e+14	0.374983	20.0308
1.97114e+14	0.373764	20.3175
1.97238e+14	0.372548	20.6042
1.97363e+14	0.371335	20.8909
1.97488e+14	0.370126	21.1777
1.97613e+14	0.36892	21.4644
1.97738e+14	0.367717	21.7511
1.97863e+14	0.366517	22.0378
1.97988e+14	0.36532	22.3245
1.98113e+14	0.364126	22.6112
1.98238e+14	0.362936	22.8979
1.98363e+14	0.361748	23.1846
1.98488e+14	0.360565	23.4713
1.98613e+14	0.359385	23.758
1.98737e+14	0.35821	24.0447
1.98862e+14	0.357039	24.3313
1.98987e+14	0.355875	24.618
1.99112e+14	0.354715	24.9047
1.99237e+14	0.353562	25.1913
1.99362e+14	0.352414	25.478
1.99487e+14	0.351271	25.7646
1.99612e+14	0.350132	26.0513
1.99737e+14	0.348998	26.338
1.99862e+14	0.347868	26.6246
('port 4',TE,1,'port 2',1,'transmission')
(101,3)
1.8737e+14	0.87285	2.6322
1.87495e+14	0.87372	2.98337
1.8762e+14	0.874582	3.33453
1.87745e+14	0.875435	3.68569
1.8787e+14	0.87628	4.03685
1.87995e+14	0.877117	4.388
1.8812e+14	0.877946	4.73914
1.88245e+14	0.878766	5.09028
1.8837e+14	0.87958	5.44142
1.88495e+14	0.880385	5.79254
1.88619e+14	0.881184	6.14366
1.88744e+14	0.881976	6.49478
1.88869e+14	0.882763	6.84588
1.88994e+14	0.883543	7.19698
1.89119e+14	0.884319	7.54808
1.89244e+14	0.88509	7.89916
1.89369e+14	0.885857	8.25024
1.89494e+14	0.88662	8.60131
1.89619e+14	0.887381	8.95237
1.89744e+14	0.88814	9.30342
1.89869e+14	0.888897	9.65447
1.89993e+14	0.889652	10.0055
1.90118e+14	0.890404	10.3566
1.90243e+14	0.891153	10.7076
1.90368e+14	0.891898	11.0586
1.90493e+14	0.892639	11.4097
1.90618e+14	0.893374	11.7607
1.90743e+14	0.894104	12.1117
1.90868e+14	0.894828	12.4628
1.90993e+14	0.895547	12.8138
1.91118e+14	0.89626	13.1648
1.91243e+14	0.896967	13.5158
1.91368e+14	0.897669	13.8668
1.91492e+14	0.898366	14.2179
1.91617e+14	0.899056	14.5689
1.91742e+14	0.899739	14.9199
1.91867e+14	0.900415	15.2709
1.91992e+14	0.901085	15.6218
1.92117e+14	0.901747	15.9728
1.92242e+14	0.902404	16.3238
1.92367e+14	0.903056	16.6748
1.92492e+14	0.903703	17.0257
1.92617e+14	0.904347	17.3767
1.92742e+14	0.904988	17.7276
1.92866e+14	0.905627	18.0785
1.92991e+14	0.906263	18.4295
1.93116e+14	0.906895	18.7804
1.93241e+14	0.907523	19.1313
1.93366e+14	0.908147	19.4822
1.93491e+14	0.908766	19.8331
1.93616e+14	0.90938	20.184
1.93741e+14	0.909989	20.5349
1.93866e+14	0.910594	20.8858
1.93991e+14	0.911195	21.2367
1.94116e+14	0.91179	21.5876
1.94241e+14	0.912381	21.9385
1.94365e+14	0.912967	22.2893
1.9449e+14	0.913547	22.6402
1.94615e+14	0.91412	22.991
1.9474e+14	0.914688	23.3419
1.94865e+14	0.915249	23.6927
1.9499e+14	0.915804	24.0436
1.95115e+14	0.916354	24.3944
1.9524e+14	0.916899	24.7452
1.95365e+14	0.917439	25.096
1.9549e+14	0.917976	25.4468
1.95615e+14	0.918508	25.7976
1.95739e+14	0.919038	26.1484
1.95864e+14	0.919564	26.4992
1.95989e+14	0.920087	26.85
1.96114e+14	0.920607	27.2008
1.96239e+14	0.921124	27.5516
1.96364e+14	0.921638	27.9023
1.96489e+14	0.92215	28.2531
1.96614e+14	0.922658	28.6039
1.96739e+14	0.923163	28.9546
1.96864e+14	0.923664	29.3054
1.96989e+14	0.92416	29.6562
1.97114e+14	0.92465	30.0069
1.97238e+14	0.925135	30.3577
1.97363e+14	0.925615	30.7084
1.97488e+14	0.926089	31.0592
1.97613e+14	0.926559	31.4099
1.97738e+14	0.927023	31.7607
1.97863e+14	0.927483	32.1114
1.97988e+14	0.927939	32.4621
1.98113e+14	0.928389	32.8128
1.98238e+14	0.928834	33.1636
1.98363e+14	0.929274	33.5143
1.98488e+14	0.929709	33.865
1.98613e+14	0.930139	34.2157
1.98737e+14	0.930566	34.5664
1.98862e+14	0.930989	34.9171
1.98987e+14	0.931411	35.2678
1.99112e+14	0.931831	35.6184
1.99237e+14	0.93225	35.9691
1.99362e+14	0.932669	36.3198
1.99487e+14	0.933087	36.6704
1.99612e+14	0.933503	37.0211
1.99737e+14	0.933917	37.3718
1.99862e+14	0.934329	37.7224
('port 1',TE,1,'port 3',1,'transmission')
(101,3)
1.8737e+14	0.873196	-0.344955
1.87495e+14	0.874069	-0.122372
1.8762e+14	0.874937	0.100214
1.87745e+14	0.875798	0.322803
1.8787e+14	0.876653	0.545395
1.87995e+14	0.877502	0.767991
1.8812e+14	0.878344	0.990591
1.88245e+14	0.87918	1.21319
1.8837e+14	0.880009	1.4358
1.88495e+14	0.880831	1.65841
1.88619e+14	0.881648	1.88102
1.88744e+14	0.882459	2.10363
1.88869e+14	0.883263	2.32624
1.88994e+14	0.884062	2.54886
1.89119e+14	0.884856	2.77148
1.89244e+14	0.885644	2.9941
1.89369e+14	0.886427	3.21673
1.89494e+14	0.887204	3.43936
1.89619e+14	0.887976	3.66199
1.89744e+14	0.888742	3.88462
1.89869e+14	0.889502	4.10726
1.89993e+14	0.890256	4.3299
1.90118e+14	0.891005	4.55254
1.90243e+14	0.891748	4.77518
1.90368e+14	0.892484	4.99783
1.90493e+14	0.893216	5.22048
1.90618e+14	0.893941	5.44313
1.90743e+14	0.894661	5.66578
1.90868e+14	0.895376	5.88843
1.90993e+14	0.896085	6.11108
1.91118e+14	0.89679	6.33374
1.91243e+14	0.897489	6.5564
1.91368e+14	0.898183	6.77906
1.91492e+14	0.898871	7.00172
1.91617e+14	0.899555	7.22438
1.91742e+14	0.900233	7.44704
1.91867e+14	0.900906	7.66971
1.91992e+14	0.901574	7.89238
1.92117e+14	0.902236	8.11505
1.92242e+14	0.902894	8.33772
1.92367e+14	0.903546	8.56039
1.92492e+14	0.904193	8.78306
1.92617e+14	0.904836	9.00573
1.92742e+14	0.905474	9.22841
1.92866e+14	0.906108	9.45108
1.92991e+14	0.906737	9.67376
1.93116e+14	0.907362	9.89644
1.93241e+14	0.907982	10.1191
1.93366e+14	0.908598	10.3418
1.93491e+14	0.90921	10.5645
1.93616e+14	0.909816	10.7872
1.93741e+14	0.910419	11.0099
1.93866e+14	0.911016	11.2325
1.93991e+14	0.911609	11.4552
1.94116e+14	0.912198	11.6779
1.94241e+14	0.912782	11.9006
1.94365e+14	0.913361	12.1233
1.9449e+14	0.913937	12.346
1.94615e+14	0.914508	12.5687
1.9474e+14	0.915074	12.7914
1.94865e+14	0.915637	13.0141
1.9499e+14	0.916195	13.2368
1.95115e+14	0.916748	13.4595
1.9524e+14	0.917297	13.6822
1.95365e+14	0.917842	13.9049
1.9549e+14	0.918382	14.1276
1.95615e+14	0.918918	14.3503
1.95739e+14	0.919449	14.573
1.95864e+14	0.919976	14.7957
1.95989e+14	0.920499	15.0184
1.96114e+14	0.921018	15.2411
1.96239e+14	0.921533	15.4638
1.96364e+14	0.922044	15.6865
1.96489e+14	0.922551	15.9093
1.96614e+14	0.923055	16.132
1.96739e+14	0.923554	16.3547
1.96864e+14	0.92405	16.5774
1.96989e+14	0.924542	16.8001
1.97114e+14	0.92503	17.0228
1.97238e+14	0.925514	17.2455
1.97363e+14	0.925995	17.4683
1.97488e+14	0.926471	17.691
1.97613e+14	0.926944	17.9137
1.97738e+14	0.927414	18.1364
1.97863e+14	0.92788	18.3592
1.97988e+14	0.928343	18.5819
1.98113e+14	0.928802	18.8046
1.98238e+14	0.929258	19.0273
1.98363e+14	0.929711	19.2501
1.98488e+14	0.93016	19.4728
1.98613e+14	0.930606	19.6955
1.98737e+14	0.931049	19.9182
1.98862e+14	0.931488	20.141
1.98987e+14	0.931923	20.3637
1.99112e+14	0.932354	20.5864
1.99237e+14	0.932782	20.8092
1.99362e+14	0.933206	21.0319
1.99487e+14	0.933626	21.2547
1.99612e+14	0.934043	21.4774
1.99737e+14	0.934457	21.7001
1.99862e+14	0.934867	21.9229
('port 2',TE,1,'port 3',1,'transmission')
(101,3)
1.8737e+14	0.482641	-1.94476
1.87495e+14	0.481057	-1.65785
1.8762e+14	0.479479	-1.37093
1.87745e+14	0.477906	-1.08402
1.8787e+14	0.476337	-0.797112
1.87995e+14	0.474774	-0.510203
1.8812e+14	0.473215	-0.223294
1.88245e+14	0.471662	0.0636133
1.8837e+14	0.470113	0.350519
1.88495e+14	0.468569	0.637423
1.88619e+14	0.467031	0.924325
1.88744e+14	0.465497	1.21122
1.88869e+14	0.463969	1.49812
1.88994e+14	0.462446	1.78502
1.89119e+14	0.460928	2.07191
1.89244e+14	0.459415	2.3588
1.89369e+14	0.457908	2.64569
1.89494e+14	0.456407	2.93258
1.89619e+14	0.45491	3.21947
1.89744e+14	0.453419	3.50636
1.89869e+14	0.451933	3.79324
1.89993e+14	0.450452	4.08012
1.90118e+14	0.448975	4.367
1.90243e+14	0.447504	4.65388
1.90368e+14	0.446038	4.94076
1.90493e+14	0.444577	5.22764
1.90618e+14	0.44312	5.51451
1.90743e+14	0.441669	5.80138
1.90868e+14	0.440222	6.08825
1.90993e+14	0.438781	6.37512
1.91118e+14	0.437344	6.66199
1.91243e+14	0.435912	6.94885
1.91368e+14	0.434485	7.23571
1.91492e+14	0.433063	7.52258
1.91617e+14	0.431645	7.80944
1.91742e+14	0.430232	8.0963
1.91867e+14	0.428824	8.38315
1.91992e+14	0.427419	8.67001
1.92117e+14	0.42602	8.95686
1.92242e+14	0.424624	9.24371
1.92367e+14	0.423233	9.53056
1.92492e+14	0.421847	9.81741
1.92617e+14	0.420465	10.1043
1.92742e+14	0.419087	10.3911
1.92866e+14	0.417714	10.6779
1.92991e+14	0.416345	10.9648
1.93116e+14	0.414981	11.2516
1.93241e+14	0.413621	11.5385
1.93366e+14	0.412266	11.8253
1.93491e+14	0.410915	12.1121
1.93616e+14	0.409569	12.3989
1.93741e+14	0.408226	12.6858
1.93866e+14	0.406888	12.9726
1.93991e+14	0.405555	13.2594
1.94116e+14	0.404226	13.5462
1.94241e+14	0.402901	13.833
1.94365e+14	0.40158	14.1199
1.9449e+14	0.400264	14.4067
1.94615e+14	0.398952	14.6935
1.9474e+14	0.397645	14.9803
1.94865e+14	0.396342	15.2671
1.9499e+14	0.395044	15.5539
1.95115e+14	0.39375	15.8407
1.9524e+14	0.39246	16.1275
1.95365e+14	0.391175	16.4143
1.9549e+14	0.389894	16.7011
1.95615e+14	0.388618	16.9878
1.95739e+14	0.387345	17.2746
1.95864e+14	0.386078	17.5614
1.95989e+14	0.384814	17.8482
1.96114e+14	0.383555	18.135
1.96239e+14	0.382301	18.4218
1.96364e+14	0.38105	18.7086
1.96489e+14	0.379804	18.9953
1.96614e+14	0.378563	19.2821
1.96739e+14	0.377326	19.5689
1.96864e+14	0.376093	19.8557
1.96989e+14	0.374864	20.1424
1.97114e+14	0.373639	20.4292
1.97238e+14	0.372418	20.716
1.97363e+14	0.371202	21.0028
1.97488e+14	0.369989	21.2895
1.97613e+14	0.368781	21.5763
1.97738e+14	0.367576	21.8631
1.97863e+14	0.366376	22.1498
1.97988e+14	0.36518	22.4366
1.98113e+14	0.363988	22.7234
1.98238e+14	0.362801	23.0101
1.98363e+14	0.361618	23.2969
1.98488e+14	0.360439	23.5836
1.98613e+14	0.359264	23.8704
1.98737e+14	0.358094	24.1572
1.98862e+14	0.356927	24.4439
1.98987e+14	0.355765	24.7307
1.99112e+14	0.354607	25.0174
1.99237e+14	0.353454	25.3042
1.99362e+14	0.352304	25.5909
1.99487e+14	0.351159	25.8777
1.99612e+14	0.350018	26.1644
1.99737e+14	0.348881	26.4512
1.99862e+14	0.347749	26.7379
('port 3',TE,1,'port 3',1,'transmission')
(101,3)
1.8737e+14	0.00171843	-2.47284
1.87495e+14	0.00147213	-2.25829
1.8762e+14	0.00116593	-2.00625
1.87745e+14	0.000819994	-1.67275
1.8787e+14	0.000487648	-1.0852
1.87995e+14	0.000391412	0.137817
1.8812e+14	0.000681523	1.01023
1.88245e+14	0.00107546	1.43726
1.8837e+14	0.00146787	1.74118
1.88495e+14	0.00182607	2.00328
1.88619e+14	0.00213125	2.24841
1.88744e+14	0.00237012	2.48659
1.88869e+14	0.00253348	2.7229
1.88994e+14	0.00261602	2.96054
1.89119e+14	0.0026164	3.20211
1.89244e+14	0.00253723	3.45028
1.89369e+14	0.00238509	3.7084
1.89494e+14	0.00217057	3.98125
1.89619e+14	0.00190846	4.27635
1.89744e+14	0.00161853	4.60622
1.89869e+14	0.00132776	4.99198
1.89993e+14	0.00107483	5.46549
1.90118e+14	0.000913024	6.04994
1.90243e+14	0.000887242	6.69335
1.90368e+14	0.000981639	7.27829
1.90493e+14	0.00113207	7.76034
1.90618e+14	0.00128359	8.16578
1.90743e+14	0.00140473	8.52709
1.90868e+14	0.00147997	8.86658
1.90993e+14	0.00150366	9.19908
1.91118e+14	0.00147714	9.53598
1.91243e+14	0.00140773	9.88782
1.91368e+14	0.0013086	10.266
1.91492e+14	0.0011992	10.6827
1.91617e+14	0.00110508	11.1472
1.91742e+14	0.00105399	11.6555
1.91867e+14	0.00106513	12.1808
1.91992e+14	0.00113743	12.6858
1.92117e+14	0.00125148	13.1487
1.92242e+14	0.00138255	13.5695
1.92367e+14	0.00150996	13.9584
1.92492e+14	0.00161972	14.3269
1.92617e+14	0.0017041	14.6845
1.92742e+14	0.0017607	15.0385
1.92866e+14	0.00179151	15.3945
1.92991e+14	0.00180205	15.7563
1.93116e+14	0.00180013	16.1261
1.93241e+14	0.00179435	16.5038
1.93366e+14	0.00179214	16.8873
1.93491e+14	0.00179782	17.2728
1.93616e+14	0.00181136	17.6557
1.93741e+14	0.00182835	18.0323
1.93866e+14	0.00184118	18.4003
1.93991e+14	0.00184091	18.76
1.94116e+14	0.0018192	19.1134
1.94241e+14	0.00176988	19.4642
1.94365e+14	0.00169011	19.8179
1.9449e+14	0.00158141	20.1818
1.94615e+14	0.00145073	20.5655
1.9474e+14	0.00131182	20.9816
1.94865e+14	0.00118656	21.4429
1.9499e+14	0.0011039	21.9536
1.95115e+14	0.00109067	22.4937
1.9524e+14	0.00115466	23.0204
1.95365e+14	0.00127806	23.4995
1.9549e+14	0.00143047	23.9245
1.95615e+14	0.00158306	24.3054
1.95739e+14	0.00171355	24.6555
1.95864e+14	0.00180611	24.9862
1.95989e+14	0.00185049	25.3064
1.96114e+14	0.00184147	25.6241
1.96239e+14	0.00177891	25.9473
1.96364e+14	0.00166827	26.2852
1.96489e+14	0.00152192	26.6503
1.96614e+14	0.00136156	27.0593
1.96739e+14	0.00122145	27.5301
1.96864e+14	0.00114711	28.0649
1.96989e+14	0.00117686	28.6242
1.97114e+14	0.00131187	29.144
1.97238e+14	0.00151722	29.5933
1.97363e+14	0.0017503	29.9789
1.97488e+14	0.00197674	30.3188
1.97613e+14	0.00217162	30.6279
1.97738e+14	0.00231719	30.9168
1.97863e+14	0.0024012	31.1927
1.97988e+14	0.002416	31.4609
1.98113e+14	0.00235821	31.7256
1.98238e+14	0.00222851	31.9912
1.98363e+14	0.00203166	32.2628
1.98488e+14	0.00177676	32.5481
1.98613e+14	0.00147822	32.8614
1.98737e+14	0.0011589	33.2313
1.98862e+14	0.000860744	33.7213
1.98987e+14	0.000671912	34.4297
1.99112e+14	0.000706587	35.2512
1.99237e+14	0.000925714	35.8734
1.99362e+14	0.00120423	36.304
1.99487e+14	0.00147303	36.6374
1.99612e+14	0.00169986	36.9218
1.99737e+14	0.00186707	37.1789
1.99862e+14	0.00196421	37.4193
('port 4',TE,1,'port 3',1,'transmission')
(101,3)
1.8737e+14	0.000884575	-1.64568
1.87495e+14	0.000935431	-1.37422
1.8762e+14	0.000985091	-1.09405
1.87745e+14	0.00103287	-0.806442
1.8787e+14	0.00107829	-0.512522
1.87995e+14	0.001121	-0.213285
1.8812e+14	0.00116076	0.0903842
1.88245e+14	0.00119742	0.397697
1.8837e+14	0.00123082	0.707947
1.88495e+14	0.00126083	1.0205
1.88619e+14	0.00128729	1.3348
1.88744e+14	0.00131003	1.65035
1.88869e+14	0.00132885	1.96672
1.88994e+14	0.00134354	2.28355
1.89119e+14	0.00135389	2.60053
1.89244e+14	0.00135971	2.91743
1.89369e+14	0.00136081	3.23405
1.89494e+14	0.00135709	3.55022
1.89619e+14	0.00134846	3.86583
1.89744e+14	0.00133494	4.18077
1.89869e+14	0.00131659	4.49495
1.89993e+14	0.00129356	4.80828
1.90118e+14	0.00126606	5.12066
1.90243e+14	0.00123438	5.43198
1.90368e+14	0.00119885	5.74211
1.90493e+14	0.00115984	6.05086
1.90618e+14	0.00111776	6.35803
1.90743e+14	0.00107305	6.66336
1.90868e+14	0.00102615	6.96652
1.90993e+14	0.000977529	7.26714
1.91118e+14	0.000927633	7.56477
1.91243e+14	0.000876928	7.85887
1.91368e+14	0.000825879	8.14884
1.91492e+14	0.000774962	8.43394
1.91617e+14	0.000724667	8.71336
1.91742e+14	0.000675506	8.98616
1.91867e+14	0.000628027	9.2513
1.91992e+14	0.000582813	9.50769
1.92117e+14	0.000540496	9.75421
1.92242e+14	0.000501743	9.98987
1.92367e+14	0.000467244	10.214
1.92492e+14	0.000437672	10.4266
1.92617e+14	0.000413614	10.6285
1.92742e+14	0.000395484	10.8217
1.92866e+14	0.000383434	11.0095
1.92991e+14	0.000377286	11.1958
1.93116e+14	0.000376541	11.3844
1.93241e+14	0.00038045	11.5786
1.93366e+14	0.000388131	11.7806
1.93491e+14	0.000398694	11.9914
1.93616e+14	0.000411325	12.2109
1.93741e+14	0.000425347	12.4386
1.93866e+14	0.000440233	12.6735
1.93991e+14	0.000455599	12.9146
1.94116e+14	0.000471196	13.1607
1.94241e+14	0.000486879	13.411
1.94365e+14	0.000502595	13.6647
1.9449e+14	0.000518354	13.9211
1.94615e+14	0.000534212	14.1797
1.9474e+14	0.000550256	14.4402
1.94865e+14	0.000566585	14.7024
1.9499e+14	0.000583295	14.9662
1.95115e+14	0.000600469	15.2315
1.9524e+14	0.000618166	15.4986
1.95365e+14	0.00063641	15.7674
1.9549e+14	0.000655186	16.0382
1.95615e+14	0.000674438	16.3113
1.95739e+14	0.000694067	16.5867
1.95864e+14	0.000713936	16.8648
1.95989e+14	0.000733871	17.1456
1.96114e+14	0.000753672	17.4293
1.96239e+14	0.000773116	17.7161
1.96364e+14	0.000791967	18.006
1.96489e+14	0.000809987	18.299
1.96614e+14	0.000826935	18.5952
1.96739e+14	0.00084258	18.8945
1.96864e+14	0.000856701	19.197
1.96989e+14	0.000869089	19.5025
1.97114e+14	0.00087955	19.8109
1.97238e+14	0.000887897	20.1222
1.97363e+14	0.000893953	20.4362
1.97488e+14	0.000897545	20.7528
1.97613e+14	0.000898499	21.0718
1.97738e+14	0.000896638	21.3932
1.97863e+14	0.000891781	21.7169
1.97988e+14	0.000883742	22.0426
1.98113e+14	0.000872333	22.3705
1.98238e+14	0.000857373	22.7005
1.98363e+14	0.000838697	23.0328
1.98488e+14	0.000816166	23.3675
1.98613e+14	0.000789685	23.7048
1.98737e+14	0.000759221	24.0453
1.98862e+14	0.00072482	24.3897
1.98987e+14	0.00068663	24.7387
1.99112e+14	0.000644924	25.0936
1.99237e+14	0.000600134	25.4562
1.99362e+14	0.000552881	25.8286
1.99487e+14	0.000504038	26.2141
1.99612e+14	0.000454814	26.6172
1.99737e+14	0.000406882	27.0435
1.99862e+14	0.000362564	27.5006
('port 1',TE,1,'port 4',1,'transmission')
(101,3)
1.8737e+14	0.482843	1.09059
1.87495e+14	0.481264	1.37743
1.8762e+14	0.479689	1.66428
1.87745e+14	0.478118	1.95112
1.8787e+14	0.476551	2.23797
1.87995e+14	0.474987	2.52482
1.8812e+14	0.473427	2.81166
1.88245e+14	0.47187	3.0985
1.8837e+14	0.470318	3.38534
1.88495e+14	0.468769	3.67218
1.88619e+14	0.467225	3.95901
1.88744e+14	0.465686	4.24584
1.88869e+14	0.464153	4.53267
1.88994e+14	0.462624	4.81949
1.89119e+14	0.461101	5.10631
1.89244e+14	0.459584	5.39313
1.89369e+14	0.458072	5.67994
1.89494e+14	0.456567	5.96675
1.89619e+14	0.455067	6.25356
1.89744e+14	0.453574	6.54037
1.89869e+14	0.452087	6.82718
1.89993e+14	0.450605	7.11398
1.90118e+14	0.449129	7.40079
1.90243e+14	0.447658	7.6876
1.90368e+14	0.446192	7.97441
1.90493e+14	0.44473	8.26122
1.90618e+14	0.443272	8.54803
1.90743e+14	0.441819	8.83483
1.90868e+14	0.44037	9.12164
1.90993e+14	0.438926	9.40844
1.91118e+14	0.437488	9.69523
1.91243e+14	0.436055	9.98203
1.91368e+14	0.434628	10.2688
1.91492e+14	0.433206	10.5556
1.91617e+14	0.431789	10.8424
1.91742e+14	0.430378	11.1292
1.91867e+14	0.42897	11.416
1.91992e+14	0.427567	11.7028
1.92117e+14	0.426168	11.9896
1.92242e+14	0.424773	12.2764
1.92367e+14	0.423381	12.5632
1.92492e+14	0.421994	12.8499
1.92617e+14	0.420611	13.1367
1.92742e+14	0.419232	13.4235
1.92866e+14	0.417858	13.7103
1.92991e+14	0.416488	13.9971
1.93116e+14	0.415122	14.2838
1.93241e+14	0.41376	14.5706
1.93366e+14	0.412402	14.8573
1.93491e+14	0.411048	15.1441
1.93616e+14	0.409699	15.4309
1.93741e+14	0.408355	15.7176
1.93866e+14	0.407016	16.0043
1.93991e+14	0.405683	16.2911
1.94116e+14	0.404355	16.5778
1.94241e+14	0.403032	16.8646
1.94365e+14	0.401715	17.1513
1.9449e+14	0.400401	17.438
1.94615e+14	0.399092	17.7248
1.9474e+14	0.397786	18.0115
1.94865e+14	0.396484	18.2983
1.9499e+14	0.395184	18.585
1.95115e+14	0.393888	18.8717
1.9524e+14	0.392596	19.1585
1.95365e+14	0.391306	19.4452
1.9549e+14	0.390021	19.7319
1.95615e+14	0.388739	20.0187
1.95739e+14	0.387462	20.3054
1.95864e+14	0.386189	20.5921
1.95989e+14	0.384922	20.8788
1.96114e+14	0.38366	21.1655
1.96239e+14	0.382403	21.4522
1.96364e+14	0.381152	21.7389
1.96489e+14	0.379908	22.0256
1.96614e+14	0.378669	22.3123
1.96739e+14	0.377435	22.599
1.96864e+14	0.376207	22.8857
1.96989e+14	0.374983	23.1724
1.97114e+14	0.373764	23.4591
1.97238e+14	0.372548	23.7458
1.97363e+14	0.371335	24.0325
1.97488e+14	0.370126	24.3192
1.97613e+14	0.36892	24.606
1.97738e+14	0.367717	24.8927
1.97863e+14	0.366517	25.1794
1.97988e+14	0.36532	25.4661
1.98113e+14	0.364126	25.7528
1.98238e+14	0.362936	26.0395
1.98363e+14	0.361748	26.3262
1.98488e+14	0.360565	26.6129
1.98613e+14	0.359385	26.8996
1.98737e+14	0.35821	27.1862
1.98862e+14	0.357039	27.4729
1.98987e+14	0.355875	27.7596
1.99112e+14	0.354715	28.0462
1.99237e+14	0.353562	28.3329
1.99362e+14	0.352414	28.6196
1.99487e+14	0.351271	28.9062
1.99612e+14	0.350132	29.1929
1.99737e+14	0.348998	29.4796
1.99862e+14	0.347868	29.7662
('port 2',TE,1,'port 4',1,'transmission')
(101,3)
1.8737e+14	0.87285	2.6322
1.87495e+14	0.87372	2.98337
1.8762e+14	0.874582	3.33453
1.87745e+14	0.875435	3.68569
1.8787e+14	0.87628	4.03685
1.87995e+14	0.877117	4.388
1.8812e+14	0.877946	4.73914
1.88245e+14	0.878766	5.09028
1.8837e+14	0.87958	5.44142
1.88495e+14	0.880385	5.79254
1.88619e+14	0.881184	6.14366
1.88744e+14	0.881976	6.49478
1.88869e+14	0.882763	6.84588
1.88994e+14	0.883543	7.19698
1.89119e+14	0.884319	7.54808
1.89244e+14	0.88509	7.89916
1.89369e+14	0.885857	8.25024
1.89494e+14	0.88662	8.60131
1.89619e+14	0.887381	8.95237
1.89744e+14	0.88814	9.30342
1.89869e+14	0.888897	9.65447
1.89993e+14	0.889652	10.0055
1.90118e+14	0.890404	10.3566
1.90243e+14	0.891153	10.7076
1.90368e+14	0.891898	11.0586
1.90493e+14	0.892639	11.4097
1.90618e+14	0.893374	11.7607
1.90743e+14	0.894104	12.1117
1.90868e+14	0.894828	12.4628
1.90993e+14	0.895547	12.8138
1.91118e+14	0.89626	13.1648
1.91243e+14	0.896967	13.5158
1.91368e+14	0.897669	13.8668
1.91492e+14	0.898366	14.2179
1.91617e+14	0.899056	14.5689
1.91742e+14	0.899739	14.9199
1.91867e+14	0.900415	15.2709
1.91992e+14	0.901085	15.6218
1.92117e+14	0.901747	15.9728
1.92242e+14	0.902404	16.3238
1.92367e+14	0.903056	16.6748
1.92492e+14	0.903703	17.0257
1.92617e+14	0.904347	17.3767
1.92742e+14	0.904988	17.7276
1.92866e+14	0.905627	18.0785
1.92991e+14	0.906263	18.4295
1.93116e+14	0.906895	18.7804
1.93241e+14	0.907523	19.1313
1.93366e+14	0.908147	19.4822
1.93491e+14	0.908766	19.8331
1.93616e+14	0.90938	20.184
1.93741e+14	0.909989	20.5349
1.93866e+14	0.910594	20.8858
1.93991e+14	0.911195	21.2367
1.94116e+14	0.91179	21.5876
1.94241e+14	0.912381	21.9385
1.94365e+14	0.912967	22.2893
1.9449e+14	0.913547	22.6402
1.94615e+14	0.91412	22.991
1.9474e+14	0.914688	23.3419
1.94865e+14	0.915249	23.6927
1.9499e+14	0.915804	24.0436
1.95115e+14	0.916354	24.3944
1.9524e+14	0.916899	24.7452
1.95365e+14	0.917439	25.096
1.9549e+14	0.917976	25.4468
1.95615e+14	0.918508	25.7976
1.95739e+14	0.919038	26.1484
1.95864e+14	0.919564	26.4992
1.95989e+14	0.920087	26.85
1.96114e+14	0.920607	27.2008
1.96239e+14	0.921124	27.5516
1.96364e+14	0.921638	27.9023
1.96489e+14	0.92215	28.2531
1.96614e+14	0.922658	28.6039
1.96739e+14	0.923163	28.9546
1.96864e+14	0.923664	29.3054
1.96989e+14	0.92416	29.6562
1.97114e+14	0.92465	30.0069
1.97238e+14	0.925135	30.3577
1.97363e+14	0.925615	30.7084
1.97488e+14	0.926089	31.0592
1.97613e+14	0.926559	31.4099
1.97738e+14	0.927023	31.7607
1.97863e+14	0.927483	32.1114
1.97988e+14	0.927939	32.4621
1.98113e+14	0.928389	32.8128
1.98238e+14	0.928834	33.1636
1.98363e+14	0.929274	33.5143
1.98488e+14	0.929709	33.865
1.98613e+14	0.930139	34.2157
1.98737e+14	0.930566	34.5664
1.98862e+14	0.930989	34.9171
1.98987e+14	0.931411	35.2678
1.99112e+14	0.931831	35.6184
1.99237e+14	0.93225	35.9691
1.99362e+14	0.932669	36.3198
1.99487e+14	0.933087	36.6704
1.99612e+14	0.933503	37.0211
1.99737e+14	0.933917	37.3718
1.99862e+14	0.934329	37.7224
('port 3',TE,1,'port 4',1,'transmission')
(101,3)
1.8737e+14	0.000431536	2.35071
1.87495e+14	0.000696638	2.8861
1.8762e+14	0.000986921	3.35897
1.87745e+14	0.00129588	3.8092
1.8787e+14	0.00161841	4.24943
1.87995e+14	0.00194936	4.6848
1.8812e+14	0.00228335	5.11775
1.88245e+14	0.00261468	5.54957
1.8837e+14	0.00293744	5.98105
1.88495e+14	0.00324564	6.4127
1.88619e+14	0.00353338	6.84491
1.88744e+14	0.00379506	7.278
1.88869e+14	0.00402556	7.71227
1.88994e+14	0.00422043	8.14802
1.89119e+14	0.00437605	8.58556
1.89244e+14	0.00448981	9.02523
1.89369e+14	0.00456014	9.46739
1.89494e+14	0.00458667	9.91247
1.89619e+14	0.0045702	10.361
1.89744e+14	0.00451273	10.8134
1.89869e+14	0.00441747	11.2705
1.89993e+14	0.00428881	11.733
1.90118e+14	0.0041323	12.2018
1.90243e+14	0.0039546	12.6779
1.90368e+14	0.00376347	13.1625
1.90493e+14	0.00356762	13.6566
1.90618e+14	0.00337652	14.1612
1.90743e+14	0.00320002	14.6766
1.90868e+14	0.00304764	15.2023
1.90993e+14	0.00292756	15.7363
1.91118e+14	0.00284542	16.2752
1.91243e+14	0.00280327	16.8144
1.91368e+14	0.00279913	17.3489
1.91492e+14	0.00282751	17.8743
1.91617e+14	0.00288067	18.3877
1.91742e+14	0.00295009	18.8874
1.91867e+14	0.00302773	19.3734
1.91992e+14	0.00310677	19.8463
1.92117e+14	0.00318198	20.3073
1.92242e+14	0.00324971	20.7577
1.92367e+14	0.00330771	21.199
1.92492e+14	0.00335486	21.6326
1.92617e+14	0.00339087	22.0598
1.92742e+14	0.00341604	22.4819
1.92866e+14	0.00343092	22.9001
1.92991e+14	0.00343615	23.3159
1.93116e+14	0.00343229	23.7303
1.93241e+14	0.00341974	24.1447
1.93366e+14	0.00339872	24.5602
1.93491e+14	0.00336933	24.9782
1.93616e+14	0.00333168	25.3997
1.93741e+14	0.00328603	25.826
1.93866e+14	0.003233	26.258
1.93991e+14	0.00317372	26.697
1.94116e+14	0.00311004	27.1437
1.94241e+14	0.00304456	27.599
1.94365e+14	0.00298073	28.0633
1.9449e+14	0.00292266	28.537
1.94615e+14	0.00287488	29.0194
1.9474e+14	0.00284196	29.5097
1.94865e+14	0.00282791	30.0061
1.9499e+14	0.00283564	30.5062
1.95115e+14	0.00286651	31.0074
1.9524e+14	0.00292011	31.5068
1.95365e+14	0.00299443	32.0023
1.9549e+14	0.00308614	32.4919
1.95615e+14	0.00319116	32.9746
1.95739e+14	0.00330514	33.4498
1.95864e+14	0.00342382	33.9174
1.95989e+14	0.00354338	34.3776
1.96114e+14	0.0036605	34.831
1.96239e+14	0.00377251	35.278
1.96364e+14	0.00387729	35.7193
1.96489e+14	0.00397329	36.1555
1.96614e+14	0.00405943	36.5872
1.96739e+14	0.00413499	37.0152
1.96864e+14	0.00419958	37.4402
1.96989e+14	0.00425302	37.863
1.97114e+14	0.00429529	38.2843
1.97238e+14	0.00432646	38.7049
1.97363e+14	0.00434664	39.1259
1.97488e+14	0.00435603	39.5479
1.97613e+14	0.00435486	39.972
1.97738e+14	0.0043435	40.3989
1.97863e+14	0.00432245	40.8296
1.97988e+14	0.00429246	41.2647
1.98113e+14	0.00425458	41.7049
1.98238e+14	0.00421019	42.1509
1.98363e+14	0.00416104	42.603
1.98488e+14	0.00410919	43.0615
1.98613e+14	0.00405698	43.5266
1.98737e+14	0.00400684	43.9981
1.98862e+14	0.00396119	44.4756
1.98987e+14	0.00392216	44.9586
1.99112e+14	0.00389141	45.4461
1.99237e+14	0.00386991	45.9372
1.99362e+14	0.00385776	46.4307
1.99487e+14	0.00385413	46.9253
1.99612e+14	0.00385723	47.4199
1.99737e+14	0.00386441	47.9135
1.99862e+14	0.00387233	48.4051
('port 4',TE,1,'port 4',1,'transmission')
(101,3)
1.8737e+14	0.000154228	1.82284
1.87495e+14	0.000298585	1.97249
1.8762e+14	0.000438909	2.20716
1.87745e+14	0.000561677	2.46325
1.8787e+14	0.00065506	2.72524
1.87995e+14	0.000709132	2.98547
1.8812e+14	0.000716777	3.23676
1.88245e+14	0.000674806	3.46815
1.8837e+14	0.000585764	3.65736
1.88495e+14	0.000462828	3.74992
1.88619e+14	0.000348064	3.61102
1.88744e+14	0.000347004	3.18798
1.88869e+14	0.00050852	2.96406
1.88994e+14	0.000747989	3.02067
1.89119e+14	0.00100769	3.20276
1.89244e+14	0.00125907	3.44067
1.89369e+14	0.00148316	3.70725
1.89494e+14	0.0016654	3.99052
1.89619e+14	0.00179469	4.28446
1.89744e+14	0.0018634	4.58569
1.89869e+14	0.00186743	4.89207
1.89993e+14	0.00180632	5.20207
1.90118e+14	0.00168302	5.51431
1.90243e+14	0.00150368	5.82718
1.90368e+14	0.0012771	6.13818
1.90493e+14	0.00101426	6.44239
1.90618e+14	0.000727937	6.72717
1.90743e+14	0.000433553	6.94631
1.90868e+14	0.000167278	6.7538
1.90993e+14	0.000213648	5.37917
1.91118e+14	0.000459964	5.38585
1.91243e+14	0.000692134	5.64369
1.91368e+14	0.000890813	5.9561
1.91492e+14	0.00104968	6.29041
1.91617e+14	0.00116588	6.6367
1.91742e+14	0.00123874	6.99076
1.91867e+14	0.0012692	7.3503
1.91992e+14	0.00125933	7.7137
1.92117e+14	0.00121194	8.07952
1.92242e+14	0.00113013	8.44619
1.92367e+14	0.00101709	8.81186
1.92492e+14	0.000875944	9.1739
1.92617e+14	0.000709762	9.52795
1.92742e+14	0.000521858	9.86414
1.92866e+14	0.000316635	10.1479
1.92991e+14	0.000108932	10.0675
1.93116e+14	0.000161896	8.36427
1.93241e+14	0.000392695	8.46704
1.93366e+14	0.000629135	8.7537
1.93491e+14	0.000858961	9.07134
1.93616e+14	0.00107383	9.39695
1.93741e+14	0.00126568	9.72382
1.93866e+14	0.00142668	10.0493
1.93991e+14	0.00154957	10.3722
1.94116e+14	0.00162803	10.6917
1.94241e+14	0.00165711	11.0074
1.94365e+14	0.00163353	11.3184
1.9449e+14	0.00155599	11.6237
1.94615e+14	0.00142545	11.9211
1.9474e+14	0.00124536	12.2065
1.94865e+14	0.00102206	12.4704
1.9499e+14	0.000766192	12.6887
1.95115e+14	0.00049913	12.7816
1.9524e+14	0.00029645	12.4399
1.95365e+14	0.000370642	11.7445
1.9549e+14	0.000634825	11.6609
1.95615e+14	0.000927472	11.8331
1.95739e+14	0.00120747	12.0864
1.95864e+14	0.00145829	12.3749
1.95989e+14	0.00166983	12.6832
1.96114e+14	0.00183539	13.0049
1.96239e+14	0.0019511	13.337
1.96364e+14	0.00201564	13.6781
1.96489e+14	0.00202989	14.0272
1.96614e+14	0.00199653	14.3837
1.96739e+14	0.00191943	14.7469
1.96864e+14	0.0018029	15.1159
1.96989e+14	0.00165107	15.4895
1.97114e+14	0.00146731	15.8661
1.97238e+14	0.00125404	16.2437
1.97363e+14	0.00101279	16.6199
1.97488e+14	0.000744757	16.9911
1.97613e+14	0.000451586	17.3481
1.97738e+14	0.000136952	17.6093
1.97863e+14	0.000199442	15.101
1.97988e+14	0.000542691	15.3935
1.98113e+14	0.000887251	15.7335
1.98238e+14	0.00122064	16.0765
1.98363e+14	0.00152917	16.4169
1.98488e+14	0.00179841	16.7532
1.98613e+14	0.00201428	17.0849
1.98737e+14	0.00216411	17.4116
1.98862e+14	0.00223772	17.7331
1.98987e+14	0.00222839	18.0486
1.99112e+14	0.00213362	18.3571
1.99237e+14	0.00195565	18.6562
1.99362e+14	0.00170184	18.9412
1.99487e+14	0.00138508	19.2018
1.99612e+14	0.00102557	19.4114
1.99737e+14	0.000660194	19.4832
1.99862e+14	0.000402804	19.1116
