('port 1',TE,1,'port 1',1,'transmission')
(101,3)
1.8737e+14	0.000229988	-2.94009
1.87495e+14	0.000221697	-2.98013
1.8762e+14	0.000215481	-3.01765
1.87745e+14	0.000210885	-3.05031
1.8787e+14	0.000207412	-3.07651
1.87995e+14	0.000204576	-3.09536
1.8812e+14	0.000201949	-3.10664
1.88245e+14	0.000199176	-3.11056
1.8837e+14	0.000195983	-3.1076
1.88495e+14	0.000192176	-3.09837
1.88619e+14	0.000187627	-3.08345
1.88744e+14	0.00018226	-3.06341
1.88869e+14	0.000176042	-3.03868
1.88994e+14	0.000168972	-3.00963
1.89119e+14	0.000161071	-2.97647
1.89244e+14	0.000152375	-2.93935
1.89369e+14	0.000142937	-2.89829
1.89494e+14	0.000132817	-2.85322
1.89619e+14	0.000122088	-2.80394
1.89744e+14	0.000110834	-2.75012
1.89869e+14	9.91532e-05	-2.69123
1.89993e+14	8.71585e-05	-2.62641
1.90118e+14	7.49799e-05	-2.55426
1.90243e+14	6.27671e-05	-2.47234
1.90368e+14	5.06942e-05	-2.37606
1.90493e+14	3.89725e-05	-2.25594
1.90618e+14	2.78908e-05	-2.08933
1.90743e+14	1.79804e-05	-1.81096
1.90868e+14	1.0833e-05	-1.21464
1.90993e+14	1.05239e-05	-0.249486
1.91118e+14	1.56866e-05	0.314648
1.91243e+14	2.15012e-05	0.58322
1.91368e+14	2.64575e-05	0.748051
1.91492e+14	3.01094e-05	0.868409
1.91617e+14	3.22685e-05	0.963989
1.91742e+14	3.28503e-05	1.04128
1.91867e+14	3.18427e-05	1.10032
1.91992e+14	2.93094e-05	1.13537
1.92117e+14	2.54252e-05	1.13132
1.92242e+14	2.05928e-05	1.05177
1.92367e+14	1.5846e-05	0.810882
1.92492e+14	1.38567e-05	0.308866
1.92617e+14	1.75992e-05	-0.199748
1.92742e+14	2.56638e-05	-0.448883
1.92866e+14	3.57484e-05	-0.535045
1.92991e+14	4.67589e-05	-0.54633
1.93116e+14	5.81246e-05	-0.520881
1.93241e+14	6.94477e-05	-0.475603
1.93366e+14	8.03982e-05	-0.418858
1.93491e+14	9.06836e-05	-0.355247
1.93616e+14	0.000100041	-0.287564
1.93741e+14	0.000108236	-0.217673
1.93866e+14	0.000115068	-0.146949
1.93991e+14	0.000120372	-0.0765088
1.94116e+14	0.000124026	-0.00736861
1.94241e+14	0.00012595	0.0594573
1.94365e+14	0.000126116	0.122864
1.9449e+14	0.000124549	0.181567
1.94615e+14	0.00012133	0.233991
1.9474e+14	0.000116608	0.278146
1.94865e+14	0.0001106	0.311462
1.9499e+14	0.000103609	0.330613
1.95115e+14	9.60394e-05	0.331384
1.9524e+14	8.84169e-05	0.3088
1.95365e+14	8.14062e-05	0.257969
1.9549e+14	7.57948e-05	0.17638
1.95615e+14	7.23868e-05	0.0678086
1.95739e+14	7.17728e-05	-0.0547718
1.95864e+14	7.40721e-05	-0.172292
1.95989e+14	7.88742e-05	-0.268411
1.96114e+14	8.54412e-05	-0.335645
1.96239e+14	9.29743e-05	-0.374421
1.96364e+14	0.00010077	-0.389043
1.96489e+14	0.000108268	-0.384645
1.96614e+14	0.000115036	-0.36583
1.96739e+14	0.000120754	-0.336328
1.96864e+14	0.000125186	-0.299051
1.96989e+14	0.00012817	-0.256276
1.97114e+14	0.000129603	-0.209811
1.97238e+14	0.000129436	-0.161152
1.97363e+14	0.000127665	-0.111597
1.97488e+14	0.000124329	-0.0623594
1.97613e+14	0.000119506	-0.0146633
1.97738e+14	0.000113306	0.0301407
1.97863e+14	0.000105875	0.0704311
1.97988e+14	9.73919e-05	0.104108
1.98113e+14	8.80685e-05	0.128266
1.98238e+14	7.8161e-05	0.13867
1.98363e+14	6.79844e-05	0.128878
1.98488e+14	5.79482e-05	0.0888793
1.98613e+14	4.86227e-05	0.00351253
1.98737e+14	4.08402e-05	-0.146737
1.98862e+14	3.57322e-05	-0.373047
1.98987e+14	3.43312e-05	-0.6467
1.99112e+14	3.66483e-05	-0.897113
1.99237e+14	4.15229e-05	-1.07678
1.99362e+14	4.75758e-05	-1.18677
1.99487e+14	5.38e-05	-1.24628
1.99612e+14	5.95557e-05	-1.27255
1.99737e+14	6.44343e-05	-1.2775
1.99862e+14	6.81635e-05	-1.26897
('port 2',TE,1,'port 1',1,'transmission')
(101,3)
1.8737e+14	0.000350903	1.37594
1.87495e+14	0.000349472	1.65796
1.8762e+14	0.000347194	1.93903
1.87745e+14	0.000344042	2.21966
1.8787e+14	0.000340029	2.50031
1.87995e+14	0.000335212	2.78145
1.8812e+14	0.000329678	3.06349
1.88245e+14	0.000323542	3.34681
1.8837e+14	0.000316937	3.63171
1.88495e+14	0.000310005	3.9184
1.88619e+14	0.000302893	4.20702
1.88744e+14	0.000295738	4.49761
1.88869e+14	0.000288664	4.79009
1.88994e+14	0.000281771	5.08431
1.89119e+14	0.000275133	5.38
1.89244e+14	0.000268793	5.67686
1.89369e+14	0.000262761	5.97454
1.89494e+14	0.000257018	6.27266
1.89619e+14	0.000251517	6.57091
1.89744e+14	0.000246194	6.869
1.89869e+14	0.00024097	7.16674
1.89993e+14	0.000235762	7.46404
1.90118e+14	0.000230489	7.76089
1.90243e+14	0.000225079	8.0574
1.90368e+14	0.000219475	8.35376
1.90493e+14	0.000213638	8.65026
1.90618e+14	0.000207547	8.94724
1.90743e+14	0.000201205	9.2451
1.90868e+14	0.000194634	9.54427
1.90993e+14	0.000187874	9.84521
1.91118e+14	0.00018098	10.1484
1.91243e+14	0.000174023	10.4542
1.91368e+14	0.000167078	10.7632
1.91492e+14	0.000160228	11.0755
1.91617e+14	0.000153553	11.3916
1.91742e+14	0.00014713	11.7116
1.91867e+14	0.000141024	12.0356
1.91992e+14	0.00013529	12.3636
1.92117e+14	0.000129968	12.6955
1.92242e+14	0.000125083	13.0311
1.92367e+14	0.000120645	13.3702
1.92492e+14	0.000116655	13.7125
1.92617e+14	0.000113106	14.0579
1.92742e+14	0.000109992	14.4062
1.92866e+14	0.000107312	14.7573
1.92991e+14	0.000105071	15.111
1.93116e+14	0.000103291	15.4673
1.93241e+14	0.000102005	15.8258
1.93366e+14	0.000101256	16.1863
1.93491e+14	0.000101095	16.548
1.93616e+14	0.00010157	16.91
1.93741e+14	0.000102715	17.2713
1.93866e+14	0.00010455	17.6306
1.93991e+14	0.000107065	17.9867
1.94116e+14	0.000110226	18.3386
1.94241e+14	0.000113971	18.6853
1.94365e+14	0.000118216	19.0265
1.9449e+14	0.000122863	19.362
1.94615e+14	0.000127807	19.6918
1.9474e+14	0.000132941	20.0164
1.94865e+14	0.000138162	20.3362
1.9499e+14	0.000143381	20.6519
1.95115e+14	0.000148521	20.9641
1.9524e+14	0.000153522	21.2735
1.95365e+14	0.000158343	21.5808
1.9549e+14	0.000162964	21.8865
1.95615e+14	0.000167384	22.1911
1.95739e+14	0.000171622	22.4952
1.95864e+14	0.000175711	22.7989
1.95989e+14	0.000179702	23.1027
1.96114e+14	0.000183653	23.4065
1.96239e+14	0.000187627	23.7104
1.96364e+14	0.000191685	24.0143
1.96489e+14	0.000195884	24.318
1.96614e+14	0.000200267	24.6212
1.96739e+14	0.000204859	24.9237
1.96864e+14	0.000209667	25.2252
1.96989e+14	0.000214674	25.5252
1.97114e+14	0.000219844	25.8237
1.97238e+14	0.000225119	26.1204
1.97363e+14	0.000230427	26.4152
1.97488e+14	0.000235685	26.7082
1.97613e+14	0.000240804	26.9994
1.97738e+14	0.000245697	27.2891
1.97863e+14	0.000250285	27.5775
1.97988e+14	0.000254498	27.8649
1.98113e+14	0.000258289	28.1517
1.98238e+14	0.000261628	28.4382
1.98363e+14	0.000264514	28.7249
1.98488e+14	0.000266971	29.012
1.98613e+14	0.000269052	29.3
1.98737e+14	0.000270838	29.5891
1.98862e+14	0.000272433	29.8795
1.98987e+14	0.000273959	30.1714
1.99112e+14	0.000275552	30.4646
1.99237e+14	0.000277347	30.759
1.99362e+14	0.000279473	31.0543
1.99487e+14	0.000282038	31.3501
1.99612e+14	0.000285118	31.6458
1.99737e+14	0.00028875	31.9408
1.99862e+14	0.000292922	32.2346
('port 3',TE,1,'port 1',1,'transmission')
(101,3)
1.8737e+14	0.987434	-0.95856
1.87495e+14	0.987551	-0.739471
1.8762e+14	0.987668	-0.520377
1.87745e+14	0.987783	-0.301278
1.8787e+14	0.987897	-0.082175
1.87995e+14	0.98801	0.136933
1.8812e+14	0.988121	0.356046
1.88245e+14	0.988232	0.575164
1.8837e+14	0.988341	0.794286
1.88495e+14	0.988449	1.01341
1.88619e+14	0.988556	1.23255
1.88744e+14	0.988662	1.45168
1.88869e+14	0.988767	1.67082
1.88994e+14	0.98887	1.88997
1.89119e+14	0.988973	2.10912
1.89244e+14	0.989074	2.32828
1.89369e+14	0.989174	2.54744
1.89494e+14	0.989274	2.7666
1.89619e+14	0.989372	2.98577
1.89744e+14	0.989469	3.20494
1.89869e+14	0.989566	3.42412
1.89993e+14	0.989661	3.64331
1.90118e+14	0.989755	3.86249
1.90243e+14	0.989849	4.08168
1.90368e+14	0.989941	4.30088
1.90493e+14	0.990033	4.52008
1.90618e+14	0.990123	4.73929
1.90743e+14	0.990213	4.9585
1.90868e+14	0.990302	5.17771
1.90993e+14	0.99039	5.39693
1.91118e+14	0.990476	5.61615
1.91243e+14	0.990563	5.83538
1.91368e+14	0.990648	6.05461
1.91492e+14	0.990732	6.27384
1.91617e+14	0.990815	6.49308
1.91742e+14	0.990898	6.71233
1.91867e+14	0.99098	6.93157
1.91992e+14	0.99106	7.15083
1.92117e+14	0.99114	7.37008
1.92242e+14	0.991219	7.58934
1.92367e+14	0.991297	7.80861
1.92492e+14	0.991374	8.02788
1.92617e+14	0.99145	8.24715
1.92742e+14	0.991525	8.46643
1.92866e+14	0.9916	8.68571
1.92991e+14	0.991673	8.90499
1.93116e+14	0.991746	9.12428
1.93241e+14	0.991818	9.34358
1.93366e+14	0.991889	9.56288
1.93491e+14	0.99196	9.78218
1.93616e+14	0.992029	10.0015
1.93741e+14	0.992098	10.2208
1.93866e+14	0.992166	10.4401
1.93991e+14	0.992233	10.6594
1.94116e+14	0.992299	10.8788
1.94241e+14	0.992365	11.0981
1.94365e+14	0.99243	11.3174
1.9449e+14	0.992494	11.5367
1.94615e+14	0.992557	11.7561
1.9474e+14	0.992619	11.9754
1.94865e+14	0.99268	12.1948
1.9499e+14	0.992741	12.4141
1.95115e+14	0.992801	12.6335
1.9524e+14	0.99286	12.8529
1.95365e+14	0.992918	13.0722
1.9549e+14	0.992976	13.2916
1.95615e+14	0.993033	13.511
1.95739e+14	0.993089	13.7303
1.95864e+14	0.993144	13.9497
1.95989e+14	0.993198	14.1691
1.96114e+14	0.993252	14.3885
1.96239e+14	0.993305	14.6079
1.96364e+14	0.993357	14.8273
1.96489e+14	0.993409	15.0467
1.96614e+14	0.99346	15.2661
1.96739e+14	0.99351	15.4855
1.96864e+14	0.993559	15.7049
1.96989e+14	0.993608	15.9244
1.97114e+14	0.993656	16.1438
1.97238e+14	0.993704	16.3632
1.97363e+14	0.993751	16.5826
1.97488e+14	0.993797	16.8021
1.97613e+14	0.993842	17.0215
1.97738e+14	0.993887	17.241
1.97863e+14	0.993931	17.4604
1.97988e+14	0.993975	17.6799
1.98113e+14	0.994018	17.8993
1.98238e+14	0.99406	18.1188
1.98363e+14	0.994102	18.3383
1.98488e+14	0.994143	18.5577
1.98613e+14	0.994183	18.7772
1.98737e+14	0.994223	18.9967
1.98862e+14	0.994262	19.2162
1.98987e+14	0.994301	19.4357
1.99112e+14	0.994339	19.6552
1.99237e+14	0.994376	19.8747
1.99362e+14	0.994413	20.0942
1.99487e+14	0.994449	20.3137
1.99612e+14	0.994484	20.5332
1.99737e+14	0.994518	20.7527
1.99862e+14	0.994551	20.9723
('port 4',TE,1,'port 1',1,'transmission')
(101,3)
1.8737e+14	0.154657	0.477275
1.87495e+14	0.153906	0.759168
1.8762e+14	0.15316	1.04107
1.87745e+14	0.152417	1.32297
1.8787e+14	0.151679	1.60488
1.87995e+14	0.150944	1.88679
1.8812e+14	0.150214	2.16871
1.88245e+14	0.149487	2.45063
1.8837e+14	0.148764	2.73256
1.88495e+14	0.148045	3.01449
1.88619e+14	0.14733	3.29642
1.88744e+14	0.146619	3.57837
1.88869e+14	0.145911	3.86031
1.88994e+14	0.145207	4.14227
1.89119e+14	0.144507	4.42422
1.89244e+14	0.143811	4.70619
1.89369e+14	0.143118	4.98815
1.89494e+14	0.142429	5.27013
1.89619e+14	0.141744	5.55211
1.89744e+14	0.141062	5.83409
1.89869e+14	0.140384	6.11608
1.89993e+14	0.13971	6.39807
1.90118e+14	0.139039	6.68007
1.90243e+14	0.138372	6.96208
1.90368e+14	0.137709	7.24409
1.90493e+14	0.137049	7.52611
1.90618e+14	0.136394	7.80812
1.90743e+14	0.135741	8.09015
1.90868e+14	0.135092	8.37218
1.90993e+14	0.134447	8.65421
1.91118e+14	0.133806	8.93625
1.91243e+14	0.133168	9.21829
1.91368e+14	0.132533	9.50033
1.91492e+14	0.131902	9.78238
1.91617e+14	0.131274	10.0644
1.91742e+14	0.13065	10.3465
1.91867e+14	0.130028	10.6285
1.91992e+14	0.129411	10.9106
1.92117e+14	0.128796	11.1927
1.92242e+14	0.128185	11.4747
1.92367e+14	0.127577	11.7568
1.92492e+14	0.126972	12.0389
1.92617e+14	0.12637	12.321
1.92742e+14	0.125771	12.6031
1.92866e+14	0.125176	12.8851
1.92991e+14	0.124583	13.1672
1.93116e+14	0.123994	13.4493
1.93241e+14	0.123407	13.7314
1.93366e+14	0.122824	14.0135
1.93491e+14	0.122244	14.2956
1.93616e+14	0.121666	14.5778
1.93741e+14	0.121092	14.8599
1.93866e+14	0.120521	15.142
1.93991e+14	0.119953	15.4241
1.94116e+14	0.119387	15.7063
1.94241e+14	0.118825	15.9884
1.94365e+14	0.118265	16.2705
1.9449e+14	0.117709	16.5527
1.94615e+14	0.117155	16.8348
1.9474e+14	0.116604	17.117
1.94865e+14	0.116056	17.3991
1.9499e+14	0.115511	17.6813
1.95115e+14	0.114969	17.9635
1.9524e+14	0.11443	18.2456
1.95365e+14	0.113894	18.5278
1.9549e+14	0.11336	18.81
1.95615e+14	0.11283	19.0922
1.95739e+14	0.112302	19.3744
1.95864e+14	0.111777	19.6566
1.95989e+14	0.111254	19.9388
1.96114e+14	0.110735	20.221
1.96239e+14	0.110218	20.5032
1.96364e+14	0.109705	20.7854
1.96489e+14	0.109193	21.0676
1.96614e+14	0.108685	21.3498
1.96739e+14	0.108179	21.632
1.96864e+14	0.107676	21.9143
1.96989e+14	0.107175	22.1965
1.97114e+14	0.106677	22.4787
1.97238e+14	0.106182	22.7609
1.97363e+14	0.105689	23.0432
1.97488e+14	0.105198	23.3254
1.97613e+14	0.10471	23.6077
1.97738e+14	0.104224	23.8899
1.97863e+14	0.103741	24.1722
1.97988e+14	0.10326	24.4544
1.98113e+14	0.102781	24.7367
1.98238e+14	0.102304	25.019
1.98363e+14	0.10183	25.3012
1.98488e+14	0.101358	25.5835
1.98613e+14	0.100889	25.8658
1.98737e+14	0.100421	26.1481
1.98862e+14	0.0999565	26.4304
1.98987e+14	0.099494	26.7127
1.99112e+14	0.099034	26.995
1.99237e+14	0.0985764	27.2773
1.99362e+14	0.0981213	27.5597
1.99487e+14	0.0976688	27.842
1.99612e+14	0.0972189	28.1244
1.99737e+14	0.0967715	28.4067
1.99862e+14	0.0963268	28.6891
('port 1',TE,1,'port 2',1,'transmission')
(101,3)
1.8737e+14	0.00038567	1.93215
1.87495e+14	0.000314804	2.23117
1.8762e+14	0.000257545	2.44884
1.87745e+14	0.000225207	2.57478
1.8787e+14	0.000225646	2.67251
1.87995e+14	0.000253695	2.84316
1.8812e+14	0.000296159	3.11646
1.88245e+14	0.000342379	3.46927
1.8837e+14	0.000386176	3.87584
1.88495e+14	0.000424279	4.31987
1.88619e+14	0.00045518	4.7926
1.88744e+14	0.000478676	5.28992
1.88869e+14	0.000495765	5.81033
1.88994e+14	0.000508663	6.35337
1.89119e+14	0.000520727	6.91805
1.89244e+14	0.000536094	7.50123
1.89369e+14	0.000558893	8.09656
1.89494e+14	0.000592174	8.69502
1.89619e+14	0.000637008	9.28727
1.89744e+14	0.000692283	9.86642
1.89869e+14	0.000755192	10.4292
1.89993e+14	0.000822036	10.9756
1.90118e+14	0.000888938	11.5073
1.90243e+14	0.000952311	12.0269
1.90368e+14	0.00100911	12.5369
1.90493e+14	0.00105694	13.0394
1.90618e+14	0.00109406	13.5364
1.90743e+14	0.00111936	14.0292
1.90868e+14	0.00113223	14.5189
1.90993e+14	0.00113255	15.0062
1.91118e+14	0.00112051	15.4916
1.91243e+14	0.0010966	15.9752
1.91368e+14	0.00106154	16.4572
1.91492e+14	0.00101621	16.9374
1.91617e+14	0.00096167	17.4156
1.91742e+14	0.000899141	17.8912
1.91867e+14	0.00083	18.3636
1.91992e+14	0.000755771	18.8315
1.92117e+14	0.000678122	19.293
1.92242e+14	0.000598857	19.7453
1.92367e+14	0.000519953	20.1834
1.92492e+14	0.000443687	20.5999
1.92617e+14	0.00037294	20.9825
1.92742e+14	0.000311792	21.3142
1.92866e+14	0.000266262	21.5771
1.92991e+14	0.000243799	21.7748
1.93116e+14	0.000248921	21.9578
1.93241e+14	0.000278319	22.1911
1.93366e+14	0.00032371	22.4969
1.93491e+14	0.000377588	22.8628
1.93616e+14	0.000434904	23.2701
1.93741e+14	0.000492406	23.7048
1.93866e+14	0.000547869	24.1579
1.93991e+14	0.000599664	24.6235
1.94116e+14	0.00064655	25.0981
1.94241e+14	0.000687586	25.5796
1.94365e+14	0.000722078	26.0666
1.9449e+14	0.000749547	26.5582
1.94615e+14	0.000769693	27.0538
1.9474e+14	0.000782366	27.5531
1.94865e+14	0.000787546	28.0559
1.9499e+14	0.000785343	28.5625
1.95115e+14	0.000776026	29.0731
1.9524e+14	0.000760074	29.5883
1.95365e+14	0.000738236	30.109
1.9549e+14	0.000711599	30.6363
1.95615e+14	0.000681624	31.1715
1.95739e+14	0.000650124	31.7155
1.95864e+14	0.000619155	32.2687
1.95989e+14	0.000590778	32.8304
1.96114e+14	0.0005667	33.3984
1.96239e+14	0.000547867	33.9683
1.96364e+14	0.000534144	34.5349
1.96489e+14	0.000524262	35.0925
1.96614e+14	0.000516068	35.6365
1.96739e+14	0.000506999	36.1638
1.96864e+14	0.000494568	36.6725
1.96989e+14	0.000476764	37.1618
1.97114e+14	0.000452298	37.6303
1.97238e+14	0.000420754	38.076
1.97363e+14	0.000382705	38.4944
1.97488e+14	0.000339893	38.8776
1.97613e+14	0.000295612	39.2121
1.97738e+14	0.000255413	39.4785
1.97863e+14	0.000227732	39.6621
1.97988e+14	0.00022199	39.7857
1.98113e+14	0.000241818	39.9231
1.98238e+14	0.000281583	40.1314
1.98363e+14	0.000332271	40.4134
1.98488e+14	0.000386599	40.7489
1.98613e+14	0.000439581	41.1197
1.98737e+14	0.000487748	41.513
1.98862e+14	0.000528531	41.921
1.98987e+14	0.000559933	42.3386
1.99112e+14	0.000580375	42.7627
1.99237e+14	0.000588648	43.191
1.99362e+14	0.000583903	43.6223
1.99487e+14	0.000565676	44.0556
1.99612e+14	0.000533919	44.4906
1.99737e+14	0.00048902	44.9272
1.99862e+14	0.000431827	45.3661
('port 2',TE,1,'port 2',1,'transmission')
(101,3)
1.8737e+14	0.000593049	2.9673
1.87495e+14	0.000575434	3.35504
1.8762e+14	0.000558727	3.78535
1.87745e+14	0.000551945	4.251
1.8787e+14	0.000561503	4.7329
1.87995e+14	0.000587096	5.20624
1.8812e+14	0.000621001	5.65283
1.88245e+14	0.000651241	6.06646
1.8837e+14	0.000665413	6.4489
1.88495e+14	0.000653114	6.80428
1.88619e+14	0.000607105	7.1353
1.88744e+14	0.000523894	7.44038
1.88869e+14	0.000404243	7.70671
1.88994e+14	0.00025487	7.87552
1.89119e+14	0.000109262	7.50081
1.89244e+14	0.000176635	6.30762
1.89369e+14	0.000367023	6.29955
1.89494e+14	0.000560161	6.50483
1.89619e+14	0.000733913	6.75757
1.89744e+14	0.000873996	7.0259
1.89869e+14	0.000969057	7.29921
1.89993e+14	0.00101081	7.57208
1.90118e+14	0.000994611	7.84013
1.90243e+14	0.000919989	8.09755
1.90368e+14	0.00079119	8.33362
1.90493e+14	0.000618374	8.52288
1.90618e+14	0.000422976	8.58804
1.90743e+14	0.000269479	8.26948
1.90868e+14	0.000316726	7.62708
1.90993e+14	0.000518973	7.49312
1.91118e+14	0.000745342	7.62204
1.91243e+14	0.000953369	7.83889
1.91368e+14	0.00112482	8.09356
1.91492e+14	0.00124922	8.36873
1.91617e+14	0.00132103	8.65755
1.91742e+14	0.00133899	8.95742
1.91867e+14	0.00130582	9.26802
1.91992e+14	0.00122782	9.59073
1.92117e+14	0.00111431	9.92865
1.92242e+14	0.000977085	10.287
1.92367e+14	0.00082967	10.6739
1.92492e+14	0.000686646	11.1001
1.92617e+14	0.000562472	11.5769
1.92742e+14	0.000468746	12.1057
1.92866e+14	0.000408785	12.6629
1.92991e+14	0.000373237	13.2044
1.93116e+14	0.000344428	13.699
1.93241e+14	0.00030607	14.1445
1.93366e+14	0.000248344	14.5585
1.93491e+14	0.000167946	14.9812
1.93616e+14	6.95748e-05	15.6374
1.93741e+14	7.39859e-05	18.0296
1.93866e+14	0.000205769	18.6585
1.93991e+14	0.000350043	19.0166
1.94116e+14	0.000495579	19.3245
1.94241e+14	0.000634542	19.6124
1.94365e+14	0.000759581	19.8895
1.9449e+14	0.000863855	20.1598
1.94615e+14	0.000941283	20.4253
1.9474e+14	0.000986861	20.6869
1.94865e+14	0.000996983	20.9446
1.9499e+14	0.000969775	21.1976
1.95115e+14	0.000905392	21.4439
1.9524e+14	0.000806307	21.679
1.95365e+14	0.000677668	21.8935
1.9549e+14	0.000528122	22.0658
1.95615e+14	0.000372922	22.1375
1.95739e+14	0.0002479	21.9459
1.95864e+14	0.000234491	21.4266
1.95989e+14	0.000337449	21.1891
1.96114e+14	0.000468034	21.2518
1.96239e+14	0.000585458	21.4355
1.96364e+14	0.000674571	21.6738
1.96489e+14	0.000728503	21.9435
1.96614e+14	0.00074487	22.236
1.96739e+14	0.000724862	22.5494
1.96864e+14	0.000672922	22.8862
1.96989e+14	0.000596567	23.2534
1.97114e+14	0.000506328	23.6643
1.97238e+14	0.000415886	24.1398
1.97363e+14	0.000341825	24.7027
1.97488e+14	0.000299527	25.3439
1.97613e+14	0.000291177	25.988
1.97738e+14	0.000300253	26.5589
1.97863e+14	0.000305642	27.0476
1.97988e+14	0.000293257	27.4796
1.98113e+14	0.000256711	27.8836
1.98238e+14	0.000195336	28.2941
1.98363e+14	0.00011398	28.8119
1.98488e+14	4.87575e-05	30.2801
1.98613e+14	0.000126989	31.7301
1.98737e+14	0.000242325	32.2114
1.98862e+14	0.000357441	32.5581
1.98987e+14	0.000463016	32.8623
1.99112e+14	0.000552589	33.1442
1.99237e+14	0.000621457	33.4109
1.99362e+14	0.000666657	33.6649
1.99487e+14	0.000686966	33.9069
1.99612e+14	0.000682798	34.1366
1.99737e+14	0.000656006	34.3528
1.99862e+14	0.000609632	34.553
('port 3',TE,1,'port 2',1,'transmission')
(101,3)
1.8737e+14	0.154006	-2.80806
1.87495e+14	0.153259	-2.52626
1.8762e+14	0.152516	-2.24446
1.87745e+14	0.151777	-1.96265
1.8787e+14	0.151041	-1.68084
1.87995e+14	0.15031	-1.39901
1.8812e+14	0.149583	-1.11718
1.88245e+14	0.148859	-0.83535
1.8837e+14	0.148139	-0.55351
1.88495e+14	0.147423	-0.271664
1.88619e+14	0.14671	0.0101867
1.88744e+14	0.146002	0.292042
1.88869e+14	0.145296	0.573901
1.88994e+14	0.144595	0.855764
1.89119e+14	0.143898	1.13763
1.89244e+14	0.143204	1.4195
1.89369e+14	0.142515	1.70138
1.89494e+14	0.141829	1.98326
1.89619e+14	0.141147	2.26514
1.89744e+14	0.14047	2.54703
1.89869e+14	0.139796	2.82892
1.89993e+14	0.139126	3.11082
1.90118e+14	0.138459	3.39272
1.90243e+14	0.137796	3.67463
1.90368e+14	0.137136	3.95655
1.90493e+14	0.13648	4.23847
1.90618e+14	0.135827	4.52039
1.90743e+14	0.135177	4.80232
1.90868e+14	0.13453	5.08425
1.90993e+14	0.133886	5.36618
1.91118e+14	0.133246	5.64811
1.91243e+14	0.132609	5.93005
1.91368e+14	0.131975	6.21198
1.91492e+14	0.131345	6.49393
1.91617e+14	0.130718	6.77587
1.91742e+14	0.130095	7.05782
1.91867e+14	0.129475	7.33977
1.91992e+14	0.128859	7.62172
1.92117e+14	0.128246	7.90368
1.92242e+14	0.127637	8.18565
1.92367e+14	0.127031	8.46762
1.92492e+14	0.126429	8.7496
1.92617e+14	0.12583	9.03159
1.92742e+14	0.125235	9.31359
1.92866e+14	0.124642	9.5956
1.92991e+14	0.124052	9.87762
1.93116e+14	0.123465	10.1596
1.93241e+14	0.122881	10.4417
1.93366e+14	0.122299	10.7237
1.93491e+14	0.121721	11.0057
1.93616e+14	0.121145	11.2878
1.93741e+14	0.120572	11.5698
1.93866e+14	0.120002	11.8518
1.93991e+14	0.119435	12.1339
1.94116e+14	0.118871	12.4159
1.94241e+14	0.118311	12.698
1.94365e+14	0.117754	12.98
1.9449e+14	0.117201	13.2621
1.94615e+14	0.11665	13.5441
1.9474e+14	0.116103	13.8262
1.94865e+14	0.115559	14.1082
1.9499e+14	0.115018	14.3903
1.95115e+14	0.11448	14.6723
1.9524e+14	0.113945	14.9544
1.95365e+14	0.113413	15.2365
1.9549e+14	0.112883	15.5186
1.95615e+14	0.112357	15.8007
1.95739e+14	0.111832	16.0828
1.95864e+14	0.11131	16.3649
1.95989e+14	0.110791	16.647
1.96114e+14	0.110274	16.9291
1.96239e+14	0.109759	17.2112
1.96364e+14	0.109246	17.4933
1.96489e+14	0.108737	17.7754
1.96614e+14	0.108229	18.0575
1.96739e+14	0.107724	18.3396
1.96864e+14	0.107222	18.6217
1.96989e+14	0.106723	18.9038
1.97114e+14	0.106226	19.1859
1.97238e+14	0.105732	19.4681
1.97363e+14	0.10524	19.7502
1.97488e+14	0.104751	20.0324
1.97613e+14	0.104265	20.3145
1.97738e+14	0.103781	20.5967
1.97863e+14	0.1033	20.8788
1.97988e+14	0.102822	21.161
1.98113e+14	0.102346	21.4432
1.98238e+14	0.101872	21.7254
1.98363e+14	0.101401	22.0076
1.98488e+14	0.100933	22.2898
1.98613e+14	0.100467	22.572
1.98737e+14	0.100003	22.8542
1.98862e+14	0.0995418	23.1364
1.98987e+14	0.0990831	23.4186
1.99112e+14	0.0986268	23.7009
1.99237e+14	0.0981731	23.9831
1.99362e+14	0.0977219	24.2653
1.99487e+14	0.0972731	24.5475
1.99612e+14	0.0968267	24.8297
1.99737e+14	0.0963828	25.112
1.99862e+14	0.0959412	25.3942
('port 4',TE,1,'port 2',1,'transmission')
(101,3)
1.8737e+14	0.986902	1.76941
1.87495e+14	0.98702	2.11402
1.8762e+14	0.987137	2.45863
1.87745e+14	0.987253	2.80324
1.8787e+14	0.987367	3.14786
1.87995e+14	0.98748	3.49248
1.8812e+14	0.987592	3.83711
1.88245e+14	0.987703	4.18175
1.8837e+14	0.987813	4.52639
1.88495e+14	0.987921	4.87103
1.88619e+14	0.988028	5.21568
1.88744e+14	0.988134	5.56033
1.88869e+14	0.988238	5.90499
1.88994e+14	0.98834	6.24966
1.89119e+14	0.98844	6.59433
1.89244e+14	0.988539	6.93901
1.89369e+14	0.988636	7.28369
1.89494e+14	0.988731	7.62837
1.89619e+14	0.988823	7.97307
1.89744e+14	0.988914	8.31776
1.89869e+14	0.989002	8.66246
1.89993e+14	0.989088	9.00717
1.90118e+14	0.989172	9.35188
1.90243e+14	0.989254	9.6966
1.90368e+14	0.989335	10.0413
1.90493e+14	0.989414	10.386
1.90618e+14	0.989492	10.7308
1.90743e+14	0.989571	11.0755
1.90868e+14	0.989649	11.4202
1.90993e+14	0.989729	11.765
1.91118e+14	0.98981	12.1097
1.91243e+14	0.989892	12.4544
1.91368e+14	0.989976	12.7992
1.91492e+14	0.990061	13.144
1.91617e+14	0.990147	13.4887
1.91742e+14	0.990234	13.8335
1.91867e+14	0.990321	14.1782
1.91992e+14	0.990408	14.523
1.92117e+14	0.990496	14.8678
1.92242e+14	0.990583	15.2126
1.92367e+14	0.99067	15.5574
1.92492e+14	0.990757	15.9022
1.92617e+14	0.990842	16.247
1.92742e+14	0.990925	16.5918
1.92866e+14	0.991006	16.9366
1.92991e+14	0.991083	17.2814
1.93116e+14	0.991156	17.6263
1.93241e+14	0.991225	17.9711
1.93366e+14	0.991291	18.3159
1.93491e+14	0.991353	18.6607
1.93616e+14	0.991413	19.0056
1.93741e+14	0.991471	19.3504
1.93866e+14	0.991529	19.6953
1.93991e+14	0.991586	20.0401
1.94116e+14	0.991644	20.3849
1.94241e+14	0.991702	20.7298
1.94365e+14	0.99176	21.0746
1.9449e+14	0.991818	21.4195
1.94615e+14	0.991877	21.7643
1.9474e+14	0.991937	22.1092
1.94865e+14	0.991997	22.454
1.9499e+14	0.992057	22.7989
1.95115e+14	0.992119	23.1438
1.9524e+14	0.992181	23.4887
1.95365e+14	0.992243	23.8336
1.9549e+14	0.992304	24.1784
1.95615e+14	0.992365	24.5233
1.95739e+14	0.992424	24.8683
1.95864e+14	0.992481	25.2132
1.95989e+14	0.992535	25.5581
1.96114e+14	0.992587	25.903
1.96239e+14	0.992637	26.2479
1.96364e+14	0.992685	26.5929
1.96489e+14	0.992732	26.9378
1.96614e+14	0.992778	27.2827
1.96739e+14	0.992824	27.6277
1.96864e+14	0.992871	27.9726
1.96989e+14	0.992918	28.3176
1.97114e+14	0.992966	28.6625
1.97238e+14	0.993016	29.0075
1.97363e+14	0.993066	29.3524
1.97488e+14	0.993118	29.6974
1.97613e+14	0.993171	30.0423
1.97738e+14	0.993226	30.3873
1.97863e+14	0.993281	30.7323
1.97988e+14	0.993336	31.0773
1.98113e+14	0.993391	31.4223
1.98238e+14	0.993446	31.7673
1.98363e+14	0.993498	32.1123
1.98488e+14	0.993549	32.4573
1.98613e+14	0.993598	32.8023
1.98737e+14	0.993644	33.1473
1.98862e+14	0.993687	33.4923
1.98987e+14	0.993727	33.8373
1.99112e+14	0.993765	34.1823
1.99237e+14	0.993801	34.5274
1.99362e+14	0.993835	34.8724
1.99487e+14	0.993867	35.2174
1.99612e+14	0.993898	35.5624
1.99737e+14	0.993929	35.9075
1.99862e+14	0.993959	36.2525
('port 1',TE,1,'port 3',1,'transmission')
(101,3)
1.8737e+14	0.987434	-0.95856
1.87495e+14	0.987551	-0.739471
1.8762e+14	0.987668	-0.520377
1.87745e+14	0.987783	-0.301278
1.8787e+14	0.987897	-0.082175
1.87995e+14	0.98801	0.136933
1.8812e+14	0.988121	0.356046
1.88245e+14	0.988232	0.575164
1.8837e+14	0.988341	0.794286
1.88495e+14	0.988449	1.01341
1.88619e+14	0.988556	1.23255
1.88744e+14	0.988662	1.45168
1.88869e+14	0.988767	1.67082
1.88994e+14	0.98887	1.88997
1.89119e+14	0.988973	2.10912
1.89244e+14	0.989074	2.32828
1.89369e+14	0.989174	2.54744
1.89494e+14	0.989274	2.7666
1.89619e+14	0.989372	2.98577
1.89744e+14	0.989469	3.20494
1.89869e+14	0.989566	3.42412
1.89993e+14	0.989661	3.64331
1.90118e+14	0.989755	3.86249
1.90243e+14	0.989849	4.08168
1.90368e+14	0.989941	4.30088
1.90493e+14	0.990033	4.52008
1.90618e+14	0.990123	4.73929
1.90743e+14	0.990213	4.9585
1.90868e+14	0.990302	5.17771
1.90993e+14	0.99039	5.39693
1.91118e+14	0.990476	5.61615
1.91243e+14	0.990563	5.83538
1.91368e+14	0.990648	6.05461
1.91492e+14	0.990732	6.27384
1.91617e+14	0.990815	6.49308
1.91742e+14	0.990898	6.71233
1.91867e+14	0.99098	6.93157
1.91992e+14	0.99106	7.15083
1.92117e+14	0.99114	7.37008
1.92242e+14	0.991219	7.58934
1.92367e+14	0.991297	7.80861
1.92492e+14	0.991374	8.02788
1.92617e+14	0.99145	8.24715
1.92742e+14	0.991525	8.46643
1.92866e+14	0.9916	8.68571
1.92991e+14	0.991673	8.90499
1.93116e+14	0.991746	9.12428
1.93241e+14	0.991818	9.34358
1.93366e+14	0.991889	9.56288
1.93491e+14	0.99196	9.78218
1.93616e+14	0.992029	10.0015
1.93741e+14	0.992098	10.2208
1.93866e+14	0.992166	10.4401
1.93991e+14	0.992233	10.6594
1.94116e+14	0.992299	10.8788
1.94241e+14	0.992365	11.0981
1.94365e+14	0.99243	11.3174
1.9449e+14	0.992494	11.5367
1.94615e+14	0.992557	11.7561
1.9474e+14	0.992619	11.9754
1.94865e+14	0.99268	12.1948
1.9499e+14	0.992741	12.4141
1.95115e+14	0.992801	12.6335
1.9524e+14	0.99286	12.8529
1.95365e+14	0.992918	13.0722
1.9549e+14	0.992976	13.2916
1.95615e+14	0.993033	13.511
1.95739e+14	0.993089	13.7303
1.95864e+14	0.993144	13.9497
1.95989e+14	0.993198	14.1691
1.96114e+14	0.993252	14.3885
1.96239e+14	0.993305	14.6079
1.96364e+14	0.993357	14.8273
1.96489e+14	0.993409	15.0467
1.96614e+14	0.99346	15.2661
1.96739e+14	0.99351	15.4855
1.96864e+14	0.993559	15.7049
1.96989e+14	0.993608	15.9244
1.97114e+14	0.993656	16.1438
1.97238e+14	0.993704	16.3632
1.97363e+14	0.993751	16.5826
1.97488e+14	0.993797	16.8021
1.97613e+14	0.993842	17.0215
1.97738e+14	0.993887	17.241
1.97863e+14	0.993931	17.4604
1.97988e+14	0.993975	17.6799
1.98113e+14	0.994018	17.8993
1.98238e+14	0.99406	18.1188
1.98363e+14	0.994102	18.3383
1.98488e+14	0.994143	18.5577
1.98613e+14	0.994183	18.7772
1.98737e+14	0.994223	18.9967
1.98862e+14	0.994262	19.2162
1.98987e+14	0.994301	19.4357
1.99112e+14	0.994339	19.6552
1.99237e+14	0.994376	19.8747
1.99362e+14	0.994413	20.0942
1.99487e+14	0.994449	20.3137
1.99612e+14	0.994484	20.5332
1.99737e+14	0.994518	20.7527
1.99862e+14	0.994551	20.9723
('port 2',TE,1,'port 3',1,'transmission')
(101,3)
1.8737e+14	0.154657	-2.66432
1.87495e+14	0.153906	-2.38243
1.8762e+14	0.15316	-2.10053
1.87745e+14	0.152417	-1.81862
1.8787e+14	0.151679	-1.53672
1.87995e+14	0.150944	-1.2548
1.8812e+14	0.150214	-0.972887
1.88245e+14	0.149487	-0.690964
1.8837e+14	0.148764	-0.409037
1.88495e+14	0.148045	-0.127105
1.88619e+14	0.14733	0.154832
1.88744e+14	0.146619	0.436774
1.88869e+14	0.145911	0.718721
1.88994e+14	0.145207	1.00067
1.89119e+14	0.144507	1.28263
1.89244e+14	0.143811	1.56459
1.89369e+14	0.143118	1.84656
1.89494e+14	0.142429	2.12853
1.89619e+14	0.141744	2.41051
1.89744e+14	0.141062	2.6925
1.89869e+14	0.140384	2.97449
1.89993e+14	0.13971	3.25648
1.90118e+14	0.139039	3.53848
1.90243e+14	0.138372	3.82049
1.90368e+14	0.137709	4.1025
1.90493e+14	0.137049	4.38451
1.90618e+14	0.136394	4.66653
1.90743e+14	0.135741	4.94856
1.90868e+14	0.135092	5.23058
1.90993e+14	0.134447	5.51262
1.91118e+14	0.133806	5.79465
1.91243e+14	0.133168	6.07669
1.91368e+14	0.132533	6.35874
1.91492e+14	0.131902	6.64079
1.91617e+14	0.131274	6.92284
1.91742e+14	0.13065	7.20489
1.91867e+14	0.130028	7.48695
1.91992e+14	0.129411	7.76901
1.92117e+14	0.128796	8.05108
1.92242e+14	0.128185	8.33315
1.92367e+14	0.127577	8.61522
1.92492e+14	0.126972	8.8973
1.92617e+14	0.12637	9.17938
1.92742e+14	0.125771	9.46146
1.92866e+14	0.125176	9.74355
1.92991e+14	0.124583	10.0256
1.93116e+14	0.123994	10.3077
1.93241e+14	0.123407	10.5898
1.93366e+14	0.122824	10.8719
1.93491e+14	0.122244	11.1541
1.93616e+14	0.121666	11.4362
1.93741e+14	0.121092	11.7183
1.93866e+14	0.120521	12.0004
1.93991e+14	0.119953	12.2825
1.94116e+14	0.119387	12.5647
1.94241e+14	0.118825	12.8468
1.94365e+14	0.118265	13.1289
1.9449e+14	0.117709	13.4111
1.94615e+14	0.117155	13.6932
1.9474e+14	0.116604	13.9754
1.94865e+14	0.116056	14.2575
1.9499e+14	0.115511	14.5397
1.95115e+14	0.114969	14.8219
1.9524e+14	0.11443	15.104
1.95365e+14	0.113894	15.3862
1.9549e+14	0.11336	15.6684
1.95615e+14	0.11283	15.9506
1.95739e+14	0.112302	16.2328
1.95864e+14	0.111777	16.515
1.95989e+14	0.111254	16.7972
1.96114e+14	0.110735	17.0794
1.96239e+14	0.110218	17.3616
1.96364e+14	0.109705	17.6438
1.96489e+14	0.109193	17.926
1.96614e+14	0.108685	18.2082
1.96739e+14	0.108179	18.4904
1.96864e+14	0.107676	18.7727
1.96989e+14	0.107175	19.0549
1.97114e+14	0.106677	19.3371
1.97238e+14	0.106182	19.6194
1.97363e+14	0.105689	19.9016
1.97488e+14	0.105198	20.1838
1.97613e+14	0.10471	20.4661
1.97738e+14	0.104224	20.7483
1.97863e+14	0.103741	21.0306
1.97988e+14	0.10326	21.3128
1.98113e+14	0.102781	21.5951
1.98238e+14	0.102304	21.8774
1.98363e+14	0.10183	22.1596
1.98488e+14	0.101358	22.4419
1.98613e+14	0.100889	22.7242
1.98737e+14	0.100421	23.0065
1.98862e+14	0.0999565	23.2888
1.98987e+14	0.099494	23.5711
1.99112e+14	0.099034	23.8534
1.99237e+14	0.0985764	24.1357
1.99362e+14	0.0981213	24.4181
1.99487e+14	0.0976688	24.7004
1.99612e+14	0.0972189	24.9828
1.99737e+14	0.0967715	25.2651
1.99862e+14	0.0963268	25.5475
('port 3',TE,1,'port 3',1,'transmission')
(101,3)
1.8737e+14	0.000229988	-2.94009
1.87495e+14	0.000221697	-2.98013
1.8762e+14	0.000215481	-3.01765
1.87745e+14	0.000210885	-3.05031
1.8787e+14	0.000207412	-3.07651
1.87995e+14	0.000204576	-3.09536
1.8812e+14	0.000201949	-3.10664
1.88245e+14	0.000199176	-3.11056
1.8837e+14	0.000195983	-3.1076
1.88495e+14	0.000192176	-3.09837
1.88619e+14	0.000187627	-3.08345
1.88744e+14	0.00018226	-3.06341
1.88869e+14	0.000176042	-3.03868
1.88994e+14	0.000168972	-3.00963
1.89119e+14	0.000161071	-2.97647
1.89244e+14	0.000152375	-2.93935
1.89369e+14	0.000142937	-2.89829
1.89494e+14	0.000132817	-2.85322
1.89619e+14	0.000122088	-2.80394
1.89744e+14	0.000110834	-2.75012
1.89869e+14	9.91532e-05	-2.69123
1.89993e+14	8.71585e-05	-2.62641
1.90118e+14	7.49799e-05	-2.55426
1.90243e+14	6.27671e-05	-2.47234
1.90368e+14	5.06942e-05	-2.37606
1.90493e+14	3.89725e-05	-2.25594
1.90618e+14	2.78908e-05	-2.08933
1.90743e+14	1.79804e-05	-1.81096
1.90868e+14	1.0833e-05	-1.21464
1.90993e+14	1.05239e-05	-0.249486
1.91118e+14	1.56866e-05	0.314648
1.91243e+14	2.15012e-05	0.58322
1.91368e+14	2.64575e-05	0.748051
1.91492e+14	3.01094e-05	0.868409
1.91617e+14	3.22685e-05	0.963989
1.91742e+14	3.28503e-05	1.04128
1.91867e+14	3.18427e-05	1.10032
1.91992e+14	2.93094e-05	1.13537
1.92117e+14	2.54252e-05	1.13132
1.92242e+14	2.05928e-05	1.05177
1.92367e+14	1.5846e-05	0.810882
1.92492e+14	1.38567e-05	0.308866
1.92617e+14	1.75992e-05	-0.199748
1.92742e+14	2.56638e-05	-0.448883
1.92866e+14	3.57484e-05	-0.535045
1.92991e+14	4.67589e-05	-0.54633
1.93116e+14	5.81246e-05	-0.520881
1.93241e+14	6.94477e-05	-0.475603
1.93366e+14	8.03982e-05	-0.418858
1.93491e+14	9.06836e-05	-0.355247
1.93616e+14	0.000100041	-0.287564
1.93741e+14	0.000108236	-0.217673
1.93866e+14	0.000115068	-0.146949
1.93991e+14	0.000120372	-0.0765088
1.94116e+14	0.000124026	-0.00736861
1.94241e+14	0.00012595	0.0594573
1.94365e+14	0.000126116	0.122864
1.9449e+14	0.000124549	0.181567
1.94615e+14	0.00012133	0.233991
1.9474e+14	0.000116608	0.278146
1.94865e+14	0.0001106	0.311462
1.9499e+14	0.000103609	0.330613
1.95115e+14	9.60394e-05	0.331384
1.9524e+14	8.84169e-05	0.3088
1.95365e+14	8.14062e-05	0.257969
1.9549e+14	7.57948e-05	0.17638
1.95615e+14	7.23868e-05	0.0678086
1.95739e+14	7.17728e-05	-0.0547718
1.95864e+14	7.40721e-05	-0.172292
1.95989e+14	7.88742e-05	-0.268411
1.96114e+14	8.54412e-05	-0.335645
1.96239e+14	9.29743e-05	-0.374421
1.96364e+14	0.00010077	-0.389043
1.96489e+14	0.000108268	-0.384645
1.96614e+14	0.000115036	-0.36583
1.96739e+14	0.000120754	-0.336328
1.96864e+14	0.000125186	-0.299051
1.96989e+14	0.00012817	-0.256276
1.97114e+14	0.000129603	-0.209811
1.97238e+14	0.000129436	-0.161152
1.97363e+14	0.000127665	-0.111597
1.97488e+14	0.000124329	-0.0623594
1.97613e+14	0.000119506	-0.0146633
1.97738e+14	0.000113306	0.0301407
1.97863e+14	0.000105875	0.0704311
1.97988e+14	9.73919e-05	0.104108
1.98113e+14	8.80685e-05	0.128266
1.98238e+14	7.8161e-05	0.13867
1.98363e+14	6.79844e-05	0.128878
1.98488e+14	5.79482e-05	0.0888793
1.98613e+14	4.86227e-05	0.00351253
1.98737e+14	4.08402e-05	-0.146737
1.98862e+14	3.57322e-05	-0.373047
1.98987e+14	3.43312e-05	-0.6467
1.99112e+14	3.66483e-05	-0.897113
1.99237e+14	4.15229e-05	-1.07678
1.99362e+14	4.75758e-05	-1.18677
1.99487e+14	5.38e-05	-1.24628
1.99612e+14	5.95557e-05	-1.27255
1.99737e+14	6.44343e-05	-1.2775
1.99862e+14	6.81635e-05	-1.26897
('port 4',TE,1,'port 3',1,'transmission')
(101,3)
1.8737e+14	0.000350903	-1.76565
1.87495e+14	0.000349472	-1.48364
1.8762e+14	0.000347194	-1.20256
1.87745e+14	0.000344042	-0.921936
1.8787e+14	0.000340029	-0.641284
1.87995e+14	0.000335212	-0.360146
1.8812e+14	0.000329678	-0.0781006
1.88245e+14	0.000323542	0.205219
1.8837e+14	0.000316937	0.490113
1.88495e+14	0.000310005	0.776806
1.88619e+14	0.000302893	1.06543
1.88744e+14	0.000295738	1.35602
1.88869e+14	0.000288664	1.6485
1.88994e+14	0.000281771	1.94271
1.89119e+14	0.000275133	2.23841
1.89244e+14	0.000268793	2.53527
1.89369e+14	0.000262761	2.83294
1.89494e+14	0.000257018	3.13107
1.89619e+14	0.000251517	3.42931
1.89744e+14	0.000246194	3.72741
1.89869e+14	0.00024097	4.02515
1.89993e+14	0.000235762	4.32244
1.90118e+14	0.000230489	4.61929
1.90243e+14	0.000225079	4.9158
1.90368e+14	0.000219475	5.21217
1.90493e+14	0.000213638	5.50867
1.90618e+14	0.000207547	5.80565
1.90743e+14	0.000201205	6.1035
1.90868e+14	0.000194634	6.40268
1.90993e+14	0.000187874	6.70362
1.91118e+14	0.00018098	7.00679
1.91243e+14	0.000174023	7.31264
1.91368e+14	0.000167078	7.62156
1.91492e+14	0.000160228	7.93393
1.91617e+14	0.000153553	8.25001
1.91742e+14	0.00014713	8.57001
1.91867e+14	0.000141024	8.89401
1.91992e+14	0.00013529	9.22201
1.92117e+14	0.000129968	9.5539
1.92242e+14	0.000125083	9.8895
1.92367e+14	0.000120645	10.2286
1.92492e+14	0.000116655	10.5709
1.92617e+14	0.000113106	10.9163
1.92742e+14	0.000109992	11.2646
1.92866e+14	0.000107312	11.6157
1.92991e+14	0.000105071	11.9694
1.93116e+14	0.000103291	12.3257
1.93241e+14	0.000102005	12.6842
1.93366e+14	0.000101256	13.0447
1.93491e+14	0.000101095	13.4064
1.93616e+14	0.00010157	13.7684
1.93741e+14	0.000102715	14.1297
1.93866e+14	0.00010455	14.489
1.93991e+14	0.000107065	14.8452
1.94116e+14	0.000110226	15.197
1.94241e+14	0.000113971	15.5437
1.94365e+14	0.000118216	15.8849
1.9449e+14	0.000122863	16.2204
1.94615e+14	0.000127807	16.5502
1.9474e+14	0.000132941	16.8748
1.94865e+14	0.000138162	17.1946
1.9499e+14	0.000143381	17.5103
1.95115e+14	0.000148521	17.8225
1.9524e+14	0.000153522	18.1319
1.95365e+14	0.000158343	18.4392
1.9549e+14	0.000162964	18.7449
1.95615e+14	0.000167384	19.0495
1.95739e+14	0.000171622	19.3536
1.95864e+14	0.000175711	19.6573
1.95989e+14	0.000179702	19.9611
1.96114e+14	0.000183653	20.2649
1.96239e+14	0.000187627	20.5688
1.96364e+14	0.000191685	20.8727
1.96489e+14	0.000195884	21.1764
1.96614e+14	0.000200267	21.4797
1.96739e+14	0.000204859	21.7821
1.96864e+14	0.000209667	22.0836
1.96989e+14	0.000214674	22.3836
1.97114e+14	0.000219844	22.6821
1.97238e+14	0.000225119	22.9788
1.97363e+14	0.000230427	23.2736
1.97488e+14	0.000235685	23.5666
1.97613e+14	0.000240804	23.8578
1.97738e+14	0.000245697	24.1475
1.97863e+14	0.000250285	24.4359
1.97988e+14	0.000254498	24.7233
1.98113e+14	0.000258289	25.0101
1.98238e+14	0.000261628	25.2966
1.98363e+14	0.000264514	25.5833
1.98488e+14	0.000266971	25.8704
1.98613e+14	0.000269052	26.1584
1.98737e+14	0.000270838	26.4475
1.98862e+14	0.000272433	26.7379
1.98987e+14	0.000273959	27.0298
1.99112e+14	0.000275552	27.323
1.99237e+14	0.000277347	27.6174
1.99362e+14	0.000279473	27.9127
1.99487e+14	0.000282038	28.2085
1.99612e+14	0.000285118	28.5042
1.99737e+14	0.00028875	28.7992
1.99862e+14	0.000292922	29.093
('port 1',TE,1,'port 4',1,'transmission')
(101,3)
1.8737e+14	0.154006	0.333533
1.87495e+14	0.153259	0.615329
1.8762e+14	0.152516	0.897132
1.87745e+14	0.151777	1.17894
1.8787e+14	0.151041	1.46076
1.87995e+14	0.15031	1.74258
1.8812e+14	0.149583	2.02441
1.88245e+14	0.148859	2.30624
1.8837e+14	0.148139	2.58808
1.88495e+14	0.147423	2.86993
1.88619e+14	0.14671	3.15178
1.88744e+14	0.146002	3.43363
1.88869e+14	0.145296	3.71549
1.88994e+14	0.144595	3.99736
1.89119e+14	0.143898	4.27922
1.89244e+14	0.143204	4.56109
1.89369e+14	0.142515	4.84297
1.89494e+14	0.141829	5.12485
1.89619e+14	0.141147	5.40673
1.89744e+14	0.14047	5.68862
1.89869e+14	0.139796	5.97051
1.89993e+14	0.139126	6.25241
1.90118e+14	0.138459	6.53432
1.90243e+14	0.137796	6.81623
1.90368e+14	0.137136	7.09814
1.90493e+14	0.13648	7.38006
1.90618e+14	0.135827	7.66198
1.90743e+14	0.135177	7.94391
1.90868e+14	0.13453	8.22584
1.90993e+14	0.133886	8.50777
1.91118e+14	0.133246	8.7897
1.91243e+14	0.132609	9.07164
1.91368e+14	0.131975	9.35358
1.91492e+14	0.131345	9.63552
1.91617e+14	0.130718	9.91746
1.91742e+14	0.130095	10.1994
1.91867e+14	0.129475	10.4814
1.91992e+14	0.128859	10.7633
1.92117e+14	0.128246	11.0453
1.92242e+14	0.127637	11.3272
1.92367e+14	0.127031	11.6092
1.92492e+14	0.126429	11.8912
1.92617e+14	0.12583	12.1732
1.92742e+14	0.125235	12.4552
1.92866e+14	0.124642	12.7372
1.92991e+14	0.124052	13.0192
1.93116e+14	0.123465	13.3012
1.93241e+14	0.122881	13.5833
1.93366e+14	0.122299	13.8653
1.93491e+14	0.121721	14.1473
1.93616e+14	0.121145	14.4294
1.93741e+14	0.120572	14.7114
1.93866e+14	0.120002	14.9934
1.93991e+14	0.119435	15.2755
1.94116e+14	0.118871	15.5575
1.94241e+14	0.118311	15.8396
1.94365e+14	0.117754	16.1216
1.9449e+14	0.117201	16.4036
1.94615e+14	0.11665	16.6857
1.9474e+14	0.116103	16.9678
1.94865e+14	0.115559	17.2498
1.9499e+14	0.115018	17.5319
1.95115e+14	0.11448	17.8139
1.9524e+14	0.113945	18.096
1.95365e+14	0.113413	18.3781
1.9549e+14	0.112883	18.6602
1.95615e+14	0.112357	18.9423
1.95739e+14	0.111832	19.2244
1.95864e+14	0.11131	19.5065
1.95989e+14	0.110791	19.7886
1.96114e+14	0.110274	20.0707
1.96239e+14	0.109759	20.3528
1.96364e+14	0.109246	20.6349
1.96489e+14	0.108737	20.917
1.96614e+14	0.108229	21.1991
1.96739e+14	0.107724	21.4812
1.96864e+14	0.107222	21.7633
1.96989e+14	0.106723	22.0454
1.97114e+14	0.106226	22.3275
1.97238e+14	0.105732	22.6097
1.97363e+14	0.10524	22.8918
1.97488e+14	0.104751	23.1739
1.97613e+14	0.104265	23.4561
1.97738e+14	0.103781	23.7383
1.97863e+14	0.1033	24.0204
1.97988e+14	0.102822	24.3026
1.98113e+14	0.102346	24.5848
1.98238e+14	0.101872	24.867
1.98363e+14	0.101401	25.1492
1.98488e+14	0.100933	25.4314
1.98613e+14	0.100467	25.7136
1.98737e+14	0.100003	25.9958
1.98862e+14	0.0995418	26.278
1.98987e+14	0.0990831	26.5602
1.99112e+14	0.0986268	26.8424
1.99237e+14	0.0981731	27.1247
1.99362e+14	0.0977219	27.4069
1.99487e+14	0.0972731	27.6891
1.99612e+14	0.0968267	27.9713
1.99737e+14	0.0963828	28.2536
1.99862e+14	0.0959412	28.5358
('port 2',TE,1,'port 4',1,'transmission')
(101,3)
1.8737e+14	0.986902	1.76941
1.87495e+14	0.98702	2.11402
1.8762e+14	0.987137	2.45863
1.87745e+14	0.987253	2.80324
1.8787e+14	0.987367	3.14786
1.87995e+14	0.98748	3.49248
1.8812e+14	0.987592	3.83711
1.88245e+14	0.987703	4.18175
1.8837e+14	0.987813	4.52639
1.88495e+14	0.987921	4.87103
1.88619e+14	0.988028	5.21568
1.88744e+14	0.988134	5.56033
1.88869e+14	0.988238	5.90499
1.88994e+14	0.98834	6.24966
1.89119e+14	0.98844	6.59433
1.89244e+14	0.988539	6.93901
1.89369e+14	0.988636	7.28369
1.89494e+14	0.988731	7.62837
1.89619e+14	0.988823	7.97307
1.89744e+14	0.988914	8.31776
1.89869e+14	0.989002	8.66246
1.89993e+14	0.989088	9.00717
1.90118e+14	0.989172	9.35188
1.90243e+14	0.989254	9.6966
1.90368e+14	0.989335	10.0413
1.90493e+14	0.989414	10.386
1.90618e+14	0.989492	10.7308
1.90743e+14	0.989571	11.0755
1.90868e+14	0.989649	11.4202
1.90993e+14	0.989729	11.765
1.91118e+14	0.98981	12.1097
1.91243e+14	0.989892	12.4544
1.91368e+14	0.989976	12.7992
1.91492e+14	0.990061	13.144
1.91617e+14	0.990147	13.4887
1.91742e+14	0.990234	13.8335
1.91867e+14	0.990321	14.1782
1.91992e+14	0.990408	14.523
1.92117e+14	0.990496	14.8678
1.92242e+14	0.990583	15.2126
1.92367e+14	0.99067	15.5574
1.92492e+14	0.990757	15.9022
1.92617e+14	0.990842	16.247
1.92742e+14	0.990925	16.5918
1.92866e+14	0.991006	16.9366
1.92991e+14	0.991083	17.2814
1.93116e+14	0.991156	17.6263
1.93241e+14	0.991225	17.9711
1.93366e+14	0.991291	18.3159
1.93491e+14	0.991353	18.6607
1.93616e+14	0.991413	19.0056
1.93741e+14	0.991471	19.3504
1.93866e+14	0.991529	19.6953
1.93991e+14	0.991586	20.0401
1.94116e+14	0.991644	20.3849
1.94241e+14	0.991702	20.7298
1.94365e+14	0.99176	21.0746
1.9449e+14	0.991818	21.4195
1.94615e+14	0.991877	21.7643
1.9474e+14	0.991937	22.1092
1.94865e+14	0.991997	22.454
1.9499e+14	0.992057	22.7989
1.95115e+14	0.992119	23.1438
1.9524e+14	0.992181	23.4887
1.95365e+14	0.992243	23.8336
1.9549e+14	0.992304	24.1784
1.95615e+14	0.992365	24.5233
1.95739e+14	0.992424	24.8683
1.95864e+14	0.992481	25.2132
1.95989e+14	0.992535	25.5581
1.96114e+14	0.992587	25.903
1.96239e+14	0.992637	26.2479
1.96364e+14	0.992685	26.5929
1.96489e+14	0.992732	26.9378
1.96614e+14	0.992778	27.2827
1.96739e+14	0.992824	27.6277
1.96864e+14	0.992871	27.9726
1.96989e+14	0.992918	28.3176
1.97114e+14	0.992966	28.6625
1.97238e+14	0.993016	29.0075
1.97363e+14	0.993066	29.3524
1.97488e+14	0.993118	29.6974
1.97613e+14	0.993171	30.0423
1.97738e+14	0.993226	30.3873
1.97863e+14	0.993281	30.7323
1.97988e+14	0.993336	31.0773
1.98113e+14	0.993391	31.4223
1.98238e+14	0.993446	31.7673
1.98363e+14	0.993498	32.1123
1.98488e+14	0.993549	32.4573
1.98613e+14	0.993598	32.8023
1.98737e+14	0.993644	33.1473
1.98862e+14	0.993687	33.4923
1.98987e+14	0.993727	33.8373
1.99112e+14	0.993765	34.1823
1.99237e+14	0.993801	34.5274
1.99362e+14	0.993835	34.8724
1.99487e+14	0.993867	35.2174
1.99612e+14	0.993898	35.5624
1.99737e+14	0.993929	35.9075
1.99862e+14	0.993959	36.2525
('port 3',TE,1,'port 4',1,'transmission')
(101,3)
1.8737e+14	0.00038567	-1.20944
1.87495e+14	0.000314804	-0.910425
1.8762e+14	0.000257545	-0.692751
1.87745e+14	0.000225207	-0.566813
1.8787e+14	0.000225646	-0.469085
1.87995e+14	0.000253695	-0.298437
1.8812e+14	0.000296159	-0.0251376
1.88245e+14	0.000342379	0.327681
1.8837e+14	0.000386176	0.734248
1.88495e+14	0.000424279	1.17827
1.88619e+14	0.00045518	1.651
1.88744e+14	0.000478676	2.14832
1.88869e+14	0.000495765	2.66874
1.88994e+14	0.000508663	3.21178
1.89119e+14	0.000520727	3.77646
1.89244e+14	0.000536094	4.35964
1.89369e+14	0.000558893	4.95497
1.89494e+14	0.000592174	5.55343
1.89619e+14	0.000637008	6.14568
1.89744e+14	0.000692283	6.72483
1.89869e+14	0.000755192	7.28763
1.89993e+14	0.000822036	7.83402
1.90118e+14	0.000888938	8.36574
1.90243e+14	0.000952311	8.88532
1.90368e+14	0.00100911	9.39527
1.90493e+14	0.00105694	9.89783
1.90618e+14	0.00109406	10.3948
1.90743e+14	0.00111936	10.8876
1.90868e+14	0.00113223	11.3774
1.90993e+14	0.00113255	11.8647
1.91118e+14	0.00112051	12.35
1.91243e+14	0.0010966	12.8336
1.91368e+14	0.00106154	13.3156
1.91492e+14	0.00101621	13.7958
1.91617e+14	0.00096167	14.274
1.91742e+14	0.000899141	14.7496
1.91867e+14	0.00083	15.222
1.91992e+14	0.000755771	15.6899
1.92117e+14	0.000678122	16.1515
1.92242e+14	0.000598857	16.6037
1.92367e+14	0.000519953	17.0418
1.92492e+14	0.000443687	17.4583
1.92617e+14	0.00037294	17.841
1.92742e+14	0.000311792	18.1726
1.92866e+14	0.000266262	18.4355
1.92991e+14	0.000243799	18.6332
1.93116e+14	0.000248921	18.8162
1.93241e+14	0.000278319	19.0495
1.93366e+14	0.00032371	19.3553
1.93491e+14	0.000377588	19.7212
1.93616e+14	0.000434904	20.1285
1.93741e+14	0.000492406	20.5633
1.93866e+14	0.000547869	21.0163
1.93991e+14	0.000599664	21.4819
1.94116e+14	0.00064655	21.9565
1.94241e+14	0.000687586	22.4381
1.94365e+14	0.000722078	22.925
1.9449e+14	0.000749547	23.4166
1.94615e+14	0.000769693	23.9122
1.9474e+14	0.000782366	24.4115
1.94865e+14	0.000787546	24.9143
1.9499e+14	0.000785343	25.4209
1.95115e+14	0.000776026	25.9315
1.9524e+14	0.000760074	26.4467
1.95365e+14	0.000738236	26.9674
1.9549e+14	0.000711599	27.4948
1.95615e+14	0.000681624	28.0299
1.95739e+14	0.000650124	28.5739
1.95864e+14	0.000619155	29.1271
1.95989e+14	0.000590778	29.6889
1.96114e+14	0.0005667	30.2568
1.96239e+14	0.000547867	30.8267
1.96364e+14	0.000534144	31.3933
1.96489e+14	0.000524262	31.9509
1.96614e+14	0.000516068	32.4949
1.96739e+14	0.000506999	33.0222
1.96864e+14	0.000494568	33.531
1.96989e+14	0.000476764	34.0202
1.97114e+14	0.000452298	34.4887
1.97238e+14	0.000420754	34.9344
1.97363e+14	0.000382705	35.3528
1.97488e+14	0.000339893	35.736
1.97613e+14	0.000295612	36.0705
1.97738e+14	0.000255413	36.3369
1.97863e+14	0.000227732	36.5205
1.97988e+14	0.00022199	36.6441
1.98113e+14	0.000241818	36.7815
1.98238e+14	0.000281583	36.9898
1.98363e+14	0.000332271	37.2718
1.98488e+14	0.000386599	37.6073
1.98613e+14	0.000439581	37.9781
1.98737e+14	0.000487748	38.3714
1.98862e+14	0.000528531	38.7794
1.98987e+14	0.000559933	39.197
1.99112e+14	0.000580375	39.6211
1.99237e+14	0.000588648	40.0494
1.99362e+14	0.000583903	40.4807
1.99487e+14	0.000565676	40.914
1.99612e+14	0.000533919	41.349
1.99737e+14	0.00048902	41.7856
1.99862e+14	0.000431827	42.2245
('port 4',TE,1,'port 4',1,'transmission')
(101,3)
1.8737e+14	0.000593049	2.9673
1.87495e+14	0.000575434	3.35504
1.8762e+14	0.000558727	3.78535
1.87745e+14	0.000551945	4.251
1.8787e+14	0.000561503	4.7329
1.87995e+14	0.000587096	5.20624
1.8812e+14	0.000621001	5.65283
1.88245e+14	0.000651241	6.06646
1.8837e+14	0.000665413	6.4489
1.88495e+14	0.000653114	6.80428
1.88619e+14	0.000607105	7.1353
1.88744e+14	0.000523894	7.44038
1.88869e+14	0.000404243	7.70671
1.88994e+14	0.00025487	7.87552
1.89119e+14	0.000109262	7.50081
1.89244e+14	0.000176635	6.30762
1.89369e+14	0.000367023	6.29955
1.89494e+14	0.000560161	6.50483
1.89619e+14	0.000733913	6.75757
1.89744e+14	0.000873996	7.0259
1.89869e+14	0.000969057	7.29921
1.89993e+14	0.00101081	7.57208
1.90118e+14	0.000994611	7.84013
1.90243e+14	0.000919989	8.09755
1.90368e+14	0.00079119	8.33362
1.90493e+14	0.000618374	8.52288
1.90618e+14	0.000422976	8.58804
1.90743e+14	0.000269479	8.26948
1.90868e+14	0.000316726	7.62708
1.90993e+14	0.000518973	7.49312
1.91118e+14	0.000745342	7.62204
1.91243e+14	0.000953369	7.83889
1.91368e+14	0.00112482	8.09356
1.91492e+14	0.00124922	8.36873
1.91617e+14	0.00132103	8.65755
1.91742e+14	0.00133899	8.95742
1.91867e+14	0.00130582	9.26802
1.91992e+14	0.00122782	9.59073
1.92117e+14	0.00111431	9.92865
1.92242e+14	0.000977085	10.287
1.92367e+14	0.00082967	10.6739
1.92492e+14	0.000686646	11.1001
1.92617e+14	0.000562472	11.5769
1.92742e+14	0.000468746	12.1057
1.92866e+14	0.000408785	12.6629
1.92991e+14	0.000373237	13.2044
1.93116e+14	0.000344428	13.699
1.93241e+14	0.00030607	14.1445
1.93366e+14	0.000248344	14.5585
1.93491e+14	0.000167946	14.9812
1.93616e+14	6.95748e-05	15.6374
1.93741e+14	7.39859e-05	18.0296
1.93866e+14	0.000205769	18.6585
1.93991e+14	0.000350043	19.0166
1.94116e+14	0.000495579	19.3245
1.94241e+14	0.000634542	19.6124
1.94365e+14	0.000759581	19.8895
1.9449e+14	0.000863855	20.1598
1.94615e+14	0.000941283	20.4253
1.9474e+14	0.000986861	20.6869
1.94865e+14	0.000996983	20.9446
1.9499e+14	0.000969775	21.1976
1.95115e+14	0.000905392	21.4439
1.9524e+14	0.000806307	21.679
1.95365e+14	0.000677668	21.8935
1.9549e+14	0.000528122	22.0658
1.95615e+14	0.000372922	22.1375
1.95739e+14	0.0002479	21.9459
1.95864e+14	0.000234491	21.4266
1.95989e+14	0.000337449	21.1891
1.96114e+14	0.000468034	21.2518
1.96239e+14	0.000585458	21.4355
1.96364e+14	0.000674571	21.6738
1.96489e+14	0.000728503	21.9435
1.96614e+14	0.00074487	22.236
1.96739e+14	0.000724862	22.5494
1.96864e+14	0.000672922	22.8862
1.96989e+14	0.000596567	23.2534
1.97114e+14	0.000506328	23.6643
1.97238e+14	0.000415886	24.1398
1.97363e+14	0.000341825	24.7027
1.97488e+14	0.000299527	25.3439
1.97613e+14	0.000291177	25.988
1.97738e+14	0.000300253	26.5589
1.97863e+14	0.000305642	27.0476
1.97988e+14	0.000293257	27.4796
1.98113e+14	0.000256711	27.8836
1.98238e+14	0.000195336	28.2941
1.98363e+14	0.00011398	28.8119
1.98488e+14	4.87575e-05	30.2801
1.98613e+14	0.000126989	31.7301
1.98737e+14	0.000242325	32.2114
1.98862e+14	0.000357441	32.5581
1.98987e+14	0.000463016	32.8623
1.99112e+14	0.000552589	33.1442
1.99237e+14	0.000621457	33.4109
1.99362e+14	0.000666657	33.6649
1.99487e+14	0.000686966	33.9069
1.99612e+14	0.000682798	34.1366
1.99737e+14	0.000656006	34.3528
1.99862e+14	0.000609632	34.553
