('port 1',TE,1,'port 1',1,'transmission')
(101,3)
1.8737e+14	0.000262329	1.99394
1.87495e+14	0.000280835	2.04425
1.8762e+14	0.000296315	2.09316
1.87745e+14	0.00030896	2.14078
1.8787e+14	0.000318979	2.1872
1.87995e+14	0.000326595	2.23255
1.8812e+14	0.000332038	2.27696
1.88245e+14	0.000335543	2.32063
1.8837e+14	0.00033734	2.3638
1.88495e+14	0.000337651	2.40675
1.88619e+14	0.000336683	2.44986
1.88744e+14	0.000334624	2.49355
1.88869e+14	0.000331644	2.53833
1.88994e+14	0.000327885	2.58475
1.89119e+14	0.000323469	2.63346
1.89244e+14	0.000318497	2.68516
1.89369e+14	0.000313053	2.7406
1.89494e+14	0.000307213	2.80059
1.89619e+14	0.000301052	2.86599
1.89744e+14	0.000294656	2.9377
1.89869e+14	0.000288134	3.01664
1.89993e+14	0.000281634	3.10373
1.90118e+14	0.000275351	3.19985
1.90243e+14	0.000269542	3.30576
1.90368e+14	0.000264533	3.422
1.90493e+14	0.000260713	3.5487
1.90618e+14	0.000258526	3.68544
1.90743e+14	0.000258437	3.83108
1.90868e+14	0.000260886	3.98367
1.90993e+14	0.000266237	4.1406
1.91118e+14	0.000274725	4.29889
1.91243e+14	0.000286425	4.45561
1.91368e+14	0.000301245	4.60832
1.91492e+14	0.000318949	4.75526
1.91617e+14	0.000339193	4.89547
1.91742e+14	0.00036156	5.02861
1.91867e+14	0.000385593	5.15486
1.91992e+14	0.000410821	5.27467
1.92117e+14	0.000436775	5.38866
1.92242e+14	0.000462994	5.49749
1.92367e+14	0.000489031	5.60183
1.92492e+14	0.000514458	5.70228
1.92617e+14	0.000538866	5.79939
1.92742e+14	0.000561865	5.89363
1.92866e+14	0.000583089	5.98543
1.92991e+14	0.000602192	6.07513
1.93116e+14	0.000618854	6.16305
1.93241e+14	0.000632781	6.24944
1.93366e+14	0.000643703	6.33454
1.93491e+14	0.000651383	6.41853
1.93616e+14	0.000655613	6.50158
1.93741e+14	0.000656217	6.58385
1.93866e+14	0.00065305	6.66546
1.93991e+14	0.000646006	6.74654
1.94116e+14	0.00063501	6.82719
1.94241e+14	0.000620025	6.90755
1.94365e+14	0.00060105	6.98771
1.9449e+14	0.000578121	7.0678
1.94615e+14	0.00055131	7.14798
1.9474e+14	0.000520723	7.22842
1.94865e+14	0.000486506	7.30934
1.9499e+14	0.000448835	7.39106
1.95115e+14	0.000407923	7.47404
1.9524e+14	0.000364015	7.55898
1.95365e+14	0.000317393	7.64706
1.9549e+14	0.00026838	7.74038
1.95615e+14	0.000217353	7.84311
1.95739e+14	0.000164804	7.96498
1.95864e+14	0.000111553	8.13459
1.95989e+14	6.01742e-05	8.47887
1.96114e+14	3.26274e-05	9.73868
1.96239e+14	7.05925e-05	10.7313
1.96364e+14	0.000124146	11.0143
1.96489e+14	0.000179472	11.168
1.96614e+14	0.000234656	11.2823
1.96739e+14	0.000288952	11.3796
1.96864e+14	0.00034186	11.4678
1.96989e+14	0.000392968	11.5505
1.97114e+14	0.000441907	11.6297
1.97238e+14	0.000488339	11.7062
1.97363e+14	0.000531958	11.7808
1.97488e+14	0.000572482	11.8537
1.97613e+14	0.000609658	11.9252
1.97738e+14	0.000643267	11.9955
1.97863e+14	0.000673116	12.0646
1.97988e+14	0.000699048	12.1326
1.98113e+14	0.000720938	12.1995
1.98238e+14	0.000738698	12.2654
1.98363e+14	0.000752271	12.3301
1.98488e+14	0.000761638	12.3936
1.98613e+14	0.000766815	12.4559
1.98737e+14	0.000767852	12.517
1.98862e+14	0.000764835	12.5766
1.98987e+14	0.00075788	12.6347
1.99112e+14	0.00074714	12.6911
1.99237e+14	0.000732795	12.7457
1.99362e+14	0.000715058	12.7983
1.99487e+14	0.000694168	12.8486
1.99612e+14	0.000670392	12.8963
1.99737e+14	0.000644024	12.9412
1.99862e+14	0.000615378	12.9827
('port 2',TE,1,'port 1',1,'transmission')
(101,3)
1.8737e+14	0.00139059	1.84106
1.87495e+14	0.00138186	1.98942
1.8762e+14	0.00137347	2.13759
1.87745e+14	0.00136538	2.28555
1.8787e+14	0.00135752	2.4333
1.87995e+14	0.00134985	2.58084
1.8812e+14	0.0013423	2.72818
1.88245e+14	0.00133482	2.87532
1.8837e+14	0.00132736	3.02228
1.88495e+14	0.00131988	3.16908
1.88619e+14	0.00131232	3.31577
1.88744e+14	0.00130465	3.46235
1.88869e+14	0.00129685	3.60888
1.88994e+14	0.00128888	3.75539
1.89119e+14	0.00128072	3.90192
1.89244e+14	0.00127237	4.04852
1.89369e+14	0.00126382	4.19522
1.89494e+14	0.00125506	4.34209
1.89619e+14	0.0012461	4.48915
1.89744e+14	0.00123695	4.63645
1.89869e+14	0.00122762	4.78405
1.89993e+14	0.00121815	4.93197
1.90118e+14	0.00120854	5.08026
1.90243e+14	0.00119883	5.22896
1.90368e+14	0.00118906	5.37809
1.90493e+14	0.00117924	5.52769
1.90618e+14	0.00116943	5.67779
1.90743e+14	0.00115966	5.8284
1.90868e+14	0.00114996	5.97954
1.90993e+14	0.00114036	6.13122
1.91118e+14	0.00113091	6.28346
1.91243e+14	0.00112164	6.43625
1.91368e+14	0.00111258	6.58958
1.91492e+14	0.00110375	6.74347
1.91617e+14	0.00109517	6.89788
1.91742e+14	0.00108687	7.05281
1.91867e+14	0.00107886	7.20824
1.91992e+14	0.00107115	7.36414
1.92117e+14	0.00106374	7.5205
1.92242e+14	0.00105663	7.6773
1.92367e+14	0.00104982	7.8345
1.92492e+14	0.00104328	7.99209
1.92617e+14	0.00103701	8.15004
1.92742e+14	0.00103098	8.30834
1.92866e+14	0.00102517	8.46696
1.92991e+14	0.00101956	8.62591
1.93116e+14	0.0010141	8.78518
1.93241e+14	0.00100878	8.94475
1.93366e+14	0.00100356	9.10465
1.93491e+14	0.000998411	9.26488
1.93616e+14	0.000993303	9.42545
1.93741e+14	0.000988213	9.58639
1.93866e+14	0.000983119	9.74774
1.93991e+14	0.000978003	9.90953
1.94116e+14	0.000972854	10.0718
1.94241e+14	0.000967668	10.2346
1.94365e+14	0.000962449	10.3979
1.9449e+14	0.000957206	10.5619
1.94615e+14	0.000951961	10.7266
1.9474e+14	0.000946742	10.892
1.94865e+14	0.000941588	11.0581
1.9499e+14	0.000936548	11.2251
1.95115e+14	0.000931679	11.393
1.9524e+14	0.000927048	11.5618
1.95365e+14	0.000922732	11.7316
1.9549e+14	0.000918812	11.9023
1.95615e+14	0.000915379	12.0739
1.95739e+14	0.000912527	12.2465
1.95864e+14	0.000910351	12.4201
1.95989e+14	0.00090895	12.5945
1.96114e+14	0.00090842	12.7697
1.96239e+14	0.000908851	12.9456
1.96364e+14	0.000910327	13.1221
1.96489e+14	0.000912923	13.299
1.96614e+14	0.000916701	13.4764
1.96739e+14	0.000921706	13.6538
1.96864e+14	0.000927972	13.8314
1.96989e+14	0.000935509	14.0088
1.97114e+14	0.000944314	14.1859
1.97238e+14	0.000954361	14.3625
1.97363e+14	0.000965609	14.5386
1.97488e+14	0.000978	14.714
1.97613e+14	0.000991458	14.8886
1.97738e+14	0.0010059	15.0624
1.97863e+14	0.00102121	15.2352
1.97988e+14	0.00103731	15.407
1.98113e+14	0.00105406	15.5779
1.98238e+14	0.00107136	15.7477
1.98363e+14	0.00108908	15.9166
1.98488e+14	0.00110711	16.0846
1.98613e+14	0.00112534	16.2517
1.98737e+14	0.00114366	16.4179
1.98862e+14	0.00116198	16.5834
1.98987e+14	0.00118019	16.7482
1.99112e+14	0.00119823	16.9124
1.99237e+14	0.00121603	17.0761
1.99362e+14	0.00123353	17.2393
1.99487e+14	0.00125068	17.4021
1.99612e+14	0.00126748	17.5647
1.99737e+14	0.00128389	17.727
1.99862e+14	0.00129994	17.8893
('port 3',TE,1,'port 1',1,'transmission')
(101,3)
1.8737e+14	0.967603	3.13294
1.87495e+14	0.967825	3.24389
1.8762e+14	0.968046	3.35485
1.87745e+14	0.968265	3.46581
1.8787e+14	0.968482	3.57678
1.87995e+14	0.968698	3.68774
1.8812e+14	0.968912	3.79872
1.88245e+14	0.969124	3.90969
1.8837e+14	0.969335	4.02067
1.88495e+14	0.969544	4.13165
1.88619e+14	0.969752	4.24264
1.88744e+14	0.969958	4.35363
1.88869e+14	0.970163	4.46462
1.88994e+14	0.970366	4.57561
1.89119e+14	0.970567	4.68661
1.89244e+14	0.970767	4.79762
1.89369e+14	0.970965	4.90862
1.89494e+14	0.971162	5.01963
1.89619e+14	0.971357	5.13065
1.89744e+14	0.971551	5.24167
1.89869e+14	0.971742	5.35269
1.89993e+14	0.971933	5.46371
1.90118e+14	0.972122	5.57474
1.90243e+14	0.972309	5.68577
1.90368e+14	0.972495	5.79681
1.90493e+14	0.972679	5.90784
1.90618e+14	0.972862	6.01889
1.90743e+14	0.973043	6.12993
1.90868e+14	0.973223	6.24098
1.90993e+14	0.973401	6.35204
1.91118e+14	0.973578	6.46309
1.91243e+14	0.973753	6.57415
1.91368e+14	0.973927	6.68522
1.91492e+14	0.9741	6.79628
1.91617e+14	0.974271	6.90736
1.91742e+14	0.974441	7.01843
1.91867e+14	0.974609	7.12951
1.91992e+14	0.974776	7.24059
1.92117e+14	0.974941	7.35168
1.92242e+14	0.975106	7.46277
1.92367e+14	0.975269	7.57386
1.92492e+14	0.97543	7.68496
1.92617e+14	0.975591	7.79606
1.92742e+14	0.97575	7.90716
1.92866e+14	0.975908	8.01827
1.92991e+14	0.976064	8.12939
1.93116e+14	0.976219	8.2405
1.93241e+14	0.976373	8.35162
1.93366e+14	0.976526	8.46275
1.93491e+14	0.976677	8.57387
1.93616e+14	0.976827	8.685
1.93741e+14	0.976976	8.79614
1.93866e+14	0.977123	8.90728
1.93991e+14	0.977269	9.01842
1.94116e+14	0.977414	9.12957
1.94241e+14	0.977558	9.24072
1.94365e+14	0.9777	9.35187
1.9449e+14	0.977841	9.46303
1.94615e+14	0.977981	9.57419
1.9474e+14	0.97812	9.68536
1.94865e+14	0.978257	9.79653
1.9499e+14	0.978393	9.9077
1.95115e+14	0.978528	10.0189
1.9524e+14	0.978661	10.1301
1.95365e+14	0.978794	10.2412
1.9549e+14	0.978925	10.3524
1.95615e+14	0.979055	10.4636
1.95739e+14	0.979183	10.5748
1.95864e+14	0.979311	10.686
1.95989e+14	0.979437	10.7972
1.96114e+14	0.979562	10.9085
1.96239e+14	0.979686	11.0197
1.96364e+14	0.979809	11.1309
1.96489e+14	0.97993	11.2421
1.96614e+14	0.980051	11.3533
1.96739e+14	0.98017	11.4646
1.96864e+14	0.980288	11.5758
1.96989e+14	0.980405	11.687
1.97114e+14	0.980521	11.7983
1.97238e+14	0.980636	11.9095
1.97363e+14	0.98075	12.0208
1.97488e+14	0.980862	12.132
1.97613e+14	0.980974	12.2433
1.97738e+14	0.981085	12.3546
1.97863e+14	0.981194	12.4658
1.97988e+14	0.981303	12.5771
1.98113e+14	0.98141	12.6884
1.98238e+14	0.981517	12.7997
1.98363e+14	0.981622	12.911
1.98488e+14	0.981727	13.0223
1.98613e+14	0.98183	13.1336
1.98737e+14	0.981933	13.2449
1.98862e+14	0.982034	13.3562
1.98987e+14	0.982135	13.4675
1.99112e+14	0.982235	13.5788
1.99237e+14	0.982334	13.6901
1.99362e+14	0.982432	13.8015
1.99487e+14	0.982529	13.9128
1.99612e+14	0.982625	14.0241
1.99737e+14	0.982721	14.1355
1.99862e+14	0.982815	14.2468
('port 4',TE,1,'port 1',1,'transmission')
(101,3)
1.8737e+14	0.248336	-2.24775
1.87495e+14	0.247475	-2.10486
1.8762e+14	0.246616	-1.96196
1.87745e+14	0.245761	-1.81906
1.8787e+14	0.244909	-1.67616
1.87995e+14	0.244061	-1.53326
1.8812e+14	0.243215	-1.39036
1.88245e+14	0.242373	-1.24745
1.8837e+14	0.241534	-1.10454
1.88495e+14	0.240698	-0.961626
1.88619e+14	0.239865	-0.81871
1.88744e+14	0.239036	-0.675792
1.88869e+14	0.23821	-0.53287
1.88994e+14	0.237386	-0.389946
1.89119e+14	0.236566	-0.24702
1.89244e+14	0.235749	-0.10409
1.89369e+14	0.234935	0.0388428
1.89494e+14	0.234124	0.181778
1.89619e+14	0.233317	0.324717
1.89744e+14	0.232512	0.467659
1.89869e+14	0.231711	0.610603
1.89993e+14	0.230912	0.753551
1.90118e+14	0.230117	0.896501
1.90243e+14	0.229325	1.03945
1.90368e+14	0.228535	1.18241
1.90493e+14	0.227749	1.32537
1.90618e+14	0.226966	1.46833
1.90743e+14	0.226185	1.6113
1.90868e+14	0.225408	1.75427
1.90993e+14	0.224634	1.89724
1.91118e+14	0.223863	2.04021
1.91243e+14	0.223094	2.18319
1.91368e+14	0.222329	2.32617
1.91492e+14	0.221567	2.46916
1.91617e+14	0.220807	2.61215
1.91742e+14	0.220051	2.75514
1.91867e+14	0.219297	2.89813
1.91992e+14	0.218546	3.04113
1.92117e+14	0.217798	3.18413
1.92242e+14	0.217053	3.32713
1.92367e+14	0.216311	3.47014
1.92492e+14	0.215572	3.61315
1.92617e+14	0.214835	3.75616
1.92742e+14	0.214102	3.89918
1.92866e+14	0.213371	4.0422
1.92991e+14	0.212643	4.18522
1.93116e+14	0.211917	4.32825
1.93241e+14	0.211195	4.47128
1.93366e+14	0.210475	4.61431
1.93491e+14	0.209758	4.75735
1.93616e+14	0.209043	4.90039
1.93741e+14	0.208332	5.04344
1.93866e+14	0.207623	5.18648
1.93991e+14	0.206916	5.32953
1.94116e+14	0.206213	5.47259
1.94241e+14	0.205511	5.61565
1.94365e+14	0.204813	5.75871
1.9449e+14	0.204117	5.90178
1.94615e+14	0.203424	6.04485
1.9474e+14	0.202733	6.18792
1.94865e+14	0.202045	6.331
1.9499e+14	0.201359	6.47408
1.95115e+14	0.200676	6.61717
1.9524e+14	0.199995	6.76026
1.95365e+14	0.199317	6.90335
1.9549e+14	0.198641	7.04645
1.95615e+14	0.197968	7.18955
1.95739e+14	0.197297	7.33266
1.95864e+14	0.196628	7.47577
1.95989e+14	0.195963	7.61889
1.96114e+14	0.195299	7.76201
1.96239e+14	0.194638	7.90514
1.96364e+14	0.193979	8.04827
1.96489e+14	0.193323	8.1914
1.96614e+14	0.192669	8.33455
1.96739e+14	0.192018	8.47769
1.96864e+14	0.191369	8.62084
1.96989e+14	0.190723	8.764
1.97114e+14	0.190079	8.90716
1.97238e+14	0.189437	9.05033
1.97363e+14	0.188798	9.1935
1.97488e+14	0.188161	9.33668
1.97613e+14	0.187527	9.47987
1.97738e+14	0.186895	9.62306
1.97863e+14	0.186265	9.76625
1.97988e+14	0.185638	9.90946
1.98113e+14	0.185014	10.0527
1.98238e+14	0.184392	10.1959
1.98363e+14	0.183772	10.3391
1.98488e+14	0.183155	10.4823
1.98613e+14	0.18254	10.6256
1.98737e+14	0.181928	10.7688
1.98862e+14	0.181319	10.912
1.98987e+14	0.180712	11.0553
1.99112e+14	0.180107	11.1985
1.99237e+14	0.179505	11.3418
1.99362e+14	0.178906	11.4851
1.99487e+14	0.178309	11.6283
1.99612e+14	0.177714	11.7716
1.99737e+14	0.177122	11.9149
1.99862e+14	0.176533	12.0582
('port 1',TE,1,'port 2',1,'transmission')
(101,3)
1.8737e+14	0.00144195	2.75138
1.87495e+14	0.00123728	3.02028
1.8762e+14	0.00103038	3.30748
1.87745e+14	0.000825627	3.62663
1.8787e+14	0.000630787	4.00657
1.87995e+14	0.000463055	4.51024
1.8812e+14	0.000363641	5.22933
1.88245e+14	0.000386491	6.05008
1.8837e+14	0.000511003	6.67764
1.88495e+14	0.000678445	7.12191
1.88619e+14	0.000858797	7.47253
1.88744e+14	0.00104009	7.77617
1.88869e+14	0.00121681	8.0541
1.88994e+14	0.00138592	8.31672
1.89119e+14	0.00154545	8.56953
1.89244e+14	0.00169403	8.81567
1.89369e+14	0.00183061	9.05708
1.89494e+14	0.00195441	9.29495
1.89619e+14	0.00206483	9.53009
1.89744e+14	0.0021614	9.76302
1.89869e+14	0.00224381	9.99411
1.89993e+14	0.00231185	10.2236
1.90118e+14	0.00236543	10.4517
1.90243e+14	0.00240455	10.6784
1.90368e+14	0.00242931	10.9038
1.90493e+14	0.00243988	11.1279
1.90618e+14	0.00243654	11.3507
1.90743e+14	0.00241964	11.5721
1.90868e+14	0.00238961	11.7921
1.90993e+14	0.00234698	12.0104
1.91118e+14	0.00229233	12.2269
1.91243e+14	0.00222636	12.4415
1.91368e+14	0.00214982	12.6537
1.91492e+14	0.00206357	12.8632
1.91617e+14	0.00196858	13.0695
1.91742e+14	0.0018659	13.2721
1.91867e+14	0.00175673	13.47
1.91992e+14	0.0016424	13.6623
1.92117e+14	0.00152444	13.8476
1.92242e+14	0.00140464	14.024
1.92367e+14	0.00128515	14.1891
1.92492e+14	0.00116859	14.3398
1.92617e+14	0.00105828	14.4723
1.92742e+14	0.000958432	14.5823
1.92866e+14	0.000874265	14.6662
1.92991e+14	0.000811796	14.7234
1.93116e+14	0.000776793	14.7592
1.93241e+14	0.000772893	14.7866
1.93366e+14	0.000799911	14.8222
1.93491e+14	0.000853866	14.8793
1.93616e+14	0.000928752	14.9636
1.93741e+14	0.00101848	15.0748
1.93866e+14	0.00111793	15.2092
1.93991e+14	0.00122316	15.3627
1.94116e+14	0.00133125	15.5312
1.94241e+14	0.00144006	15.7115
1.94365e+14	0.00154801	15.9012
1.9449e+14	0.00165389	16.0984
1.94615e+14	0.00175678	16.3014
1.9474e+14	0.00185596	16.5093
1.94865e+14	0.00195082	16.7212
1.9499e+14	0.00204088	16.9362
1.95115e+14	0.00212571	17.1539
1.9524e+14	0.00220493	17.3739
1.95365e+14	0.00227822	17.5957
1.9549e+14	0.00234527	17.8192
1.95615e+14	0.00240581	18.044
1.95739e+14	0.00245961	18.27
1.95864e+14	0.00250642	18.497
1.95989e+14	0.00254608	18.7249
1.96114e+14	0.0025784	18.9536
1.96239e+14	0.00260327	19.183
1.96364e+14	0.00262059	19.413
1.96489e+14	0.00263029	19.6437
1.96614e+14	0.00263235	19.8749
1.96739e+14	0.00262678	20.1066
1.96864e+14	0.00261363	20.3387
1.96989e+14	0.00259297	20.5713
1.97114e+14	0.00256491	20.8043
1.97238e+14	0.00252959	21.0377
1.97363e+14	0.00248715	21.2713
1.97488e+14	0.00243776	21.5052
1.97613e+14	0.0023816	21.7394
1.97738e+14	0.00231885	21.9736
1.97863e+14	0.0022497	22.208
1.97988e+14	0.00217433	22.4424
1.98113e+14	0.00209291	22.6766
1.98238e+14	0.0020056	22.9107
1.98363e+14	0.00191258	23.1445
1.98488e+14	0.00181401	23.3779
1.98613e+14	0.00171004	23.6107
1.98737e+14	0.00160084	23.8429
1.98862e+14	0.00148661	24.0743
1.98987e+14	0.00136754	24.3046
1.99112e+14	0.00124388	24.5337
1.99237e+14	0.00111591	24.7612
1.99362e+14	0.000983964	24.9868
1.99487e+14	0.000848436	25.2099
1.99612e+14	0.000709796	25.4292
1.99737e+14	0.000568604	25.6428
1.99862e+14	0.000425548	25.8456
('port 2',TE,1,'port 2',1,'transmission')
(101,3)
1.8737e+14	0.00114729	-3.03427
1.87495e+14	0.000942578	-2.86446
1.8762e+14	0.000733699	-2.69525
1.87745e+14	0.000525928	-2.52725
1.8787e+14	0.000324463	-2.36235
1.87995e+14	0.000134305	-2.21221
1.8812e+14	4.03241e-05	-5.03668
1.88245e+14	0.000194318	-4.95725
1.8837e+14	0.000324773	-4.7979
1.88495e+14	0.000428532	-4.63327
1.88619e+14	0.000503308	-4.46786
1.88744e+14	0.000547581	-4.30311
1.88869e+14	0.000560624	-4.14009
1.88994e+14	0.000542523	-3.98019
1.89119e+14	0.000494179	-3.82591
1.89244e+14	0.000417339	-3.68267
1.89369e+14	0.000314752	-3.5653
1.89494e+14	0.000191301	-3.53347
1.89619e+14	7.19595e-05	-4.132
1.89744e+14	0.00014769	-5.53804
1.89869e+14	0.000316338	-5.61387
1.89993e+14	0.000498459	-5.51819
1.90118e+14	0.00068508	-5.3821
1.90243e+14	0.00087086	-5.23044
1.90368e+14	0.00105115	-5.07112
1.90493e+14	0.00122169	-4.90746
1.90618e+14	0.00137864	-4.74105
1.90743e+14	0.00151861	-4.57278
1.90868e+14	0.00163878	-4.40315
1.90993e+14	0.0017369	-4.23248
1.91118e+14	0.00181139	-4.06097
1.91243e+14	0.00186131	-3.88876
1.91368e+14	0.00188645	-3.71591
1.91492e+14	0.00188727	-3.54248
1.91617e+14	0.00186489	-3.3685
1.91742e+14	0.00182104	-3.19395
1.91867e+14	0.00175803	-3.01884
1.91992e+14	0.00167866	-2.84312
1.92117e+14	0.00158615	-2.66676
1.92242e+14	0.00148403	-2.4897
1.92367e+14	0.00137604	-2.3119
1.92492e+14	0.00126604	-2.1333
1.92617e+14	0.00115791	-1.95392
1.92742e+14	0.00105541	-1.77381
1.92866e+14	0.000962095	-1.59316
1.92991e+14	0.000881222	-1.41235
1.93116e+14	0.000815649	-1.23195
1.93241e+14	0.000767768	-1.05277
1.93366e+14	0.000739441	-0.875633
1.93491e+14	0.000731964	-0.701169
1.93616e+14	0.00074604	-0.529531
1.93741e+14	0.000781763	-0.360309
1.93866e+14	0.000838609	-0.192694
1.93991e+14	0.000915438	-0.0257693
1.94116e+14	0.00101052	0.141234
1.94241e+14	0.00112157	0.308832
1.94365e+14	0.00124581	0.477292
1.9449e+14	0.00138006	0.646704
1.94615e+14	0.00152079	0.817047
1.9474e+14	0.00166423	0.988248
1.94865e+14	0.00180647	1.16021
1.9499e+14	0.00194356	1.33284
1.95115e+14	0.00207158	1.50604
1.9524e+14	0.00218679	1.67975
1.95365e+14	0.00228567	1.85389
1.9549e+14	0.00236504	2.02841
1.95615e+14	0.00242213	2.20328
1.95739e+14	0.00245466	2.37845
1.95864e+14	0.00246087	2.5539
1.95989e+14	0.00243958	2.72961
1.96114e+14	0.00239024	2.90557
1.96239e+14	0.00231289	3.08178
1.96364e+14	0.00220822	3.25824
1.96489e+14	0.00207753	3.43497
1.96614e+14	0.00192268	3.61199
1.96739e+14	0.00174608	3.78937
1.96864e+14	0.00155063	3.96718
1.96989e+14	0.00133963	4.14561
1.97114e+14	0.00111674	4.32494
1.97238e+14	0.000885848	4.50583
1.97363e+14	0.00065105	4.68983
1.97488e+14	0.000416533	4.88187
1.97613e+14	0.000186674	5.11053
1.97738e+14	4.0074e-05	7.88605
1.97863e+14	0.000246473	8.44218
1.97988e+14	0.000440247	8.65054
1.98113e+14	0.000615288	8.83905
1.98238e+14	0.000768716	9.02199
1.98363e+14	0.000898228	9.20257
1.98488e+14	0.00100207	9.38191
1.98613e+14	0.00107905	9.56048
1.98737e+14	0.00112856	9.73852
1.98862e+14	0.00115059	9.91611
1.98987e+14	0.0011457	10.0933
1.99112e+14	0.00111502	10.27
1.99237e+14	0.00106019	10.4463
1.99362e+14	0.000983348	10.6218
1.99487e+14	0.000887044	10.7964
1.99612e+14	0.000774193	10.9695
1.99737e+14	0.000647998	11.1402
1.99862e+14	0.000511879	11.3064
('port 3',TE,1,'port 2',1,'transmission')
(101,3)
1.8737e+14	0.247981	0.766636
1.87495e+14	0.247122	0.909456
1.8762e+14	0.246267	1.05228
1.87745e+14	0.245416	1.19511
1.8787e+14	0.244567	1.33794
1.87995e+14	0.243722	1.48077
1.8812e+14	0.242881	1.62361
1.88245e+14	0.242042	1.76646
1.8837e+14	0.241206	1.9093
1.88495e+14	0.240374	2.05215
1.88619e+14	0.239544	2.195
1.88744e+14	0.238718	2.33786
1.88869e+14	0.237894	2.48071
1.88994e+14	0.237074	2.62357
1.89119e+14	0.236256	2.76643
1.89244e+14	0.235441	2.9093
1.89369e+14	0.234629	3.05216
1.89494e+14	0.233819	3.19503
1.89619e+14	0.233013	3.3379
1.89744e+14	0.232209	3.48076
1.89869e+14	0.231408	3.62363
1.89993e+14	0.23061	3.76651
1.90118e+14	0.229815	3.90938
1.90243e+14	0.229022	4.05225
1.90368e+14	0.228233	4.19512
1.90493e+14	0.227446	4.338
1.90618e+14	0.226663	4.48087
1.90743e+14	0.225882	4.62375
1.90868e+14	0.225105	4.76663
1.90993e+14	0.22433	4.9095
1.91118e+14	0.223559	5.05238
1.91243e+14	0.22279	5.19527
1.91368e+14	0.222025	5.33815
1.91492e+14	0.221263	5.48104
1.91617e+14	0.220504	5.62392
1.91742e+14	0.219748	5.76682
1.91867e+14	0.218995	5.90971
1.91992e+14	0.218245	6.05261
1.92117e+14	0.217498	6.19551
1.92242e+14	0.216754	6.33842
1.92367e+14	0.216012	6.48133
1.92492e+14	0.215274	6.62424
1.92617e+14	0.214539	6.76716
1.92742e+14	0.213806	6.91009
1.92866e+14	0.213075	7.05302
1.92991e+14	0.212348	7.19595
1.93116e+14	0.211622	7.33889
1.93241e+14	0.210899	7.48184
1.93366e+14	0.210179	7.62479
1.93491e+14	0.20946	7.76775
1.93616e+14	0.208744	7.91071
1.93741e+14	0.208029	8.05368
1.93866e+14	0.207317	8.19665
1.93991e+14	0.206607	8.33962
1.94116e+14	0.205899	8.4826
1.94241e+14	0.205193	8.62558
1.94365e+14	0.204489	8.76857
1.9449e+14	0.203788	8.91155
1.94615e+14	0.203089	9.05454
1.9474e+14	0.202392	9.19753
1.94865e+14	0.201698	9.34052
1.9499e+14	0.201007	9.48352
1.95115e+14	0.200319	9.62651
1.9524e+14	0.199634	9.76951
1.95365e+14	0.198952	9.91252
1.9549e+14	0.198273	10.0555
1.95615e+14	0.197598	10.1985
1.95739e+14	0.196925	10.3416
1.95864e+14	0.196256	10.4846
1.95989e+14	0.195589	10.6276
1.96114e+14	0.194926	10.7706
1.96239e+14	0.194266	10.9137
1.96364e+14	0.19361	11.0567
1.96489e+14	0.192956	11.1998
1.96614e+14	0.192305	11.3428
1.96739e+14	0.191657	11.4859
1.96864e+14	0.191013	11.629
1.96989e+14	0.19037	11.7721
1.97114e+14	0.189731	11.9152
1.97238e+14	0.189094	12.0583
1.97363e+14	0.18846	12.2014
1.97488e+14	0.187829	12.3445
1.97613e+14	0.187199	12.4876
1.97738e+14	0.186572	12.6308
1.97863e+14	0.185948	12.7739
1.97988e+14	0.185325	12.9171
1.98113e+14	0.184704	13.0602
1.98238e+14	0.184086	13.2034
1.98363e+14	0.183469	13.3465
1.98488e+14	0.182855	13.4897
1.98613e+14	0.182242	13.6329
1.98737e+14	0.181632	13.7761
1.98862e+14	0.181023	13.9192
1.98987e+14	0.180417	14.0624
1.99112e+14	0.179813	14.2056
1.99237e+14	0.179212	14.3488
1.99362e+14	0.178613	14.4919
1.99487e+14	0.178016	14.6351
1.99612e+14	0.177423	14.7783
1.99737e+14	0.176832	14.9215
1.99862e+14	0.176244	15.0647
('port 4',TE,1,'port 2',1,'transmission')
(101,3)
1.8737e+14	0.965256	-1.47616
1.87495e+14	0.96552	-1.30138
1.8762e+14	0.965782	-1.12658
1.87745e+14	0.966043	-0.951787
1.8787e+14	0.966302	-0.776985
1.87995e+14	0.966558	-0.602178
1.8812e+14	0.966811	-0.427367
1.88245e+14	0.967061	-0.252552
1.8837e+14	0.967306	-0.0777327
1.88495e+14	0.967547	0.0970893
1.88619e+14	0.967784	0.271914
1.88744e+14	0.968015	0.44674
1.88869e+14	0.968242	0.621568
1.88994e+14	0.968465	0.796397
1.89119e+14	0.968682	0.971226
1.89244e+14	0.968896	1.14605
1.89369e+14	0.969105	1.32088
1.89494e+14	0.969311	1.49571
1.89619e+14	0.969513	1.67053
1.89744e+14	0.969713	1.84536
1.89869e+14	0.96991	2.02018
1.89993e+14	0.970105	2.195
1.90118e+14	0.9703	2.36982
1.90243e+14	0.970494	2.54463
1.90368e+14	0.970687	2.71945
1.90493e+14	0.970881	2.89426
1.90618e+14	0.971076	3.06907
1.90743e+14	0.971271	3.24389
1.90868e+14	0.971468	3.4187
1.90993e+14	0.971666	3.59351
1.91118e+14	0.971865	3.76833
1.91243e+14	0.972065	3.94314
1.91368e+14	0.972267	4.11796
1.91492e+14	0.972468	4.29279
1.91617e+14	0.972671	4.46761
1.91742e+14	0.972873	4.64244
1.91867e+14	0.973075	4.81728
1.91992e+14	0.973276	4.99212
1.92117e+14	0.973475	5.16696
1.92242e+14	0.973673	5.34181
1.92367e+14	0.973868	5.51666
1.92492e+14	0.974061	5.69152
1.92617e+14	0.97425	5.86638
1.92742e+14	0.974435	6.04125
1.92866e+14	0.974616	6.21612
1.92991e+14	0.974793	6.391
1.93116e+14	0.974965	6.56588
1.93241e+14	0.975131	6.74076
1.93366e+14	0.975293	6.91564
1.93491e+14	0.975449	7.09053
1.93616e+14	0.9756	7.26542
1.93741e+14	0.975746	7.4403
1.93866e+14	0.975887	7.61519
1.93991e+14	0.976023	7.79008
1.94116e+14	0.976156	7.96497
1.94241e+14	0.976286	8.13986
1.94365e+14	0.976412	8.31475
1.9449e+14	0.976537	8.48964
1.94615e+14	0.97666	8.66452
1.9474e+14	0.976782	8.83941
1.94865e+14	0.976904	9.0143
1.9499e+14	0.977026	9.18919
1.95115e+14	0.977149	9.36408
1.9524e+14	0.977272	9.53897
1.95365e+14	0.977397	9.71386
1.9549e+14	0.977523	9.88876
1.95615e+14	0.97765	10.0637
1.95739e+14	0.977778	10.2386
1.95864e+14	0.977907	10.4135
1.95989e+14	0.978036	10.5884
1.96114e+14	0.978165	10.7633
1.96239e+14	0.978294	10.9382
1.96364e+14	0.978422	11.1132
1.96489e+14	0.978549	11.2881
1.96614e+14	0.978674	11.463
1.96739e+14	0.978798	11.638
1.96864e+14	0.97892	11.813
1.96989e+14	0.979039	11.9879
1.97114e+14	0.979156	12.1629
1.97238e+14	0.97927	12.3379
1.97363e+14	0.979382	12.5129
1.97488e+14	0.979491	12.6878
1.97613e+14	0.979596	12.8628
1.97738e+14	0.979699	13.0378
1.97863e+14	0.979799	13.2128
1.97988e+14	0.979895	13.3878
1.98113e+14	0.979988	13.5629
1.98238e+14	0.980079	13.7379
1.98363e+14	0.980166	13.9129
1.98488e+14	0.98025	14.0879
1.98613e+14	0.980332	14.263
1.98737e+14	0.980411	14.438
1.98862e+14	0.980488	14.613
1.98987e+14	0.980564	14.7881
1.99112e+14	0.980638	14.9631
1.99237e+14	0.980711	15.1382
1.99362e+14	0.980784	15.3132
1.99487e+14	0.980856	15.4883
1.99612e+14	0.980929	15.6633
1.99737e+14	0.981002	15.8384
1.99862e+14	0.981075	16.0135
('port 1',TE,1,'port 3',1,'transmission')
(101,3)
1.8737e+14	0.967603	3.13294
1.87495e+14	0.967825	3.24389
1.8762e+14	0.968046	3.35485
1.87745e+14	0.968265	3.46581
1.8787e+14	0.968482	3.57678
1.87995e+14	0.968698	3.68774
1.8812e+14	0.968912	3.79872
1.88245e+14	0.969124	3.90969
1.8837e+14	0.969335	4.02067
1.88495e+14	0.969544	4.13165
1.88619e+14	0.969752	4.24264
1.88744e+14	0.969958	4.35363
1.88869e+14	0.970163	4.46462
1.88994e+14	0.970366	4.57561
1.89119e+14	0.970567	4.68661
1.89244e+14	0.970767	4.79762
1.89369e+14	0.970965	4.90862
1.89494e+14	0.971162	5.01963
1.89619e+14	0.971357	5.13065
1.89744e+14	0.971551	5.24167
1.89869e+14	0.971742	5.35269
1.89993e+14	0.971933	5.46371
1.90118e+14	0.972122	5.57474
1.90243e+14	0.972309	5.68577
1.90368e+14	0.972495	5.79681
1.90493e+14	0.972679	5.90784
1.90618e+14	0.972862	6.01889
1.90743e+14	0.973043	6.12993
1.90868e+14	0.973223	6.24098
1.90993e+14	0.973401	6.35204
1.91118e+14	0.973578	6.46309
1.91243e+14	0.973753	6.57415
1.91368e+14	0.973927	6.68522
1.91492e+14	0.9741	6.79628
1.91617e+14	0.974271	6.90736
1.91742e+14	0.974441	7.01843
1.91867e+14	0.974609	7.12951
1.91992e+14	0.974776	7.24059
1.92117e+14	0.974941	7.35168
1.92242e+14	0.975106	7.46277
1.92367e+14	0.975269	7.57386
1.92492e+14	0.97543	7.68496
1.92617e+14	0.975591	7.79606
1.92742e+14	0.97575	7.90716
1.92866e+14	0.975908	8.01827
1.92991e+14	0.976064	8.12939
1.93116e+14	0.976219	8.2405
1.93241e+14	0.976373	8.35162
1.93366e+14	0.976526	8.46275
1.93491e+14	0.976677	8.57387
1.93616e+14	0.976827	8.685
1.93741e+14	0.976976	8.79614
1.93866e+14	0.977123	8.90728
1.93991e+14	0.977269	9.01842
1.94116e+14	0.977414	9.12957
1.94241e+14	0.977558	9.24072
1.94365e+14	0.9777	9.35187
1.9449e+14	0.977841	9.46303
1.94615e+14	0.977981	9.57419
1.9474e+14	0.97812	9.68536
1.94865e+14	0.978257	9.79653
1.9499e+14	0.978393	9.9077
1.95115e+14	0.978528	10.0189
1.9524e+14	0.978661	10.1301
1.95365e+14	0.978794	10.2412
1.9549e+14	0.978925	10.3524
1.95615e+14	0.979055	10.4636
1.95739e+14	0.979183	10.5748
1.95864e+14	0.979311	10.686
1.95989e+14	0.979437	10.7972
1.96114e+14	0.979562	10.9085
1.96239e+14	0.979686	11.0197
1.96364e+14	0.979809	11.1309
1.96489e+14	0.97993	11.2421
1.96614e+14	0.980051	11.3533
1.96739e+14	0.98017	11.4646
1.96864e+14	0.980288	11.5758
1.96989e+14	0.980405	11.687
1.97114e+14	0.980521	11.7983
1.97238e+14	0.980636	11.9095
1.97363e+14	0.98075	12.0208
1.97488e+14	0.980862	12.132
1.97613e+14	0.980974	12.2433
1.97738e+14	0.981085	12.3546
1.97863e+14	0.981194	12.4658
1.97988e+14	0.981303	12.5771
1.98113e+14	0.98141	12.6884
1.98238e+14	0.981517	12.7997
1.98363e+14	0.981622	12.911
1.98488e+14	0.981727	13.0223
1.98613e+14	0.98183	13.1336
1.98737e+14	0.981933	13.2449
1.98862e+14	0.982034	13.3562
1.98987e+14	0.982135	13.4675
1.99112e+14	0.982235	13.5788
1.99237e+14	0.982334	13.6901
1.99362e+14	0.982432	13.8015
1.99487e+14	0.982529	13.9128
1.99612e+14	0.982625	14.0241
1.99737e+14	0.982721	14.1355
1.99862e+14	0.982815	14.2468
('port 2',TE,1,'port 3',1,'transmission')
(101,3)
1.8737e+14	0.248336	0.893843
1.87495e+14	0.247475	1.03674
1.8762e+14	0.246616	1.17963
1.87745e+14	0.245761	1.32253
1.8787e+14	0.244909	1.46543
1.87995e+14	0.244061	1.60833
1.8812e+14	0.243215	1.75124
1.88245e+14	0.242373	1.89414
1.8837e+14	0.241534	2.03705
1.88495e+14	0.240698	2.17997
1.88619e+14	0.239865	2.32288
1.88744e+14	0.239036	2.4658
1.88869e+14	0.23821	2.60872
1.88994e+14	0.237386	2.75165
1.89119e+14	0.236566	2.89457
1.89244e+14	0.235749	3.0375
1.89369e+14	0.234935	3.18044
1.89494e+14	0.234124	3.32337
1.89619e+14	0.233317	3.46631
1.89744e+14	0.232512	3.60925
1.89869e+14	0.231711	3.7522
1.89993e+14	0.230912	3.89514
1.90118e+14	0.230117	4.03809
1.90243e+14	0.229325	4.18105
1.90368e+14	0.228535	4.324
1.90493e+14	0.227749	4.46696
1.90618e+14	0.226966	4.60993
1.90743e+14	0.226185	4.75289
1.90868e+14	0.225408	4.89586
1.90993e+14	0.224634	5.03883
1.91118e+14	0.223863	5.18181
1.91243e+14	0.223094	5.32479
1.91368e+14	0.222329	5.46777
1.91492e+14	0.221567	5.61075
1.91617e+14	0.220807	5.75374
1.91742e+14	0.220051	5.89673
1.91867e+14	0.219297	6.03972
1.91992e+14	0.218546	6.18272
1.92117e+14	0.217798	6.32572
1.92242e+14	0.217053	6.46872
1.92367e+14	0.216311	6.61173
1.92492e+14	0.215572	6.75474
1.92617e+14	0.214835	6.89775
1.92742e+14	0.214102	7.04077
1.92866e+14	0.213371	7.18379
1.92991e+14	0.212643	7.32681
1.93116e+14	0.211917	7.46984
1.93241e+14	0.211195	7.61287
1.93366e+14	0.210475	7.75591
1.93491e+14	0.209758	7.89894
1.93616e+14	0.209043	8.04198
1.93741e+14	0.208332	8.18503
1.93866e+14	0.207623	8.32808
1.93991e+14	0.206916	8.47113
1.94116e+14	0.206213	8.61418
1.94241e+14	0.205511	8.75724
1.94365e+14	0.204813	8.9003
1.9449e+14	0.204117	9.04337
1.94615e+14	0.203424	9.18644
1.9474e+14	0.202733	9.32951
1.94865e+14	0.202045	9.47259
1.9499e+14	0.201359	9.61567
1.95115e+14	0.200676	9.75876
1.9524e+14	0.199995	9.90185
1.95365e+14	0.199317	10.0449
1.9549e+14	0.198641	10.188
1.95615e+14	0.197968	10.3311
1.95739e+14	0.197297	10.4743
1.95864e+14	0.196628	10.6174
1.95989e+14	0.195963	10.7605
1.96114e+14	0.195299	10.9036
1.96239e+14	0.194638	11.0467
1.96364e+14	0.193979	11.1899
1.96489e+14	0.193323	11.333
1.96614e+14	0.192669	11.4761
1.96739e+14	0.192018	11.6193
1.96864e+14	0.191369	11.7624
1.96989e+14	0.190723	11.9056
1.97114e+14	0.190079	12.0488
1.97238e+14	0.189437	12.1919
1.97363e+14	0.188798	12.3351
1.97488e+14	0.188161	12.4783
1.97613e+14	0.187527	12.6215
1.97738e+14	0.186895	12.7647
1.97863e+14	0.186265	12.9078
1.97988e+14	0.185638	13.051
1.98113e+14	0.185014	13.1943
1.98238e+14	0.184392	13.3375
1.98363e+14	0.183772	13.4807
1.98488e+14	0.183155	13.6239
1.98613e+14	0.18254	13.7672
1.98737e+14	0.181928	13.9104
1.98862e+14	0.181319	14.0536
1.98987e+14	0.180712	14.1969
1.99112e+14	0.180107	14.3401
1.99237e+14	0.179505	14.4834
1.99362e+14	0.178906	14.6267
1.99487e+14	0.178309	14.7699
1.99612e+14	0.177714	14.9132
1.99737e+14	0.177122	15.0565
1.99862e+14	0.176533	15.1998
('port 3',TE,1,'port 3',1,'transmission')
(101,3)
1.8737e+14	0.000262329	1.99394
1.87495e+14	0.000280835	2.04425
1.8762e+14	0.000296315	2.09316
1.87745e+14	0.00030896	2.14078
1.8787e+14	0.000318979	2.1872
1.87995e+14	0.000326595	2.23255
1.8812e+14	0.000332038	2.27696
1.88245e+14	0.000335543	2.32063
1.8837e+14	0.00033734	2.3638
1.88495e+14	0.000337651	2.40675
1.88619e+14	0.000336683	2.44986
1.88744e+14	0.000334624	2.49355
1.88869e+14	0.000331644	2.53833
1.88994e+14	0.000327885	2.58475
1.89119e+14	0.000323469	2.63346
1.89244e+14	0.000318497	2.68516
1.89369e+14	0.000313053	2.7406
1.89494e+14	0.000307213	2.80059
1.89619e+14	0.000301052	2.86599
1.89744e+14	0.000294656	2.9377
1.89869e+14	0.000288134	3.01664
1.89993e+14	0.000281634	3.10373
1.90118e+14	0.000275351	3.19985
1.90243e+14	0.000269542	3.30576
1.90368e+14	0.000264533	3.422
1.90493e+14	0.000260713	3.5487
1.90618e+14	0.000258526	3.68544
1.90743e+14	0.000258437	3.83108
1.90868e+14	0.000260886	3.98367
1.90993e+14	0.000266237	4.1406
1.91118e+14	0.000274725	4.29889
1.91243e+14	0.000286425	4.45561
1.91368e+14	0.000301245	4.60832
1.91492e+14	0.000318949	4.75526
1.91617e+14	0.000339193	4.89547
1.91742e+14	0.00036156	5.02861
1.91867e+14	0.000385593	5.15486
1.91992e+14	0.000410821	5.27467
1.92117e+14	0.000436775	5.38866
1.92242e+14	0.000462994	5.49749
1.92367e+14	0.000489031	5.60183
1.92492e+14	0.000514458	5.70228
1.92617e+14	0.000538866	5.79939
1.92742e+14	0.000561865	5.89363
1.92866e+14	0.000583089	5.98543
1.92991e+14	0.000602192	6.07513
1.93116e+14	0.000618854	6.16305
1.93241e+14	0.000632781	6.24944
1.93366e+14	0.000643703	6.33454
1.93491e+14	0.000651383	6.41853
1.93616e+14	0.000655613	6.50158
1.93741e+14	0.000656217	6.58385
1.93866e+14	0.00065305	6.66546
1.93991e+14	0.000646006	6.74654
1.94116e+14	0.00063501	6.82719
1.94241e+14	0.000620025	6.90755
1.94365e+14	0.00060105	6.98771
1.9449e+14	0.000578121	7.0678
1.94615e+14	0.00055131	7.14798
1.9474e+14	0.000520723	7.22842
1.94865e+14	0.000486506	7.30934
1.9499e+14	0.000448835	7.39106
1.95115e+14	0.000407923	7.47404
1.9524e+14	0.000364015	7.55898
1.95365e+14	0.000317393	7.64706
1.9549e+14	0.00026838	7.74038
1.95615e+14	0.000217353	7.84311
1.95739e+14	0.000164804	7.96498
1.95864e+14	0.000111553	8.13459
1.95989e+14	6.01742e-05	8.47887
1.96114e+14	3.26274e-05	9.73868
1.96239e+14	7.05925e-05	10.7313
1.96364e+14	0.000124146	11.0143
1.96489e+14	0.000179472	11.168
1.96614e+14	0.000234656	11.2823
1.96739e+14	0.000288952	11.3796
1.96864e+14	0.00034186	11.4678
1.96989e+14	0.000392968	11.5505
1.97114e+14	0.000441907	11.6297
1.97238e+14	0.000488339	11.7062
1.97363e+14	0.000531958	11.7808
1.97488e+14	0.000572482	11.8537
1.97613e+14	0.000609658	11.9252
1.97738e+14	0.000643267	11.9955
1.97863e+14	0.000673116	12.0646
1.97988e+14	0.000699048	12.1326
1.98113e+14	0.000720938	12.1995
1.98238e+14	0.000738698	12.2654
1.98363e+14	0.000752271	12.3301
1.98488e+14	0.000761638	12.3936
1.98613e+14	0.000766815	12.4559
1.98737e+14	0.000767852	12.517
1.98862e+14	0.000764835	12.5766
1.98987e+14	0.00075788	12.6347
1.99112e+14	0.00074714	12.6911
1.99237e+14	0.000732795	12.7457
1.99362e+14	0.000715058	12.7983
1.99487e+14	0.000694168	12.8486
1.99612e+14	0.000670392	12.8963
1.99737e+14	0.000644024	12.9412
1.99862e+14	0.000615378	12.9827
('port 4',TE,1,'port 3',1,'transmission')
(101,3)
1.8737e+14	0.00139059	-1.30053
1.87495e+14	0.00138186	-1.15217
1.8762e+14	0.00137347	-1.00401
1.87745e+14	0.00136538	-0.856043
1.8787e+14	0.00135752	-0.70829
1.87995e+14	0.00134985	-0.560749
1.8812e+14	0.0013423	-0.413416
1.88245e+14	0.00133482	-0.266277
1.8837e+14	0.00132736	-0.119315
1.88495e+14	0.00131988	0.0274921
1.88619e+14	0.00131232	0.174173
1.88744e+14	0.00130465	0.32076
1.88869e+14	0.00129685	0.467288
1.88994e+14	0.00128888	0.613797
1.89119e+14	0.00128072	0.760329
1.89244e+14	0.00127237	0.906925
1.89369e+14	0.00126382	1.05363
1.89494e+14	0.00125506	1.20049
1.89619e+14	0.0012461	1.34756
1.89744e+14	0.00123695	1.49486
1.89869e+14	0.00122762	1.64246
1.89993e+14	0.00121815	1.79038
1.90118e+14	0.00120854	1.93867
1.90243e+14	0.00119883	2.08736
1.90368e+14	0.00118906	2.2365
1.90493e+14	0.00117924	2.3861
1.90618e+14	0.00116943	2.53619
1.90743e+14	0.00115966	2.6868
1.90868e+14	0.00114996	2.83795
1.90993e+14	0.00114036	2.98963
1.91118e+14	0.00113091	3.14187
1.91243e+14	0.00112164	3.29465
1.91368e+14	0.00111258	3.44799
1.91492e+14	0.00110375	3.60187
1.91617e+14	0.00109517	3.75629
1.91742e+14	0.00108687	3.91122
1.91867e+14	0.00107886	4.06664
1.91992e+14	0.00107115	4.22255
1.92117e+14	0.00106374	4.37891
1.92242e+14	0.00105663	4.5357
1.92367e+14	0.00104982	4.69291
1.92492e+14	0.00104328	4.85049
1.92617e+14	0.00103701	5.00844
1.92742e+14	0.00103098	5.16674
1.92866e+14	0.00102517	5.32537
1.92991e+14	0.00101956	5.48432
1.93116e+14	0.0010141	5.64358
1.93241e+14	0.00100878	5.80316
1.93366e+14	0.00100356	5.96306
1.93491e+14	0.000998411	6.12328
1.93616e+14	0.000993303	6.28386
1.93741e+14	0.000988213	6.4448
1.93866e+14	0.000983119	6.60615
1.93991e+14	0.000978003	6.76793
1.94116e+14	0.000972854	6.93019
1.94241e+14	0.000967668	7.09298
1.94365e+14	0.000962449	7.25633
1.9449e+14	0.000957206	7.42031
1.94615e+14	0.000951961	7.58497
1.9474e+14	0.000946742	7.75036
1.94865e+14	0.000941588	7.91653
1.9499e+14	0.000936548	8.08354
1.95115e+14	0.000931679	8.25142
1.9524e+14	0.000927048	8.42022
1.95365e+14	0.000922732	8.58997
1.9549e+14	0.000918812	8.76067
1.95615e+14	0.000915379	8.93233
1.95739e+14	0.000912527	9.10495
1.95864e+14	0.000910351	9.27848
1.95989e+14	0.00090895	9.45288
1.96114e+14	0.00090842	9.62807
1.96239e+14	0.000908851	9.80397
1.96364e+14	0.000910327	9.98048
1.96489e+14	0.000912923	10.1575
1.96614e+14	0.000916701	10.3348
1.96739e+14	0.000921706	10.5123
1.96864e+14	0.000927972	10.6898
1.96989e+14	0.000935509	10.8672
1.97114e+14	0.000944314	11.0443
1.97238e+14	0.000954361	11.2209
1.97363e+14	0.000965609	11.397
1.97488e+14	0.000978	11.5724
1.97613e+14	0.000991458	11.747
1.97738e+14	0.0010059	11.9208
1.97863e+14	0.00102121	12.0936
1.97988e+14	0.00103731	12.2654
1.98113e+14	0.00105406	12.4363
1.98238e+14	0.00107136	12.6061
1.98363e+14	0.00108908	12.775
1.98488e+14	0.00110711	12.943
1.98613e+14	0.00112534	13.1101
1.98737e+14	0.00114366	13.2763
1.98862e+14	0.00116198	13.4418
1.98987e+14	0.00118019	13.6066
1.99112e+14	0.00119823	13.7708
1.99237e+14	0.00121603	13.9345
1.99362e+14	0.00123353	14.0977
1.99487e+14	0.00125068	14.2605
1.99612e+14	0.00126748	14.4231
1.99737e+14	0.00128389	14.5854
1.99862e+14	0.00129994	14.7477
('port 1',TE,1,'port 4',1,'transmission')
(101,3)
1.8737e+14	0.247981	-2.37496
1.87495e+14	0.247122	-2.23214
1.8762e+14	0.246267	-2.08931
1.87745e+14	0.245416	-1.94649
1.8787e+14	0.244567	-1.80365
1.87995e+14	0.243722	-1.66082
1.8812e+14	0.242881	-1.51798
1.88245e+14	0.242042	-1.37514
1.8837e+14	0.241206	-1.23229
1.88495e+14	0.240374	-1.08944
1.88619e+14	0.239544	-0.946591
1.88744e+14	0.238718	-0.803737
1.88869e+14	0.237894	-0.66088
1.88994e+14	0.237074	-0.518021
1.89119e+14	0.236256	-0.37516
1.89244e+14	0.235441	-0.232296
1.89369e+14	0.234629	-0.0894315
1.89494e+14	0.233819	0.053435
1.89619e+14	0.233013	0.196303
1.89744e+14	0.232209	0.339172
1.89869e+14	0.231408	0.482042
1.89993e+14	0.23061	0.624913
1.90118e+14	0.229815	0.767785
1.90243e+14	0.229022	0.910658
1.90368e+14	0.228233	1.05353
1.90493e+14	0.227446	1.19641
1.90618e+14	0.226663	1.33928
1.90743e+14	0.225882	1.48216
1.90868e+14	0.225105	1.62503
1.90993e+14	0.22433	1.76791
1.91118e+14	0.223559	1.91079
1.91243e+14	0.22279	2.05367
1.91368e+14	0.222025	2.19656
1.91492e+14	0.221263	2.33944
1.91617e+14	0.220504	2.48233
1.91742e+14	0.219748	2.62522
1.91867e+14	0.218995	2.76812
1.91992e+14	0.218245	2.91102
1.92117e+14	0.217498	3.05392
1.92242e+14	0.216754	3.19682
1.92367e+14	0.216012	3.33973
1.92492e+14	0.215274	3.48265
1.92617e+14	0.214539	3.62557
1.92742e+14	0.213806	3.76849
1.92866e+14	0.213075	3.91142
1.92991e+14	0.212348	4.05436
1.93116e+14	0.211622	4.1973
1.93241e+14	0.210899	4.34025
1.93366e+14	0.210179	4.4832
1.93491e+14	0.20946	4.62616
1.93616e+14	0.208744	4.76912
1.93741e+14	0.208029	4.91209
1.93866e+14	0.207317	5.05506
1.93991e+14	0.206607	5.19803
1.94116e+14	0.205899	5.34101
1.94241e+14	0.205193	5.48399
1.94365e+14	0.204489	5.62697
1.9449e+14	0.203788	5.76996
1.94615e+14	0.203089	5.91295
1.9474e+14	0.202392	6.05594
1.94865e+14	0.201698	6.19893
1.9499e+14	0.201007	6.34192
1.95115e+14	0.200319	6.48492
1.9524e+14	0.199634	6.62792
1.95365e+14	0.198952	6.77092
1.9549e+14	0.198273	6.91393
1.95615e+14	0.197598	7.05694
1.95739e+14	0.196925	7.19996
1.95864e+14	0.196256	7.34298
1.95989e+14	0.195589	7.48601
1.96114e+14	0.194926	7.62904
1.96239e+14	0.194266	7.77208
1.96364e+14	0.19361	7.91513
1.96489e+14	0.192956	8.05818
1.96614e+14	0.192305	8.20125
1.96739e+14	0.191657	8.34432
1.96864e+14	0.191013	8.4874
1.96989e+14	0.19037	8.63048
1.97114e+14	0.189731	8.77358
1.97238e+14	0.189094	8.91668
1.97363e+14	0.18846	9.05979
1.97488e+14	0.187829	9.20291
1.97613e+14	0.187199	9.34604
1.97738e+14	0.186572	9.48918
1.97863e+14	0.185948	9.63232
1.97988e+14	0.185325	9.77547
1.98113e+14	0.184704	9.91862
1.98238e+14	0.184086	10.0618
1.98363e+14	0.183469	10.2049
1.98488e+14	0.182855	10.3481
1.98613e+14	0.182242	10.4913
1.98737e+14	0.181632	10.6345
1.98862e+14	0.181023	10.7776
1.98987e+14	0.180417	10.9208
1.99112e+14	0.179813	11.064
1.99237e+14	0.179212	11.2072
1.99362e+14	0.178613	11.3504
1.99487e+14	0.178016	11.4935
1.99612e+14	0.177423	11.6367
1.99737e+14	0.176832	11.7799
1.99862e+14	0.176244	11.9231
('port 2',TE,1,'port 4',1,'transmission')
(101,3)
1.8737e+14	0.965256	-1.47616
1.87495e+14	0.96552	-1.30138
1.8762e+14	0.965782	-1.12658
1.87745e+14	0.966043	-0.951787
1.8787e+14	0.966302	-0.776985
1.87995e+14	0.966558	-0.602178
1.8812e+14	0.966811	-0.427367
1.88245e+14	0.967061	-0.252552
1.8837e+14	0.967306	-0.0777327
1.88495e+14	0.967547	0.0970893
1.88619e+14	0.967784	0.271914
1.88744e+14	0.968015	0.44674
1.88869e+14	0.968242	0.621568
1.88994e+14	0.968465	0.796397
1.89119e+14	0.968682	0.971226
1.89244e+14	0.968896	1.14605
1.89369e+14	0.969105	1.32088
1.89494e+14	0.969311	1.49571
1.89619e+14	0.969513	1.67053
1.89744e+14	0.969713	1.84536
1.89869e+14	0.96991	2.02018
1.89993e+14	0.970105	2.195
1.90118e+14	0.9703	2.36982
1.90243e+14	0.970494	2.54463
1.90368e+14	0.970687	2.71945
1.90493e+14	0.970881	2.89426
1.90618e+14	0.971076	3.06907
1.90743e+14	0.971271	3.24389
1.90868e+14	0.971468	3.4187
1.90993e+14	0.971666	3.59351
1.91118e+14	0.971865	3.76833
1.91243e+14	0.972065	3.94314
1.91368e+14	0.972267	4.11796
1.91492e+14	0.972468	4.29279
1.91617e+14	0.972671	4.46761
1.91742e+14	0.972873	4.64244
1.91867e+14	0.973075	4.81728
1.91992e+14	0.973276	4.99212
1.92117e+14	0.973475	5.16696
1.92242e+14	0.973673	5.34181
1.92367e+14	0.973868	5.51666
1.92492e+14	0.974061	5.69152
1.92617e+14	0.97425	5.86638
1.92742e+14	0.974435	6.04125
1.92866e+14	0.974616	6.21612
1.92991e+14	0.974793	6.391
1.93116e+14	0.974965	6.56588
1.93241e+14	0.975131	6.74076
1.93366e+14	0.975293	6.91564
1.93491e+14	0.975449	7.09053
1.93616e+14	0.9756	7.26542
1.93741e+14	0.975746	7.4403
1.93866e+14	0.975887	7.61519
1.93991e+14	0.976023	7.79008
1.94116e+14	0.976156	7.96497
1.94241e+14	0.976286	8.13986
1.94365e+14	0.976412	8.31475
1.9449e+14	0.976537	8.48964
1.94615e+14	0.97666	8.66452
1.9474e+14	0.976782	8.83941
1.94865e+14	0.976904	9.0143
1.9499e+14	0.977026	9.18919
1.95115e+14	0.977149	9.36408
1.9524e+14	0.977272	9.53897
1.95365e+14	0.977397	9.71386
1.9549e+14	0.977523	9.88876
1.95615e+14	0.97765	10.0637
1.95739e+14	0.977778	10.2386
1.95864e+14	0.977907	10.4135
1.95989e+14	0.978036	10.5884
1.96114e+14	0.978165	10.7633
1.96239e+14	0.978294	10.9382
1.96364e+14	0.978422	11.1132
1.96489e+14	0.978549	11.2881
1.96614e+14	0.978674	11.463
1.96739e+14	0.978798	11.638
1.96864e+14	0.97892	11.813
1.96989e+14	0.979039	11.9879
1.97114e+14	0.979156	12.1629
1.97238e+14	0.97927	12.3379
1.97363e+14	0.979382	12.5129
1.97488e+14	0.979491	12.6878
1.97613e+14	0.979596	12.8628
1.97738e+14	0.979699	13.0378
1.97863e+14	0.979799	13.2128
1.97988e+14	0.979895	13.3878
1.98113e+14	0.979988	13.5629
1.98238e+14	0.980079	13.7379
1.98363e+14	0.980166	13.9129
1.98488e+14	0.98025	14.0879
1.98613e+14	0.980332	14.263
1.98737e+14	0.980411	14.438
1.98862e+14	0.980488	14.613
1.98987e+14	0.980564	14.7881
1.99112e+14	0.980638	14.9631
1.99237e+14	0.980711	15.1382
1.99362e+14	0.980784	15.3132
1.99487e+14	0.980856	15.4883
1.99612e+14	0.980929	15.6633
1.99737e+14	0.981002	15.8384
1.99862e+14	0.981075	16.0135
('port 3',TE,1,'port 4',1,'transmission')
(101,3)
1.8737e+14	0.00144195	-0.39021
1.87495e+14	0.00123728	-0.121313
1.8762e+14	0.00103038	0.165885
1.87745e+14	0.000825627	0.485033
1.8787e+14	0.000630787	0.864975
1.87995e+14	0.000463055	1.36865
1.8812e+14	0.000363641	2.08774
1.88245e+14	0.000386491	2.90849
1.8837e+14	0.000511003	3.53605
1.88495e+14	0.000678445	3.98032
1.88619e+14	0.000858797	4.33093
1.88744e+14	0.00104009	4.63457
1.88869e+14	0.00121681	4.91251
1.88994e+14	0.00138592	5.17513
1.89119e+14	0.00154545	5.42793
1.89244e+14	0.00169403	5.67408
1.89369e+14	0.00183061	5.91549
1.89494e+14	0.00195441	6.15336
1.89619e+14	0.00206483	6.38849
1.89744e+14	0.0021614	6.62143
1.89869e+14	0.00224381	6.85252
1.89993e+14	0.00231185	7.08201
1.90118e+14	0.00236543	7.31007
1.90243e+14	0.00240455	7.53677
1.90368e+14	0.00242931	7.76219
1.90493e+14	0.00243988	7.98631
1.90618e+14	0.00243654	8.20911
1.90743e+14	0.00241964	8.43053
1.90868e+14	0.00238961	8.65048
1.90993e+14	0.00234698	8.86881
1.91118e+14	0.00229233	9.08535
1.91243e+14	0.00222636	9.29986
1.91368e+14	0.00214982	9.51207
1.91492e+14	0.00206357	9.72159
1.91617e+14	0.00196858	9.92794
1.91742e+14	0.0018659	10.1305
1.91867e+14	0.00175673	10.3285
1.91992e+14	0.0016424	10.5208
1.92117e+14	0.00152444	10.706
1.92242e+14	0.00140464	10.8824
1.92367e+14	0.00128515	11.0475
1.92492e+14	0.00116859	11.1982
1.92617e+14	0.00105828	11.3307
1.92742e+14	0.000958432	11.4407
1.92866e+14	0.000874265	11.5246
1.92991e+14	0.000811796	11.5818
1.93116e+14	0.000776793	11.6177
1.93241e+14	0.000772893	11.6451
1.93366e+14	0.000799911	11.6806
1.93491e+14	0.000853866	11.7377
1.93616e+14	0.000928752	11.822
1.93741e+14	0.00101848	11.9332
1.93866e+14	0.00111793	12.0677
1.93991e+14	0.00122316	12.2211
1.94116e+14	0.00133125	12.3896
1.94241e+14	0.00144006	12.5699
1.94365e+14	0.00154801	12.7596
1.9449e+14	0.00165389	12.9568
1.94615e+14	0.00175678	13.1598
1.9474e+14	0.00185596	13.3677
1.94865e+14	0.00195082	13.5796
1.9499e+14	0.00204088	13.7946
1.95115e+14	0.00212571	14.0123
1.9524e+14	0.00220493	14.2323
1.95365e+14	0.00227822	14.4541
1.9549e+14	0.00234527	14.6776
1.95615e+14	0.00240581	14.9024
1.95739e+14	0.00245961	15.1284
1.95864e+14	0.00250642	15.3554
1.95989e+14	0.00254608	15.5833
1.96114e+14	0.0025784	15.812
1.96239e+14	0.00260327	16.0414
1.96364e+14	0.00262059	16.2714
1.96489e+14	0.00263029	16.5021
1.96614e+14	0.00263235	16.7333
1.96739e+14	0.00262678	16.965
1.96864e+14	0.00261363	17.1971
1.96989e+14	0.00259297	17.4297
1.97114e+14	0.00256491	17.6627
1.97238e+14	0.00252959	17.8961
1.97363e+14	0.00248715	18.1297
1.97488e+14	0.00243776	18.3636
1.97613e+14	0.0023816	18.5978
1.97738e+14	0.00231885	18.8321
1.97863e+14	0.0022497	19.0664
1.97988e+14	0.00217433	19.3008
1.98113e+14	0.00209291	19.535
1.98238e+14	0.0020056	19.7691
1.98363e+14	0.00191258	20.0029
1.98488e+14	0.00181401	20.2363
1.98613e+14	0.00171004	20.4691
1.98737e+14	0.00160084	20.7013
1.98862e+14	0.00148661	20.9327
1.98987e+14	0.00136754	21.163
1.99112e+14	0.00124388	21.3921
1.99237e+14	0.00111591	21.6196
1.99362e+14	0.000983964	21.8452
1.99487e+14	0.000848436	22.0683
1.99612e+14	0.000709796	22.2876
1.99737e+14	0.000568604	22.5012
1.99862e+14	0.000425548	22.704
('port 4',TE,1,'port 4',1,'transmission')
(101,3)
1.8737e+14	0.00114729	-3.03427
1.87495e+14	0.000942578	-2.86446
1.8762e+14	0.000733699	-2.69525
1.87745e+14	0.000525928	-2.52725
1.8787e+14	0.000324463	-2.36235
1.87995e+14	0.000134305	-2.21221
1.8812e+14	4.03241e-05	-5.03668
1.88245e+14	0.000194318	-4.95725
1.8837e+14	0.000324773	-4.7979
1.88495e+14	0.000428532	-4.63327
1.88619e+14	0.000503308	-4.46786
1.88744e+14	0.000547581	-4.30311
1.88869e+14	0.000560624	-4.14009
1.88994e+14	0.000542523	-3.98019
1.89119e+14	0.000494179	-3.82591
1.89244e+14	0.000417339	-3.68267
1.89369e+14	0.000314752	-3.5653
1.89494e+14	0.000191301	-3.53347
1.89619e+14	7.19595e-05	-4.132
1.89744e+14	0.00014769	-5.53804
1.89869e+14	0.000316338	-5.61387
1.89993e+14	0.000498459	-5.51819
1.90118e+14	0.00068508	-5.3821
1.90243e+14	0.00087086	-5.23044
1.90368e+14	0.00105115	-5.07112
1.90493e+14	0.00122169	-4.90746
1.90618e+14	0.00137864	-4.74105
1.90743e+14	0.00151861	-4.57278
1.90868e+14	0.00163878	-4.40315
1.90993e+14	0.0017369	-4.23248
1.91118e+14	0.00181139	-4.06097
1.91243e+14	0.00186131	-3.88876
1.91368e+14	0.00188645	-3.71591
1.91492e+14	0.00188727	-3.54248
1.91617e+14	0.00186489	-3.3685
1.91742e+14	0.00182104	-3.19395
1.91867e+14	0.00175803	-3.01884
1.91992e+14	0.00167866	-2.84312
1.92117e+14	0.00158615	-2.66676
1.92242e+14	0.00148403	-2.4897
1.92367e+14	0.00137604	-2.3119
1.92492e+14	0.00126604	-2.1333
1.92617e+14	0.00115791	-1.95392
1.92742e+14	0.00105541	-1.77381
1.92866e+14	0.000962095	-1.59316
1.92991e+14	0.000881222	-1.41235
1.93116e+14	0.000815649	-1.23195
1.93241e+14	0.000767768	-1.05277
1.93366e+14	0.000739441	-0.875633
1.93491e+14	0.000731964	-0.701169
1.93616e+14	0.00074604	-0.529531
1.93741e+14	0.000781763	-0.360309
1.93866e+14	0.000838609	-0.192694
1.93991e+14	0.000915438	-0.0257693
1.94116e+14	0.00101052	0.141234
1.94241e+14	0.00112157	0.308832
1.94365e+14	0.00124581	0.477292
1.9449e+14	0.00138006	0.646704
1.94615e+14	0.00152079	0.817047
1.9474e+14	0.00166423	0.988248
1.94865e+14	0.00180647	1.16021
1.9499e+14	0.00194356	1.33284
1.95115e+14	0.00207158	1.50604
1.9524e+14	0.00218679	1.67975
1.95365e+14	0.00228567	1.85389
1.9549e+14	0.00236504	2.02841
1.95615e+14	0.00242213	2.20328
1.95739e+14	0.00245466	2.37845
1.95864e+14	0.00246087	2.5539
1.95989e+14	0.00243958	2.72961
1.96114e+14	0.00239024	2.90557
1.96239e+14	0.00231289	3.08178
1.96364e+14	0.00220822	3.25824
1.96489e+14	0.00207753	3.43497
1.96614e+14	0.00192268	3.61199
1.96739e+14	0.00174608	3.78937
1.96864e+14	0.00155063	3.96718
1.96989e+14	0.00133963	4.14561
1.97114e+14	0.00111674	4.32494
1.97238e+14	0.000885848	4.50583
1.97363e+14	0.00065105	4.68983
1.97488e+14	0.000416533	4.88187
1.97613e+14	0.000186674	5.11053
1.97738e+14	4.0074e-05	7.88605
1.97863e+14	0.000246473	8.44218
1.97988e+14	0.000440247	8.65054
1.98113e+14	0.000615288	8.83905
1.98238e+14	0.000768716	9.02199
1.98363e+14	0.000898228	9.20257
1.98488e+14	0.00100207	9.38191
1.98613e+14	0.00107905	9.56048
1.98737e+14	0.00112856	9.73852
1.98862e+14	0.00115059	9.91611
1.98987e+14	0.0011457	10.0933
1.99112e+14	0.00111502	10.27
1.99237e+14	0.00106019	10.4463
1.99362e+14	0.000983348	10.6218
1.99487e+14	0.000887044	10.7964
1.99612e+14	0.000774193	10.9695
1.99737e+14	0.000647998	11.1402
1.99862e+14	0.000511879	11.3064
