('port 1',TE,1,'port 1',1,'transmission')
(101,3)
1.8737e+14	0.000288327	-3.03509
1.87495e+14	0.000278777	-3.05721
1.8762e+14	0.000270007	-3.07925
1.87745e+14	0.000261954	-3.10086
1.8787e+14	0.000254544	-3.12166
1.87995e+14	0.000247697	-3.14133
1.8812e+14	0.000241325	-3.15953
1.88245e+14	0.000235339	-3.176
1.8837e+14	0.000229648	-3.19048
1.88495e+14	0.000224166	-3.20279
1.88619e+14	0.000218807	-3.21275
1.88744e+14	0.000213493	-3.22026
1.88869e+14	0.000208153	-3.22522
1.88994e+14	0.000202723	-3.22759
1.89119e+14	0.000197146	-3.22732
1.89244e+14	0.000191376	-3.22438
1.89369e+14	0.000185375	-3.21875
1.89494e+14	0.000179113	-3.21041
1.89619e+14	0.000172568	-3.19932
1.89744e+14	0.000165728	-3.18541
1.89869e+14	0.000158588	-3.1686
1.89993e+14	0.000151149	-3.14874
1.90118e+14	0.000143421	-3.12563
1.90243e+14	0.00013542	-3.09899
1.90368e+14	0.000127171	-3.06844
1.90493e+14	0.000118703	-3.03342
1.90618e+14	0.000110057	-2.99319
1.90743e+14	0.000101282	-2.9467
1.90868e+14	9.24377e-05	-2.8925
1.90993e+14	8.36025e-05	-2.82852
1.91118e+14	7.4877e-05	-2.75185
1.91243e+14	6.63968e-05	-2.6583
1.91368e+14	5.83522e-05	-2.54199
1.91492e+14	5.10172e-05	-2.3951
1.91617e+14	4.4785e-05	-2.20877
1.91742e+14	4.01825e-05	-1.97734
1.91867e+14	3.77794e-05	-1.70761
1.91992e+14	3.79257e-05	-1.42564
1.92117e+14	4.04929e-05	-1.16527
1.92242e+14	4.4948e-05	-0.946802
1.92367e+14	5.06647e-05	-0.772072
1.92492e+14	5.713e-05	-0.633665
1.92617e+14	6.39811e-05	-0.522783
1.92742e+14	7.09727e-05	-0.432177
1.92866e+14	7.79373e-05	-0.356529
1.92991e+14	8.4758e-05	-0.292076
1.93116e+14	9.13499e-05	-0.236178
1.93241e+14	9.76502e-05	-0.186966
1.93366e+14	0.000103611	-0.14311
1.93491e+14	0.000109195	-0.103648
1.93616e+14	0.000114375	-0.0678807
1.93741e+14	0.000119129	-0.0352975
1.93866e+14	0.000123443	-0.0055249
1.93991e+14	0.000127306	0.0217082
1.94116e+14	0.000130714	0.0465952
1.94241e+14	0.000133667	0.0692689
1.94365e+14	0.000136168	0.0898151
1.9449e+14	0.000138226	0.108281
1.94615e+14	0.000139853	0.124685
1.9474e+14	0.000141066	0.139017
1.94865e+14	0.000141886	0.151251
1.9499e+14	0.000142335	0.161343
1.95115e+14	0.000142444	0.169235
1.9524e+14	0.000142242	0.174866
1.95365e+14	0.000141766	0.178167
1.9549e+14	0.000141054	0.179073
1.95615e+14	0.000140146	0.177525
1.95739e+14	0.000139087	0.173479
1.95864e+14	0.000137922	0.166911
1.95989e+14	0.000136698	0.157824
1.96114e+14	0.000135463	0.146261
1.96239e+14	0.000134264	0.132306
1.96364e+14	0.000133145	0.116096
1.96489e+14	0.00013215	0.0978253
1.96614e+14	0.000131316	0.0777435
1.96739e+14	0.000130676	0.0561578
1.96864e+14	0.000130256	0.0334247
1.96989e+14	0.000130074	0.00993954
1.97114e+14	0.000130139	-0.0138785
1.97238e+14	0.000130452	-0.0376031
1.97363e+14	0.000131004	-0.0608191
1.97488e+14	0.000131778	-0.0831397
1.97613e+14	0.00013275	-0.10422
1.97738e+14	0.000133888	-0.123769
1.97863e+14	0.000135155	-0.141553
1.97988e+14	0.000136511	-0.157398
1.98113e+14	0.000137912	-0.171191
1.98238e+14	0.000139313	-0.18287
1.98363e+14	0.00014067	-0.19242
1.98488e+14	0.000141938	-0.199865
1.98613e+14	0.000143074	-0.20526
1.98737e+14	0.000144035	-0.208687
1.98862e+14	0.000144785	-0.210243
1.98987e+14	0.000145286	-0.21004
1.99112e+14	0.000145506	-0.208197
1.99237e+14	0.000145416	-0.204839
1.99362e+14	0.000144989	-0.200092
1.99487e+14	0.000144203	-0.194085
1.99612e+14	0.000143038	-0.186944
1.99737e+14	0.00014148	-0.178795
1.99862e+14	0.000139515	-0.169764
('port 2',TE,1,'port 1',1,'transmission')
(101,3)
1.8737e+14	6.60168e-05	0.568181
1.87495e+14	5.88666e-05	0.539687
1.8762e+14	5.2459e-05	0.494647
1.87745e+14	4.69139e-05	0.430309
1.8787e+14	4.23661e-05	0.345082
1.87995e+14	3.8946e-05	0.240136
1.8812e+14	3.67414e-05	0.120991
1.88245e+14	3.57513e-05	-0.00250221
1.8837e+14	3.5861e-05	-0.118859
1.88495e+14	3.68624e-05	-0.218893
1.88619e+14	3.85083e-05	-0.297945
1.88744e+14	4.05636e-05	-0.355473
1.88869e+14	4.28333e-05	-0.393363
1.88994e+14	4.51682e-05	-0.41442
1.89119e+14	4.74591e-05	-0.421473
1.89244e+14	4.96287e-05	-0.416999
1.89369e+14	5.1623e-05	-0.403023
1.89494e+14	5.34056e-05	-0.381149
1.89619e+14	5.49526e-05	-0.352619
1.89744e+14	5.62496e-05	-0.318384
1.89869e+14	5.72891e-05	-0.279165
1.89993e+14	5.80694e-05	-0.235501
1.90118e+14	5.8593e-05	-0.187783
1.90243e+14	5.88662e-05	-0.136282
1.90368e+14	5.88981e-05	-0.0811726
1.90493e+14	5.87007e-05	-0.0225428
1.90618e+14	5.82883e-05	0.039592
1.90743e+14	5.76777e-05	0.105283
1.90868e+14	5.68879e-05	0.174641
1.90993e+14	5.59402e-05	0.247833
1.91118e+14	5.48584e-05	0.325077
1.91243e+14	5.36687e-05	0.406635
1.91368e+14	5.24004e-05	0.492802
1.91492e+14	5.10853e-05	0.583894
1.91617e+14	4.97584e-05	0.680227
1.91742e+14	4.84577e-05	0.782079
1.91867e+14	4.7224e-05	0.889652
1.91992e+14	4.61005e-05	1.00301
1.92117e+14	4.51315e-05	1.12203
1.92242e+14	4.43613e-05	1.2463
1.92367e+14	4.38316e-05	1.37512
1.92492e+14	4.35792e-05	1.50745
1.92617e+14	4.36333e-05	1.64196
1.92742e+14	4.40133e-05	1.77714
1.92866e+14	4.47272e-05	1.9114
1.92991e+14	4.57717e-05	2.04327
1.93116e+14	4.71335e-05	2.17149
1.93241e+14	4.87908e-05	2.29513
1.93366e+14	5.07163e-05	2.41358
1.93491e+14	5.28794e-05	2.52653
1.93616e+14	5.52485e-05	2.63394
1.93741e+14	5.77924e-05	2.73595
1.93866e+14	6.04814e-05	2.83283
1.93991e+14	6.32879e-05	2.92493
1.94116e+14	6.61868e-05	3.01263
1.94241e+14	6.91554e-05	3.09631
1.94365e+14	7.21736e-05	3.17635
1.9449e+14	7.52232e-05	3.25311
1.94615e+14	7.82884e-05	3.3269
1.9474e+14	8.13549e-05	3.39802
1.94865e+14	8.44102e-05	3.46676
1.9499e+14	8.74433e-05	3.53334
1.95115e+14	9.04442e-05	3.59797
1.9524e+14	9.34043e-05	3.66087
1.95365e+14	9.63157e-05	3.72219
1.9549e+14	9.91716e-05	3.78209
1.95615e+14	0.000101966	3.8407
1.95739e+14	0.000104692	3.89816
1.95864e+14	0.000107346	3.95458
1.95989e+14	0.000109923	4.01005
1.96114e+14	0.000112419	4.06467
1.96239e+14	0.000114829	4.11852
1.96364e+14	0.00011715	4.17169
1.96489e+14	0.000119379	4.22424
1.96614e+14	0.000121512	4.27624
1.96739e+14	0.000123545	4.32775
1.96864e+14	0.000125476	4.37883
1.96989e+14	0.000127301	4.42953
1.97114e+14	0.000129017	4.47991
1.97238e+14	0.00013062	4.53001
1.97363e+14	0.000132108	4.57989
1.97488e+14	0.000133476	4.62958
1.97613e+14	0.000134721	4.67913
1.97738e+14	0.000135838	4.72858
1.97863e+14	0.000136825	4.77797
1.97988e+14	0.000137676	4.82733
1.98113e+14	0.000138388	4.87672
1.98238e+14	0.000138956	4.92615
1.98363e+14	0.000139375	4.97568
1.98488e+14	0.000139641	5.02533
1.98613e+14	0.000139748	5.07515
1.98737e+14	0.000139691	5.12517
1.98862e+14	0.000139466	5.17543
1.98987e+14	0.000139067	5.22597
1.99112e+14	0.00013849	5.27682
1.99237e+14	0.000137728	5.32804
1.99362e+14	0.000136776	5.37966
1.99487e+14	0.00013563	5.43173
1.99612e+14	0.000134285	5.48431
1.99737e+14	0.000132736	5.53745
1.99862e+14	0.000130978	5.59121
('port 3',TE,1,'port 1',1,'transmission')
(101,3)
1.8737e+14	0.992165	1.44981
1.87495e+14	0.992231	1.51563
1.8762e+14	0.992297	1.58146
1.87745e+14	0.992362	1.64728
1.8787e+14	0.992426	1.7131
1.87995e+14	0.99249	1.77892
1.8812e+14	0.992553	1.84475
1.88245e+14	0.992616	1.91057
1.8837e+14	0.992677	1.97639
1.88495e+14	0.992739	2.04222
1.88619e+14	0.992799	2.10804
1.88744e+14	0.992859	2.17386
1.88869e+14	0.992918	2.23969
1.88994e+14	0.992977	2.30551
1.89119e+14	0.993035	2.37134
1.89244e+14	0.993093	2.43716
1.89369e+14	0.99315	2.50299
1.89494e+14	0.993206	2.56881
1.89619e+14	0.993262	2.63464
1.89744e+14	0.993317	2.70046
1.89869e+14	0.993372	2.76629
1.89993e+14	0.993426	2.83211
1.90118e+14	0.993479	2.89794
1.90243e+14	0.993532	2.96376
1.90368e+14	0.993585	3.02959
1.90493e+14	0.993637	3.09542
1.90618e+14	0.993688	3.16124
1.90743e+14	0.993739	3.22707
1.90868e+14	0.99379	3.2929
1.90993e+14	0.993839	3.35873
1.91118e+14	0.993889	3.42455
1.91243e+14	0.993938	3.49038
1.91368e+14	0.993986	3.55621
1.91492e+14	0.994034	3.62204
1.91617e+14	0.994081	3.68787
1.91742e+14	0.994128	3.7537
1.91867e+14	0.994175	3.81952
1.91992e+14	0.994221	3.88535
1.92117e+14	0.994266	3.95118
1.92242e+14	0.994311	4.01701
1.92367e+14	0.994356	4.08284
1.92492e+14	0.9944	4.14867
1.92617e+14	0.994443	4.21451
1.92742e+14	0.994486	4.28034
1.92866e+14	0.994529	4.34617
1.92991e+14	0.994571	4.412
1.93116e+14	0.994613	4.47783
1.93241e+14	0.994654	4.54366
1.93366e+14	0.994695	4.6095
1.93491e+14	0.994735	4.67533
1.93616e+14	0.994775	4.74116
1.93741e+14	0.994814	4.80699
1.93866e+14	0.994853	4.87283
1.93991e+14	0.994891	4.93866
1.94116e+14	0.994929	5.0045
1.94241e+14	0.994967	5.07033
1.94365e+14	0.995004	5.13616
1.9449e+14	0.99504	5.202
1.94615e+14	0.995076	5.26784
1.9474e+14	0.995112	5.33367
1.94865e+14	0.995147	5.39951
1.9499e+14	0.995182	5.46534
1.95115e+14	0.995216	5.53118
1.9524e+14	0.99525	5.59702
1.95365e+14	0.995283	5.66286
1.9549e+14	0.995316	5.7287
1.95615e+14	0.995348	5.79453
1.95739e+14	0.99538	5.86037
1.95864e+14	0.995411	5.92621
1.95989e+14	0.995442	5.99205
1.96114e+14	0.995472	6.05789
1.96239e+14	0.995502	6.12373
1.96364e+14	0.995532	6.18958
1.96489e+14	0.99556	6.25542
1.96614e+14	0.995589	6.32126
1.96739e+14	0.995617	6.3871
1.96864e+14	0.995644	6.45295
1.96989e+14	0.995672	6.51879
1.97114e+14	0.995698	6.58464
1.97238e+14	0.995724	6.65048
1.97363e+14	0.99575	6.71633
1.97488e+14	0.995775	6.78218
1.97613e+14	0.9958	6.84802
1.97738e+14	0.995824	6.91387
1.97863e+14	0.995848	6.97972
1.97988e+14	0.995871	7.04557
1.98113e+14	0.995894	7.11142
1.98238e+14	0.995917	7.17727
1.98363e+14	0.995939	7.24312
1.98488e+14	0.995961	7.30897
1.98613e+14	0.995982	7.37483
1.98737e+14	0.996003	7.44068
1.98862e+14	0.996023	7.50654
1.98987e+14	0.996043	7.57239
1.99112e+14	0.996063	7.63825
1.99237e+14	0.996082	7.7041
1.99362e+14	0.996101	7.76996
1.99487e+14	0.99612	7.83582
1.99612e+14	0.996138	7.90168
1.99737e+14	0.996156	7.96754
1.99862e+14	0.996173	8.0334
('port 4',TE,1,'port 1',1,'transmission')
(101,3)
1.8737e+14	0.123402	-2.38672
1.87495e+14	0.122892	-2.30196
1.8762e+14	0.122384	-2.21719
1.87745e+14	0.121879	-2.13243
1.8787e+14	0.121376	-2.04767
1.87995e+14	0.120875	-1.96291
1.8812e+14	0.120377	-1.87815
1.88245e+14	0.11988	-1.79339
1.8837e+14	0.119386	-1.70863
1.88495e+14	0.118895	-1.62387
1.88619e+14	0.118405	-1.53911
1.88744e+14	0.117918	-1.45435
1.88869e+14	0.117433	-1.36958
1.88994e+14	0.11695	-1.28482
1.89119e+14	0.116469	-1.20006
1.89244e+14	0.11599	-1.1153
1.89369e+14	0.115514	-1.03054
1.89494e+14	0.11504	-0.945774
1.89619e+14	0.114567	-0.861011
1.89744e+14	0.114097	-0.776247
1.89869e+14	0.113629	-0.691483
1.89993e+14	0.113163	-0.606718
1.90118e+14	0.112699	-0.521952
1.90243e+14	0.112237	-0.437186
1.90368e+14	0.111777	-0.352419
1.90493e+14	0.111319	-0.267651
1.90618e+14	0.110864	-0.182883
1.90743e+14	0.11041	-0.098113
1.90868e+14	0.109958	-0.0133423
1.90993e+14	0.109508	0.0714294
1.91118e+14	0.10906	0.156202
1.91243e+14	0.108615	0.240976
1.91368e+14	0.108171	0.325752
1.91492e+14	0.107729	0.410528
1.91617e+14	0.107289	0.495307
1.91742e+14	0.106851	0.580086
1.91867e+14	0.106415	0.664867
1.91992e+14	0.105981	0.74965
1.92117e+14	0.105549	0.834435
1.92242e+14	0.105118	0.919221
1.92367e+14	0.10469	1.00401
1.92492e+14	0.104264	1.0888
1.92617e+14	0.103839	1.17359
1.92742e+14	0.103417	1.25838
1.92866e+14	0.102996	1.34318
1.92991e+14	0.102577	1.42798
1.93116e+14	0.10216	1.51278
1.93241e+14	0.101745	1.59758
1.93366e+14	0.101332	1.68239
1.93491e+14	0.100921	1.76719
1.93616e+14	0.100512	1.852
1.93741e+14	0.100105	1.93681
1.93866e+14	0.0996995	2.02163
1.93991e+14	0.099296	2.10644
1.94116e+14	0.0988944	2.19126
1.94241e+14	0.0984946	2.27608
1.94365e+14	0.0980968	2.36091
1.9449e+14	0.0977009	2.44573
1.94615e+14	0.0973069	2.53056
1.9474e+14	0.0969148	2.61539
1.94865e+14	0.0965246	2.70022
1.9499e+14	0.0961362	2.78506
1.95115e+14	0.0957498	2.8699
1.9524e+14	0.0953653	2.95474
1.95365e+14	0.0949826	3.03958
1.9549e+14	0.0946018	3.12442
1.95615e+14	0.0942229	3.20927
1.95739e+14	0.0938459	3.29412
1.95864e+14	0.0934708	3.37897
1.95989e+14	0.0930975	3.46382
1.96114e+14	0.0927261	3.54867
1.96239e+14	0.0923566	3.63353
1.96364e+14	0.091989	3.71839
1.96489e+14	0.0916232	3.80325
1.96614e+14	0.0912592	3.88811
1.96739e+14	0.0908971	3.97297
1.96864e+14	0.0905368	4.05783
1.96989e+14	0.0901784	4.1427
1.97114e+14	0.0898218	4.22756
1.97238e+14	0.089467	4.31243
1.97363e+14	0.089114	4.3973
1.97488e+14	0.0887628	4.48217
1.97613e+14	0.0884133	4.56703
1.97738e+14	0.0880657	4.6519
1.97863e+14	0.0877198	4.73677
1.97988e+14	0.0873756	4.82164
1.98113e+14	0.0870332	4.90651
1.98238e+14	0.0866925	4.99138
1.98363e+14	0.0863536	5.07625
1.98488e+14	0.0860163	5.16112
1.98613e+14	0.0856807	5.24599
1.98737e+14	0.0853467	5.33086
1.98862e+14	0.0850144	5.41573
1.98987e+14	0.0846837	5.5006
1.99112e+14	0.0843547	5.58546
1.99237e+14	0.0840272	5.67033
1.99362e+14	0.0837013	5.7552
1.99487e+14	0.083377	5.84006
1.99612e+14	0.0830542	5.92492
1.99737e+14	0.082733	6.00979
1.99862e+14	0.0824132	6.09465
('port 1',TE,1,'port 2',1,'transmission')
(101,3)
1.8737e+14	0.000464193	-2.86104
1.87495e+14	0.000457178	-2.74045
1.8762e+14	0.000449471	-2.61882
1.87745e+14	0.000441166	-2.496
1.8787e+14	0.000432361	-2.37182
1.87995e+14	0.000423161	-2.24614
1.8812e+14	0.000413673	-2.1188
1.88245e+14	0.00040401	-1.98968
1.8837e+14	0.000394282	-1.85866
1.88495e+14	0.000384603	-1.72566
1.88619e+14	0.000375086	-1.59061
1.88744e+14	0.000365838	-1.4535
1.88869e+14	0.000356962	-1.31434
1.88994e+14	0.000348553	-1.1732
1.89119e+14	0.000340697	-1.03021
1.89244e+14	0.000333467	-0.885557
1.89369e+14	0.000326918	-0.739473
1.89494e+14	0.000321092	-0.592255
1.89619e+14	0.000316012	-0.44424
1.89744e+14	0.000311679	-0.295795
1.89869e+14	0.000308076	-0.147303
1.89993e+14	0.000305169	0.000854897
1.90118e+14	0.000302907	0.148319
1.90243e+14	0.000301222	0.294765
1.90368e+14	0.000300039	0.439915
1.90493e+14	0.000299272	0.583548
1.90618e+14	0.000298832	0.725502
1.90743e+14	0.000298626	0.865676
1.90868e+14	0.000298566	1.00403
1.90993e+14	0.000298564	1.14056
1.91118e+14	0.00029854	1.27533
1.91243e+14	0.000298418	1.40842
1.91368e+14	0.000298132	1.53996
1.91492e+14	0.000297624	1.6701
1.91617e+14	0.000296846	1.79899
1.91742e+14	0.000295756	1.92683
1.91867e+14	0.000294324	2.0538
1.91992e+14	0.000292528	2.18011
1.92117e+14	0.000290354	2.30596
1.92242e+14	0.000287799	2.43158
1.92367e+14	0.000284865	2.55717
1.92492e+14	0.000281565	2.68297
1.92617e+14	0.000277918	2.80919
1.92742e+14	0.00027395	2.93607
1.92866e+14	0.000269696	3.06384
1.92991e+14	0.000265196	3.19271
1.93116e+14	0.000260499	3.32292
1.93241e+14	0.000255657	3.45468
1.93366e+14	0.000250731	3.5882
1.93491e+14	0.000245785	3.72366
1.93616e+14	0.000240888	3.86122
1.93741e+14	0.000236114	4.00103
1.93866e+14	0.000231536	4.14315
1.93991e+14	0.00022723	4.28763
1.94116e+14	0.000223271	4.43442
1.94241e+14	0.000219728	4.5834
1.94365e+14	0.000216666	4.73439
1.9449e+14	0.000214141	4.8871
1.94615e+14	0.000212195	5.04119
1.9474e+14	0.000210859	5.19623
1.94865e+14	0.000210147	5.35175
1.9499e+14	0.000210056	5.50727
1.95115e+14	0.000210567	5.66231
1.9524e+14	0.000211645	5.81643
1.95365e+14	0.00021324	5.96922
1.9549e+14	0.00021529	6.12037
1.95615e+14	0.000217722	6.26965
1.95739e+14	0.00022046	6.41689
1.95864e+14	0.000223421	6.56202
1.95989e+14	0.000226521	6.70505
1.96114e+14	0.000229677	6.84603
1.96239e+14	0.000232809	6.98509
1.96364e+14	0.000235841	7.12237
1.96489e+14	0.0002387	7.25808
1.96614e+14	0.000241322	7.39243
1.96739e+14	0.000243648	7.52566
1.96864e+14	0.000245627	7.65802
1.96989e+14	0.000247215	7.78978
1.97114e+14	0.000248378	7.9212
1.97238e+14	0.000249089	8.05258
1.97363e+14	0.000249332	8.1842
1.97488e+14	0.0002491	8.31636
1.97613e+14	0.000248396	8.44938
1.97738e+14	0.000247236	8.58357
1.97863e+14	0.000245647	8.71927
1.97988e+14	0.000243669	8.85682
1.98113e+14	0.000241354	8.99654
1.98238e+14	0.000238771	9.13879
1.98363e+14	0.000236003	9.2839
1.98488e+14	0.00023315	9.43217
1.98613e+14	0.000230325	9.58387
1.98737e+14	0.000227658	9.73918
1.98862e+14	0.000225293	9.8982
1.98987e+14	0.000223381	10.0609
1.99112e+14	0.000222081	10.2271
1.99237e+14	0.00022155	10.3963
1.99362e+14	0.000221938	10.5681
1.99487e+14	0.000223374	10.7416
1.99612e+14	0.000225966	10.9158
1.99737e+14	0.000229784	11.0898
1.99862e+14	0.000234865	11.2626
('port 2',TE,1,'port 2',1,'transmission')
(101,3)
1.8737e+14	2.91678e-05	1.06435
1.87495e+14	6.42055e-05	1.14522
1.8762e+14	9.77392e-05	1.23766
1.87745e+14	0.000129635	1.33347
1.8787e+14	0.000159778	1.43135
1.87995e+14	0.000188072	1.531
1.8812e+14	0.000214441	1.63234
1.88245e+14	0.000238831	1.73542
1.8837e+14	0.000261208	1.84033
1.88495e+14	0.000281563	1.94717
1.88619e+14	0.000299914	2.05609
1.88744e+14	0.000316301	2.16724
1.88869e+14	0.000330793	2.28078
1.88994e+14	0.000343488	2.39685
1.89119e+14	0.000354509	2.51562
1.89244e+14	0.000364009	2.63724
1.89369e+14	0.000372169	2.76183
1.89494e+14	0.000379193	2.88948
1.89619e+14	0.000385309	3.02024
1.89744e+14	0.000390766	3.1541
1.89869e+14	0.000395825	3.29095
1.89993e+14	0.000400753	3.43061
1.90118e+14	0.000405816	3.5728
1.90243e+14	0.000411265	3.7171
1.90368e+14	0.000417328	3.86303
1.90493e+14	0.000424201	4.00999
1.90618e+14	0.000432032	4.15734
1.90743e+14	0.000440918	4.30441
1.90868e+14	0.0004509	4.45054
1.90993e+14	0.000461963	4.59512
1.91118e+14	0.000474035	4.73761
1.91243e+14	0.000486994	4.87758
1.91368e+14	0.000500677	5.01469
1.91492e+14	0.000514888	5.14871
1.91617e+14	0.000529404	5.27952
1.91742e+14	0.000543985	5.40705
1.91867e+14	0.000558383	5.53132
1.91992e+14	0.000572346	5.6524
1.92117e+14	0.000585624	5.77039
1.92242e+14	0.000597974	5.88539
1.92367e+14	0.000609165	5.99755
1.92492e+14	0.000618976	6.10699
1.92617e+14	0.000627203	6.21385
1.92742e+14	0.000633658	6.31825
1.92866e+14	0.000638173	6.42029
1.92991e+14	0.000640598	6.52006
1.93116e+14	0.000640803	6.61764
1.93241e+14	0.00063868	6.71307
1.93366e+14	0.000634142	6.80638
1.93491e+14	0.000627124	6.89756
1.93616e+14	0.000617586	6.98659
1.93741e+14	0.000605508	7.07339
1.93866e+14	0.000590897	7.15784
1.93991e+14	0.000573782	7.23978
1.94116e+14	0.000554221	7.31897
1.94241e+14	0.000532297	7.39507
1.94365e+14	0.000508124	7.46765
1.9449e+14	0.000481849	7.53612
1.94615e+14	0.00045366	7.59967
1.9474e+14	0.000423788	7.6572
1.94865e+14	0.000392529	7.70723
1.9499e+14	0.000360258	7.74766
1.95115e+14	0.000327468	7.77559
1.9524e+14	0.000294822	7.78695
1.95365e+14	0.000263245	7.77616
1.9549e+14	0.000234053	7.73606
1.95615e+14	0.000209099	7.65887
1.95739e+14	0.000190822	7.5403
1.95864e+14	0.000181855	7.38722
1.95989e+14	0.000183949	7.22282
1.96114e+14	0.000196899	7.07693
1.96239e+14	0.000218729	6.96841
1.96364e+14	0.000246874	6.90017
1.96489e+14	0.000279088	6.86627
1.96614e+14	0.000313687	6.85886
1.96739e+14	0.000349468	6.87117
1.96864e+14	0.000385565	6.89803
1.96989e+14	0.000421332	6.93572
1.97114e+14	0.000456272	6.98154
1.97238e+14	0.000489984	7.03355
1.97363e+14	0.000522138	7.09034
1.97488e+14	0.000552454	7.15084
1.97613e+14	0.00058069	7.21426
1.97738e+14	0.000606638	7.27998
1.97863e+14	0.000630117	7.34751
1.97988e+14	0.000650972	7.41647
1.98113e+14	0.000669068	7.48653
1.98238e+14	0.000684295	7.55743
1.98363e+14	0.000696563	7.62894
1.98488e+14	0.000705802	7.70086
1.98613e+14	0.000711961	7.773
1.98737e+14	0.000715014	7.84519
1.98862e+14	0.000714949	7.91727
1.98987e+14	0.000711779	7.98906
1.99112e+14	0.000705534	8.06039
1.99237e+14	0.000696266	8.13107
1.99362e+14	0.000684046	8.2009
1.99487e+14	0.000668968	8.26965
1.99612e+14	0.000651146	8.33704
1.99737e+14	0.000630716	8.40276
1.99862e+14	0.000607837	8.46644
('port 3',TE,1,'port 2',1,'transmission')
(101,3)
1.8737e+14	0.122822	0.631974
1.87495e+14	0.122312	0.716656
1.8762e+14	0.121805	0.801338
1.87745e+14	0.1213	0.886022
1.8787e+14	0.120797	0.970706
1.87995e+14	0.120297	1.05539
1.8812e+14	0.119799	1.14008
1.88245e+14	0.119303	1.22476
1.8837e+14	0.118809	1.30945
1.88495e+14	0.118318	1.39414
1.88619e+14	0.117829	1.47883
1.88744e+14	0.117343	1.56352
1.88869e+14	0.116858	1.64821
1.88994e+14	0.116376	1.73291
1.89119e+14	0.115896	1.8176
1.89244e+14	0.115419	1.9023
1.89369e+14	0.114943	1.98699
1.89494e+14	0.11447	2.07169
1.89619e+14	0.113999	2.15639
1.89744e+14	0.11353	2.24108
1.89869e+14	0.113063	2.32578
1.89993e+14	0.112599	2.41049
1.90118e+14	0.112136	2.49519
1.90243e+14	0.111676	2.57989
1.90368e+14	0.111218	2.66459
1.90493e+14	0.110762	2.7493
1.90618e+14	0.110309	2.83401
1.90743e+14	0.109857	2.91871
1.90868e+14	0.109407	3.00342
1.90993e+14	0.10896	3.08813
1.91118e+14	0.108515	3.17284
1.91243e+14	0.108072	3.25755
1.91368e+14	0.107631	3.34226
1.91492e+14	0.107192	3.42698
1.91617e+14	0.106755	3.51169
1.91742e+14	0.10632	3.59641
1.91867e+14	0.105887	3.68112
1.91992e+14	0.105457	3.76584
1.92117e+14	0.105028	3.85056
1.92242e+14	0.104602	3.93528
1.92367e+14	0.104177	4.02
1.92492e+14	0.103755	4.10472
1.92617e+14	0.103335	4.18944
1.92742e+14	0.102916	4.27417
1.92866e+14	0.1025	4.35889
1.92991e+14	0.102086	4.44362
1.93116e+14	0.101674	4.52834
1.93241e+14	0.101264	4.61307
1.93366e+14	0.100855	4.6978
1.93491e+14	0.100449	4.78253
1.93616e+14	0.100045	4.86726
1.93741e+14	0.0996426	4.95199
1.93866e+14	0.0992423	5.03672
1.93991e+14	0.0988439	5.12145
1.94116e+14	0.0984475	5.20618
1.94241e+14	0.0980529	5.29091
1.94365e+14	0.0976603	5.37564
1.9449e+14	0.0972696	5.46037
1.94615e+14	0.0968808	5.5451
1.9474e+14	0.0964938	5.62983
1.94865e+14	0.0961087	5.71456
1.9499e+14	0.0957255	5.79929
1.95115e+14	0.0953441	5.88402
1.9524e+14	0.0949646	5.96875
1.95365e+14	0.0945868	6.05348
1.9549e+14	0.0942109	6.13821
1.95615e+14	0.0938367	6.22294
1.95739e+14	0.0934643	6.30766
1.95864e+14	0.0930937	6.39239
1.95989e+14	0.0927248	6.47712
1.96114e+14	0.0923577	6.56184
1.96239e+14	0.0919922	6.64656
1.96364e+14	0.0916284	6.73129
1.96489e+14	0.0912664	6.81601
1.96614e+14	0.0909059	6.90073
1.96739e+14	0.0905471	6.98545
1.96864e+14	0.0901899	7.07017
1.96989e+14	0.0898344	7.15489
1.97114e+14	0.0894803	7.2396
1.97238e+14	0.0891279	7.32432
1.97363e+14	0.088777	7.40903
1.97488e+14	0.0884276	7.49375
1.97613e+14	0.0880796	7.57846
1.97738e+14	0.0877332	7.66317
1.97863e+14	0.0873882	7.74788
1.97988e+14	0.0870447	7.83259
1.98113e+14	0.0867025	7.9173
1.98238e+14	0.0863618	8.00201
1.98363e+14	0.0860224	8.08671
1.98488e+14	0.0856844	8.17142
1.98613e+14	0.0853477	8.25612
1.98737e+14	0.0850123	8.34083
1.98862e+14	0.0846783	8.42553
1.98987e+14	0.0843455	8.51023
1.99112e+14	0.0840141	8.59493
1.99237e+14	0.0836839	8.67963
1.99362e+14	0.0833549	8.76433
1.99487e+14	0.0830272	8.84903
1.99612e+14	0.0827007	8.93373
1.99737e+14	0.0823754	9.01843
1.99862e+14	0.0820514	9.10313
('port 4',TE,1,'port 2',1,'transmission')
(101,3)
1.8737e+14	0.986709	-0.066764
1.87495e+14	0.986796	0.0369083
1.8762e+14	0.986881	0.140581
1.87745e+14	0.986967	0.244255
1.8787e+14	0.987051	0.34793
1.87995e+14	0.987136	0.451606
1.8812e+14	0.987219	0.555282
1.88245e+14	0.987303	0.65896
1.8837e+14	0.987385	0.762638
1.88495e+14	0.987467	0.866317
1.88619e+14	0.987549	0.969996
1.88744e+14	0.98763	1.07368
1.88869e+14	0.987711	1.17736
1.88994e+14	0.987791	1.28104
1.89119e+14	0.987871	1.38472
1.89244e+14	0.98795	1.48841
1.89369e+14	0.988028	1.59209
1.89494e+14	0.988106	1.69578
1.89619e+14	0.988184	1.79946
1.89744e+14	0.988261	1.90315
1.89869e+14	0.988337	2.00684
1.89993e+14	0.988413	2.11052
1.90118e+14	0.988488	2.21421
1.90243e+14	0.988562	2.3179
1.90368e+14	0.988636	2.42159
1.90493e+14	0.98871	2.52528
1.90618e+14	0.988783	2.62897
1.90743e+14	0.988855	2.73266
1.90868e+14	0.988927	2.83636
1.90993e+14	0.988999	2.94005
1.91118e+14	0.989069	3.04374
1.91243e+14	0.98914	3.14744
1.91368e+14	0.98921	3.25113
1.91492e+14	0.989279	3.35482
1.91617e+14	0.989348	3.45852
1.91742e+14	0.989416	3.56222
1.91867e+14	0.989484	3.66591
1.91992e+14	0.989552	3.76961
1.92117e+14	0.989618	3.87331
1.92242e+14	0.989685	3.97701
1.92367e+14	0.989751	4.08071
1.92492e+14	0.989816	4.18441
1.92617e+14	0.989881	4.28811
1.92742e+14	0.989945	4.39181
1.92866e+14	0.990009	4.49551
1.92991e+14	0.990072	4.59921
1.93116e+14	0.990135	4.70292
1.93241e+14	0.990197	4.80662
1.93366e+14	0.990258	4.91033
1.93491e+14	0.990319	5.01403
1.93616e+14	0.990378	5.11774
1.93741e+14	0.990438	5.22145
1.93866e+14	0.990496	5.32516
1.93991e+14	0.990554	5.42887
1.94116e+14	0.99061	5.53258
1.94241e+14	0.990666	5.63629
1.94365e+14	0.990722	5.74
1.9449e+14	0.990776	5.84371
1.94615e+14	0.99083	5.94742
1.9474e+14	0.990883	6.05114
1.94865e+14	0.990935	6.15485
1.9499e+14	0.990986	6.25857
1.95115e+14	0.991037	6.36228
1.9524e+14	0.991086	6.466
1.95365e+14	0.991135	6.56972
1.9549e+14	0.991183	6.67343
1.95615e+14	0.99123	6.77715
1.95739e+14	0.991277	6.88087
1.95864e+14	0.991323	6.98459
1.95989e+14	0.991368	7.08832
1.96114e+14	0.991412	7.19204
1.96239e+14	0.991456	7.29576
1.96364e+14	0.991498	7.39949
1.96489e+14	0.99154	7.50321
1.96614e+14	0.991581	7.60694
1.96739e+14	0.991622	7.71067
1.96864e+14	0.991661	7.8144
1.96989e+14	0.9917	7.91813
1.97114e+14	0.991738	8.02186
1.97238e+14	0.991774	8.1256
1.97363e+14	0.99181	8.22933
1.97488e+14	0.991845	8.33307
1.97613e+14	0.991879	8.4368
1.97738e+14	0.991913	8.54054
1.97863e+14	0.991945	8.64428
1.97988e+14	0.991976	8.74803
1.98113e+14	0.992006	8.85177
1.98238e+14	0.992035	8.95551
1.98363e+14	0.992062	9.05926
1.98488e+14	0.992089	9.16301
1.98613e+14	0.992115	9.26676
1.98737e+14	0.992139	9.37051
1.98862e+14	0.992163	9.47426
1.98987e+14	0.992185	9.57801
1.99112e+14	0.992207	9.68177
1.99237e+14	0.992227	9.78553
1.99362e+14	0.992246	9.88929
1.99487e+14	0.992264	9.99305
1.99612e+14	0.992281	10.0968
1.99737e+14	0.992298	10.2006
1.99862e+14	0.992313	10.3043
('port 1',TE,1,'port 3',1,'transmission')
(101,3)
1.8737e+14	0.992165	1.44981
1.87495e+14	0.992231	1.51563
1.8762e+14	0.992297	1.58146
1.87745e+14	0.992362	1.64728
1.8787e+14	0.992426	1.7131
1.87995e+14	0.99249	1.77892
1.8812e+14	0.992553	1.84475
1.88245e+14	0.992616	1.91057
1.8837e+14	0.992677	1.97639
1.88495e+14	0.992739	2.04222
1.88619e+14	0.992799	2.10804
1.88744e+14	0.992859	2.17386
1.88869e+14	0.992918	2.23969
1.88994e+14	0.992977	2.30551
1.89119e+14	0.993035	2.37134
1.89244e+14	0.993093	2.43716
1.89369e+14	0.99315	2.50299
1.89494e+14	0.993206	2.56881
1.89619e+14	0.993262	2.63464
1.89744e+14	0.993317	2.70046
1.89869e+14	0.993372	2.76629
1.89993e+14	0.993426	2.83211
1.90118e+14	0.993479	2.89794
1.90243e+14	0.993532	2.96376
1.90368e+14	0.993585	3.02959
1.90493e+14	0.993637	3.09542
1.90618e+14	0.993688	3.16124
1.90743e+14	0.993739	3.22707
1.90868e+14	0.99379	3.2929
1.90993e+14	0.993839	3.35873
1.91118e+14	0.993889	3.42455
1.91243e+14	0.993938	3.49038
1.91368e+14	0.993986	3.55621
1.91492e+14	0.994034	3.62204
1.91617e+14	0.994081	3.68787
1.91742e+14	0.994128	3.7537
1.91867e+14	0.994175	3.81952
1.91992e+14	0.994221	3.88535
1.92117e+14	0.994266	3.95118
1.92242e+14	0.994311	4.01701
1.92367e+14	0.994356	4.08284
1.92492e+14	0.9944	4.14867
1.92617e+14	0.994443	4.21451
1.92742e+14	0.994486	4.28034
1.92866e+14	0.994529	4.34617
1.92991e+14	0.994571	4.412
1.93116e+14	0.994613	4.47783
1.93241e+14	0.994654	4.54366
1.93366e+14	0.994695	4.6095
1.93491e+14	0.994735	4.67533
1.93616e+14	0.994775	4.74116
1.93741e+14	0.994814	4.80699
1.93866e+14	0.994853	4.87283
1.93991e+14	0.994891	4.93866
1.94116e+14	0.994929	5.0045
1.94241e+14	0.994967	5.07033
1.94365e+14	0.995004	5.13616
1.9449e+14	0.99504	5.202
1.94615e+14	0.995076	5.26784
1.9474e+14	0.995112	5.33367
1.94865e+14	0.995147	5.39951
1.9499e+14	0.995182	5.46534
1.95115e+14	0.995216	5.53118
1.9524e+14	0.99525	5.59702
1.95365e+14	0.995283	5.66286
1.9549e+14	0.995316	5.7287
1.95615e+14	0.995348	5.79453
1.95739e+14	0.99538	5.86037
1.95864e+14	0.995411	5.92621
1.95989e+14	0.995442	5.99205
1.96114e+14	0.995472	6.05789
1.96239e+14	0.995502	6.12373
1.96364e+14	0.995532	6.18958
1.96489e+14	0.99556	6.25542
1.96614e+14	0.995589	6.32126
1.96739e+14	0.995617	6.3871
1.96864e+14	0.995644	6.45295
1.96989e+14	0.995672	6.51879
1.97114e+14	0.995698	6.58464
1.97238e+14	0.995724	6.65048
1.97363e+14	0.99575	6.71633
1.97488e+14	0.995775	6.78218
1.97613e+14	0.9958	6.84802
1.97738e+14	0.995824	6.91387
1.97863e+14	0.995848	6.97972
1.97988e+14	0.995871	7.04557
1.98113e+14	0.995894	7.11142
1.98238e+14	0.995917	7.17727
1.98363e+14	0.995939	7.24312
1.98488e+14	0.995961	7.30897
1.98613e+14	0.995982	7.37483
1.98737e+14	0.996003	7.44068
1.98862e+14	0.996023	7.50654
1.98987e+14	0.996043	7.57239
1.99112e+14	0.996063	7.63825
1.99237e+14	0.996082	7.7041
1.99362e+14	0.996101	7.76996
1.99487e+14	0.99612	7.83582
1.99612e+14	0.996138	7.90168
1.99737e+14	0.996156	7.96754
1.99862e+14	0.996173	8.0334
('port 2',TE,1,'port 3',1,'transmission')
(101,3)
1.8737e+14	0.123402	0.754875
1.87495e+14	0.122892	0.839637
1.8762e+14	0.122384	0.924398
1.87745e+14	0.121879	1.00916
1.8787e+14	0.121376	1.09392
1.87995e+14	0.120875	1.17868
1.8812e+14	0.120377	1.26344
1.88245e+14	0.11988	1.3482
1.8837e+14	0.119386	1.43296
1.88495e+14	0.118895	1.51772
1.88619e+14	0.118405	1.60249
1.88744e+14	0.117918	1.68725
1.88869e+14	0.117433	1.77201
1.88994e+14	0.11695	1.85677
1.89119e+14	0.116469	1.94153
1.89244e+14	0.11599	2.02629
1.89369e+14	0.115514	2.11106
1.89494e+14	0.11504	2.19582
1.89619e+14	0.114567	2.28058
1.89744e+14	0.114097	2.36535
1.89869e+14	0.113629	2.45011
1.89993e+14	0.113163	2.53487
1.90118e+14	0.112699	2.61964
1.90243e+14	0.112237	2.70441
1.90368e+14	0.111777	2.78917
1.90493e+14	0.111319	2.87394
1.90618e+14	0.110864	2.95871
1.90743e+14	0.11041	3.04348
1.90868e+14	0.109958	3.12825
1.90993e+14	0.109508	3.21302
1.91118e+14	0.10906	3.29779
1.91243e+14	0.108615	3.38257
1.91368e+14	0.108171	3.46734
1.91492e+14	0.107729	3.55212
1.91617e+14	0.107289	3.6369
1.91742e+14	0.106851	3.72168
1.91867e+14	0.106415	3.80646
1.91992e+14	0.105981	3.89124
1.92117e+14	0.105549	3.97603
1.92242e+14	0.105118	4.06081
1.92367e+14	0.10469	4.1456
1.92492e+14	0.104264	4.23039
1.92617e+14	0.103839	4.31518
1.92742e+14	0.103417	4.39998
1.92866e+14	0.102996	4.48477
1.92991e+14	0.102577	4.56957
1.93116e+14	0.10216	4.65437
1.93241e+14	0.101745	4.73917
1.93366e+14	0.101332	4.82398
1.93491e+14	0.100921	4.90879
1.93616e+14	0.100512	4.99359
1.93741e+14	0.100105	5.07841
1.93866e+14	0.0996995	5.16322
1.93991e+14	0.099296	5.24804
1.94116e+14	0.0988944	5.33285
1.94241e+14	0.0984946	5.41768
1.94365e+14	0.0980968	5.5025
1.9449e+14	0.0977009	5.58732
1.94615e+14	0.0973069	5.67215
1.9474e+14	0.0969148	5.75698
1.94865e+14	0.0965246	5.84182
1.9499e+14	0.0961362	5.92665
1.95115e+14	0.0957498	6.01149
1.9524e+14	0.0953653	6.09633
1.95365e+14	0.0949826	6.18117
1.9549e+14	0.0946018	6.26602
1.95615e+14	0.0942229	6.35086
1.95739e+14	0.0938459	6.43571
1.95864e+14	0.0934708	6.52056
1.95989e+14	0.0930975	6.60541
1.96114e+14	0.0927261	6.69027
1.96239e+14	0.0923566	6.77512
1.96364e+14	0.091989	6.85998
1.96489e+14	0.0916232	6.94484
1.96614e+14	0.0912592	7.0297
1.96739e+14	0.0908971	7.11456
1.96864e+14	0.0905368	7.19943
1.96989e+14	0.0901784	7.28429
1.97114e+14	0.0898218	7.36916
1.97238e+14	0.089467	7.45402
1.97363e+14	0.089114	7.53889
1.97488e+14	0.0887628	7.62376
1.97613e+14	0.0884133	7.70863
1.97738e+14	0.0880657	7.7935
1.97863e+14	0.0877198	7.87837
1.97988e+14	0.0873756	7.96324
1.98113e+14	0.0870332	8.04811
1.98238e+14	0.0866925	8.13298
1.98363e+14	0.0863536	8.21785
1.98488e+14	0.0860163	8.30272
1.98613e+14	0.0856807	8.38759
1.98737e+14	0.0853467	8.47245
1.98862e+14	0.0850144	8.55732
1.98987e+14	0.0846837	8.64219
1.99112e+14	0.0843547	8.72706
1.99237e+14	0.0840272	8.81192
1.99362e+14	0.0837013	8.89679
1.99487e+14	0.083377	8.98165
1.99612e+14	0.0830542	9.06652
1.99737e+14	0.082733	9.15138
1.99862e+14	0.0824132	9.23624
('port 3',TE,1,'port 3',1,'transmission')
(101,3)
1.8737e+14	0.000288327	-3.03509
1.87495e+14	0.000278777	-3.05721
1.8762e+14	0.000270007	-3.07925
1.87745e+14	0.000261954	-3.10086
1.8787e+14	0.000254544	-3.12166
1.87995e+14	0.000247697	-3.14133
1.8812e+14	0.000241325	-3.15953
1.88245e+14	0.000235339	-3.176
1.8837e+14	0.000229648	-3.19048
1.88495e+14	0.000224166	-3.20279
1.88619e+14	0.000218807	-3.21275
1.88744e+14	0.000213493	-3.22026
1.88869e+14	0.000208153	-3.22522
1.88994e+14	0.000202723	-3.22759
1.89119e+14	0.000197146	-3.22732
1.89244e+14	0.000191376	-3.22438
1.89369e+14	0.000185375	-3.21875
1.89494e+14	0.000179113	-3.21041
1.89619e+14	0.000172568	-3.19932
1.89744e+14	0.000165728	-3.18541
1.89869e+14	0.000158588	-3.1686
1.89993e+14	0.000151149	-3.14874
1.90118e+14	0.000143421	-3.12563
1.90243e+14	0.00013542	-3.09899
1.90368e+14	0.000127171	-3.06844
1.90493e+14	0.000118703	-3.03342
1.90618e+14	0.000110057	-2.99319
1.90743e+14	0.000101282	-2.9467
1.90868e+14	9.24377e-05	-2.8925
1.90993e+14	8.36025e-05	-2.82852
1.91118e+14	7.4877e-05	-2.75185
1.91243e+14	6.63968e-05	-2.6583
1.91368e+14	5.83522e-05	-2.54199
1.91492e+14	5.10172e-05	-2.3951
1.91617e+14	4.4785e-05	-2.20877
1.91742e+14	4.01825e-05	-1.97734
1.91867e+14	3.77794e-05	-1.70761
1.91992e+14	3.79257e-05	-1.42564
1.92117e+14	4.04929e-05	-1.16527
1.92242e+14	4.4948e-05	-0.946802
1.92367e+14	5.06647e-05	-0.772072
1.92492e+14	5.713e-05	-0.633665
1.92617e+14	6.39811e-05	-0.522783
1.92742e+14	7.09727e-05	-0.432177
1.92866e+14	7.79373e-05	-0.356529
1.92991e+14	8.4758e-05	-0.292076
1.93116e+14	9.13499e-05	-0.236178
1.93241e+14	9.76502e-05	-0.186966
1.93366e+14	0.000103611	-0.14311
1.93491e+14	0.000109195	-0.103648
1.93616e+14	0.000114375	-0.0678807
1.93741e+14	0.000119129	-0.0352975
1.93866e+14	0.000123443	-0.0055249
1.93991e+14	0.000127306	0.0217082
1.94116e+14	0.000130714	0.0465952
1.94241e+14	0.000133667	0.0692689
1.94365e+14	0.000136168	0.0898151
1.9449e+14	0.000138226	0.108281
1.94615e+14	0.000139853	0.124685
1.9474e+14	0.000141066	0.139017
1.94865e+14	0.000141886	0.151251
1.9499e+14	0.000142335	0.161343
1.95115e+14	0.000142444	0.169235
1.9524e+14	0.000142242	0.174866
1.95365e+14	0.000141766	0.178167
1.9549e+14	0.000141054	0.179073
1.95615e+14	0.000140146	0.177525
1.95739e+14	0.000139087	0.173479
1.95864e+14	0.000137922	0.166911
1.95989e+14	0.000136698	0.157824
1.96114e+14	0.000135463	0.146261
1.96239e+14	0.000134264	0.132306
1.96364e+14	0.000133145	0.116096
1.96489e+14	0.00013215	0.0978253
1.96614e+14	0.000131316	0.0777435
1.96739e+14	0.000130676	0.0561578
1.96864e+14	0.000130256	0.0334247
1.96989e+14	0.000130074	0.00993954
1.97114e+14	0.000130139	-0.0138785
1.97238e+14	0.000130452	-0.0376031
1.97363e+14	0.000131004	-0.0608191
1.97488e+14	0.000131778	-0.0831397
1.97613e+14	0.00013275	-0.10422
1.97738e+14	0.000133888	-0.123769
1.97863e+14	0.000135155	-0.141553
1.97988e+14	0.000136511	-0.157398
1.98113e+14	0.000137912	-0.171191
1.98238e+14	0.000139313	-0.18287
1.98363e+14	0.00014067	-0.19242
1.98488e+14	0.000141938	-0.199865
1.98613e+14	0.000143074	-0.20526
1.98737e+14	0.000144035	-0.208687
1.98862e+14	0.000144785	-0.210243
1.98987e+14	0.000145286	-0.21004
1.99112e+14	0.000145506	-0.208197
1.99237e+14	0.000145416	-0.204839
1.99362e+14	0.000144989	-0.200092
1.99487e+14	0.000144203	-0.194085
1.99612e+14	0.000143038	-0.186944
1.99737e+14	0.00014148	-0.178795
1.99862e+14	0.000139515	-0.169764
('port 4',TE,1,'port 3',1,'transmission')
(101,3)
1.8737e+14	6.60168e-05	-2.57341
1.87495e+14	5.88666e-05	-2.60191
1.8762e+14	5.2459e-05	-2.64695
1.87745e+14	4.69139e-05	-2.71128
1.8787e+14	4.23661e-05	-2.79651
1.87995e+14	3.8946e-05	-2.90146
1.8812e+14	3.67414e-05	-3.0206
1.88245e+14	3.57513e-05	-3.14409
1.8837e+14	3.5861e-05	-3.26045
1.88495e+14	3.68624e-05	-3.36049
1.88619e+14	3.85083e-05	-3.43954
1.88744e+14	4.05636e-05	-3.49707
1.88869e+14	4.28333e-05	-3.53496
1.88994e+14	4.51682e-05	-3.55601
1.89119e+14	4.74591e-05	-3.56307
1.89244e+14	4.96287e-05	-3.55859
1.89369e+14	5.1623e-05	-3.54462
1.89494e+14	5.34056e-05	-3.52274
1.89619e+14	5.49526e-05	-3.49421
1.89744e+14	5.62496e-05	-3.45998
1.89869e+14	5.72891e-05	-3.42076
1.89993e+14	5.80694e-05	-3.37709
1.90118e+14	5.8593e-05	-3.32938
1.90243e+14	5.88662e-05	-3.27787
1.90368e+14	5.88981e-05	-3.22277
1.90493e+14	5.87007e-05	-3.16414
1.90618e+14	5.82883e-05	-3.102
1.90743e+14	5.76777e-05	-3.03631
1.90868e+14	5.68879e-05	-2.96695
1.90993e+14	5.59402e-05	-2.89376
1.91118e+14	5.48584e-05	-2.81652
1.91243e+14	5.36687e-05	-2.73496
1.91368e+14	5.24004e-05	-2.64879
1.91492e+14	5.10853e-05	-2.5577
1.91617e+14	4.97584e-05	-2.46137
1.91742e+14	4.84577e-05	-2.35951
1.91867e+14	4.7224e-05	-2.25194
1.91992e+14	4.61005e-05	-2.13858
1.92117e+14	4.51315e-05	-2.01956
1.92242e+14	4.43613e-05	-1.89529
1.92367e+14	4.38316e-05	-1.76647
1.92492e+14	4.35792e-05	-1.63414
1.92617e+14	4.36333e-05	-1.49963
1.92742e+14	4.40133e-05	-1.36445
1.92866e+14	4.47272e-05	-1.23019
1.92991e+14	4.57717e-05	-1.09832
1.93116e+14	4.71335e-05	-0.970098
1.93241e+14	4.87908e-05	-0.846458
1.93366e+14	5.07163e-05	-0.728013
1.93491e+14	5.28794e-05	-0.615063
1.93616e+14	5.52485e-05	-0.507654
1.93741e+14	5.77924e-05	-0.405643
1.93866e+14	6.04814e-05	-0.308759
1.93991e+14	6.32879e-05	-0.216658
1.94116e+14	6.61868e-05	-0.128961
1.94241e+14	6.91554e-05	-0.0452795
1.94365e+14	7.21736e-05	0.0347604
1.9449e+14	7.52232e-05	0.111513
1.94615e+14	7.82884e-05	0.185304
1.9474e+14	8.13549e-05	0.256432
1.94865e+14	8.44102e-05	0.325164
1.9499e+14	8.74433e-05	0.391742
1.95115e+14	9.04442e-05	0.456382
1.9524e+14	9.34043e-05	0.519275
1.95365e+14	9.63157e-05	0.580594
1.9549e+14	9.91716e-05	0.640493
1.95615e+14	0.000101966	0.699111
1.95739e+14	0.000104692	0.756571
1.95864e+14	0.000107346	0.812986
1.95989e+14	0.000109923	0.868457
1.96114e+14	0.000112419	0.923077
1.96239e+14	0.000114829	0.976932
1.96364e+14	0.00011715	1.0301
1.96489e+14	0.000119379	1.08265
1.96614e+14	0.000121512	1.13464
1.96739e+14	0.000123545	1.18615
1.96864e+14	0.000125476	1.23723
1.96989e+14	0.000127301	1.28794
1.97114e+14	0.000129017	1.33832
1.97238e+14	0.00013062	1.38842
1.97363e+14	0.000132108	1.4383
1.97488e+14	0.000133476	1.48799
1.97613e+14	0.000134721	1.53754
1.97738e+14	0.000135838	1.58699
1.97863e+14	0.000136825	1.63637
1.97988e+14	0.000137676	1.68574
1.98113e+14	0.000138388	1.73512
1.98238e+14	0.000138956	1.78456
1.98363e+14	0.000139375	1.83409
1.98488e+14	0.000139641	1.88374
1.98613e+14	0.000139748	1.93356
1.98737e+14	0.000139691	1.98358
1.98862e+14	0.000139466	2.03384
1.98987e+14	0.000139067	2.08438
1.99112e+14	0.00013849	2.13523
1.99237e+14	0.000137728	2.18645
1.99362e+14	0.000136776	2.23807
1.99487e+14	0.00013563	2.29014
1.99612e+14	0.000134285	2.34272
1.99737e+14	0.000132736	2.39586
1.99862e+14	0.000130978	2.44962
('port 1',TE,1,'port 4',1,'transmission')
(101,3)
1.8737e+14	0.122822	-2.50962
1.87495e+14	0.122312	-2.42494
1.8762e+14	0.121805	-2.34025
1.87745e+14	0.1213	-2.25557
1.8787e+14	0.120797	-2.17089
1.87995e+14	0.120297	-2.0862
1.8812e+14	0.119799	-2.00151
1.88245e+14	0.119303	-1.91683
1.8837e+14	0.118809	-1.83214
1.88495e+14	0.118318	-1.74745
1.88619e+14	0.117829	-1.66276
1.88744e+14	0.117343	-1.57807
1.88869e+14	0.116858	-1.49338
1.88994e+14	0.116376	-1.40869
1.89119e+14	0.115896	-1.32399
1.89244e+14	0.115419	-1.2393
1.89369e+14	0.114943	-1.1546
1.89494e+14	0.11447	-1.06991
1.89619e+14	0.113999	-0.985207
1.89744e+14	0.11353	-0.900508
1.89869e+14	0.113063	-0.815808
1.89993e+14	0.112599	-0.731107
1.90118e+14	0.112136	-0.646405
1.90243e+14	0.111676	-0.561702
1.90368e+14	0.111218	-0.476998
1.90493e+14	0.110762	-0.392293
1.90618e+14	0.110309	-0.307587
1.90743e+14	0.109857	-0.22288
1.90868e+14	0.109407	-0.138172
1.90993e+14	0.10896	-0.0534625
1.91118e+14	0.108515	0.0312478
1.91243e+14	0.108072	0.115959
1.91368e+14	0.107631	0.200672
1.91492e+14	0.107192	0.285385
1.91617e+14	0.106755	0.370099
1.91742e+14	0.10632	0.454815
1.91867e+14	0.105887	0.539531
1.91992e+14	0.105457	0.624249
1.92117e+14	0.105028	0.708968
1.92242e+14	0.104602	0.793687
1.92367e+14	0.104177	0.878408
1.92492e+14	0.103755	0.96313
1.92617e+14	0.103335	1.04785
1.92742e+14	0.102916	1.13258
1.92866e+14	0.1025	1.2173
1.92991e+14	0.102086	1.30203
1.93116e+14	0.101674	1.38675
1.93241e+14	0.101264	1.47148
1.93366e+14	0.100855	1.55621
1.93491e+14	0.100449	1.64093
1.93616e+14	0.100045	1.72566
1.93741e+14	0.0996426	1.81039
1.93866e+14	0.0992423	1.89512
1.93991e+14	0.0988439	1.97985
1.94116e+14	0.0984475	2.06458
1.94241e+14	0.0980529	2.14931
1.94365e+14	0.0976603	2.23405
1.9449e+14	0.0972696	2.31878
1.94615e+14	0.0968808	2.40351
1.9474e+14	0.0964938	2.48824
1.94865e+14	0.0961087	2.57297
1.9499e+14	0.0957255	2.6577
1.95115e+14	0.0953441	2.74243
1.9524e+14	0.0949646	2.82716
1.95365e+14	0.0945868	2.91189
1.9549e+14	0.0942109	2.99662
1.95615e+14	0.0938367	3.08134
1.95739e+14	0.0934643	3.16607
1.95864e+14	0.0930937	3.2508
1.95989e+14	0.0927248	3.33552
1.96114e+14	0.0923577	3.42025
1.96239e+14	0.0919922	3.50497
1.96364e+14	0.0916284	3.58969
1.96489e+14	0.0912664	3.67442
1.96614e+14	0.0909059	3.75914
1.96739e+14	0.0905471	3.84386
1.96864e+14	0.0901899	3.92858
1.96989e+14	0.0898344	4.01329
1.97114e+14	0.0894803	4.09801
1.97238e+14	0.0891279	4.18273
1.97363e+14	0.088777	4.26744
1.97488e+14	0.0884276	4.35215
1.97613e+14	0.0880796	4.43687
1.97738e+14	0.0877332	4.52158
1.97863e+14	0.0873882	4.60629
1.97988e+14	0.0870447	4.691
1.98113e+14	0.0867025	4.77571
1.98238e+14	0.0863618	4.86041
1.98363e+14	0.0860224	4.94512
1.98488e+14	0.0856844	5.02983
1.98613e+14	0.0853477	5.11453
1.98737e+14	0.0850123	5.19923
1.98862e+14	0.0846783	5.28394
1.98987e+14	0.0843455	5.36864
1.99112e+14	0.0840141	5.45334
1.99237e+14	0.0836839	5.53804
1.99362e+14	0.0833549	5.62274
1.99487e+14	0.0830272	5.70744
1.99612e+14	0.0827007	5.79214
1.99737e+14	0.0823754	5.87684
1.99862e+14	0.0820514	5.96154
('port 2',TE,1,'port 4',1,'transmission')
(101,3)
1.8737e+14	0.986709	-0.066764
1.87495e+14	0.986796	0.0369083
1.8762e+14	0.986881	0.140581
1.87745e+14	0.986967	0.244255
1.8787e+14	0.987051	0.34793
1.87995e+14	0.987136	0.451606
1.8812e+14	0.987219	0.555282
1.88245e+14	0.987303	0.65896
1.8837e+14	0.987385	0.762638
1.88495e+14	0.987467	0.866317
1.88619e+14	0.987549	0.969996
1.88744e+14	0.98763	1.07368
1.88869e+14	0.987711	1.17736
1.88994e+14	0.987791	1.28104
1.89119e+14	0.987871	1.38472
1.89244e+14	0.98795	1.48841
1.89369e+14	0.988028	1.59209
1.89494e+14	0.988106	1.69578
1.89619e+14	0.988184	1.79946
1.89744e+14	0.988261	1.90315
1.89869e+14	0.988337	2.00684
1.89993e+14	0.988413	2.11052
1.90118e+14	0.988488	2.21421
1.90243e+14	0.988562	2.3179
1.90368e+14	0.988636	2.42159
1.90493e+14	0.98871	2.52528
1.90618e+14	0.988783	2.62897
1.90743e+14	0.988855	2.73266
1.90868e+14	0.988927	2.83636
1.90993e+14	0.988999	2.94005
1.91118e+14	0.989069	3.04374
1.91243e+14	0.98914	3.14744
1.91368e+14	0.98921	3.25113
1.91492e+14	0.989279	3.35482
1.91617e+14	0.989348	3.45852
1.91742e+14	0.989416	3.56222
1.91867e+14	0.989484	3.66591
1.91992e+14	0.989552	3.76961
1.92117e+14	0.989618	3.87331
1.92242e+14	0.989685	3.97701
1.92367e+14	0.989751	4.08071
1.92492e+14	0.989816	4.18441
1.92617e+14	0.989881	4.28811
1.92742e+14	0.989945	4.39181
1.92866e+14	0.990009	4.49551
1.92991e+14	0.990072	4.59921
1.93116e+14	0.990135	4.70292
1.93241e+14	0.990197	4.80662
1.93366e+14	0.990258	4.91033
1.93491e+14	0.990319	5.01403
1.93616e+14	0.990378	5.11774
1.93741e+14	0.990438	5.22145
1.93866e+14	0.990496	5.32516
1.93991e+14	0.990554	5.42887
1.94116e+14	0.99061	5.53258
1.94241e+14	0.990666	5.63629
1.94365e+14	0.990722	5.74
1.9449e+14	0.990776	5.84371
1.94615e+14	0.99083	5.94742
1.9474e+14	0.990883	6.05114
1.94865e+14	0.990935	6.15485
1.9499e+14	0.990986	6.25857
1.95115e+14	0.991037	6.36228
1.9524e+14	0.991086	6.466
1.95365e+14	0.991135	6.56972
1.9549e+14	0.991183	6.67343
1.95615e+14	0.99123	6.77715
1.95739e+14	0.991277	6.88087
1.95864e+14	0.991323	6.98459
1.95989e+14	0.991368	7.08832
1.96114e+14	0.991412	7.19204
1.96239e+14	0.991456	7.29576
1.96364e+14	0.991498	7.39949
1.96489e+14	0.99154	7.50321
1.96614e+14	0.991581	7.60694
1.96739e+14	0.991622	7.71067
1.96864e+14	0.991661	7.8144
1.96989e+14	0.9917	7.91813
1.97114e+14	0.991738	8.02186
1.97238e+14	0.991774	8.1256
1.97363e+14	0.99181	8.22933
1.97488e+14	0.991845	8.33307
1.97613e+14	0.991879	8.4368
1.97738e+14	0.991913	8.54054
1.97863e+14	0.991945	8.64428
1.97988e+14	0.991976	8.74803
1.98113e+14	0.992006	8.85177
1.98238e+14	0.992035	8.95551
1.98363e+14	0.992062	9.05926
1.98488e+14	0.992089	9.16301
1.98613e+14	0.992115	9.26676
1.98737e+14	0.992139	9.37051
1.98862e+14	0.992163	9.47426
1.98987e+14	0.992185	9.57801
1.99112e+14	0.992207	9.68177
1.99237e+14	0.992227	9.78553
1.99362e+14	0.992246	9.88929
1.99487e+14	0.992264	9.99305
1.99612e+14	0.992281	10.0968
1.99737e+14	0.992298	10.2006
1.99862e+14	0.992313	10.3043
('port 3',TE,1,'port 4',1,'transmission')
(101,3)
1.8737e+14	0.000464193	0.280552
1.87495e+14	0.000457178	0.401147
1.8762e+14	0.000449471	0.522773
1.87745e+14	0.000441166	0.645594
1.8787e+14	0.000432361	0.769771
1.87995e+14	0.000423161	0.895456
1.8812e+14	0.000413673	1.02279
1.88245e+14	0.00040401	1.15192
1.8837e+14	0.000394282	1.28293
1.88495e+14	0.000384603	1.41593
1.88619e+14	0.000375086	1.55098
1.88744e+14	0.000365838	1.68809
1.88869e+14	0.000356962	1.82725
1.88994e+14	0.000348553	1.96839
1.89119e+14	0.000340697	2.11138
1.89244e+14	0.000333467	2.25604
1.89369e+14	0.000326918	2.40212
1.89494e+14	0.000321092	2.54934
1.89619e+14	0.000316012	2.69735
1.89744e+14	0.000311679	2.8458
1.89869e+14	0.000308076	2.99429
1.89993e+14	0.000305169	3.14245
1.90118e+14	0.000302907	3.28991
1.90243e+14	0.000301222	3.43636
1.90368e+14	0.000300039	3.58151
1.90493e+14	0.000299272	3.72514
1.90618e+14	0.000298832	3.86709
1.90743e+14	0.000298626	4.00727
1.90868e+14	0.000298566	4.14562
1.90993e+14	0.000298564	4.28215
1.91118e+14	0.00029854	4.41692
1.91243e+14	0.000298418	4.55001
1.91368e+14	0.000298132	4.68156
1.91492e+14	0.000297624	4.81169
1.91617e+14	0.000296846	4.94058
1.91742e+14	0.000295756	5.06842
1.91867e+14	0.000294324	5.19539
1.91992e+14	0.000292528	5.3217
1.92117e+14	0.000290354	5.44755
1.92242e+14	0.000287799	5.57317
1.92367e+14	0.000284865	5.69876
1.92492e+14	0.000281565	5.82456
1.92617e+14	0.000277918	5.95079
1.92742e+14	0.00027395	6.07767
1.92866e+14	0.000269696	6.20543
1.92991e+14	0.000265196	6.3343
1.93116e+14	0.000260499	6.46451
1.93241e+14	0.000255657	6.59627
1.93366e+14	0.000250731	6.72979
1.93491e+14	0.000245785	6.86525
1.93616e+14	0.000240888	7.00282
1.93741e+14	0.000236114	7.14262
1.93866e+14	0.000231536	7.28475
1.93991e+14	0.00022723	7.42922
1.94116e+14	0.000223271	7.57601
1.94241e+14	0.000219728	7.72499
1.94365e+14	0.000216666	7.87598
1.9449e+14	0.000214141	8.0287
1.94615e+14	0.000212195	8.18278
1.9474e+14	0.000210859	8.33782
1.94865e+14	0.000210147	8.49334
1.9499e+14	0.000210056	8.64886
1.95115e+14	0.000210567	8.8039
1.9524e+14	0.000211645	8.95802
1.95365e+14	0.00021324	9.11081
1.9549e+14	0.00021529	9.26196
1.95615e+14	0.000217722	9.41124
1.95739e+14	0.00022046	9.55848
1.95864e+14	0.000223421	9.70361
1.95989e+14	0.000226521	9.84664
1.96114e+14	0.000229677	9.98762
1.96239e+14	0.000232809	10.1267
1.96364e+14	0.000235841	10.264
1.96489e+14	0.0002387	10.3997
1.96614e+14	0.000241322	10.534
1.96739e+14	0.000243648	10.6673
1.96864e+14	0.000245627	10.7996
1.96989e+14	0.000247215	10.9314
1.97114e+14	0.000248378	11.0628
1.97238e+14	0.000249089	11.1942
1.97363e+14	0.000249332	11.3258
1.97488e+14	0.0002491	11.458
1.97613e+14	0.000248396	11.591
1.97738e+14	0.000247236	11.7252
1.97863e+14	0.000245647	11.8609
1.97988e+14	0.000243669	11.9984
1.98113e+14	0.000241354	12.1381
1.98238e+14	0.000238771	12.2804
1.98363e+14	0.000236003	12.4255
1.98488e+14	0.00023315	12.5738
1.98613e+14	0.000230325	12.7255
1.98737e+14	0.000227658	12.8808
1.98862e+14	0.000225293	13.0398
1.98987e+14	0.000223381	13.2025
1.99112e+14	0.000222081	13.3687
1.99237e+14	0.00022155	13.5379
1.99362e+14	0.000221938	13.7097
1.99487e+14	0.000223374	13.8832
1.99612e+14	0.000225966	14.0574
1.99737e+14	0.000229784	14.2314
1.99862e+14	0.000234865	14.4042
('port 4',TE,1,'port 4',1,'transmission')
(101,3)
1.8737e+14	2.91678e-05	1.06435
1.87495e+14	6.42055e-05	1.14522
1.8762e+14	9.77392e-05	1.23766
1.87745e+14	0.000129635	1.33347
1.8787e+14	0.000159778	1.43135
1.87995e+14	0.000188072	1.531
1.8812e+14	0.000214441	1.63234
1.88245e+14	0.000238831	1.73542
1.8837e+14	0.000261208	1.84033
1.88495e+14	0.000281563	1.94717
1.88619e+14	0.000299914	2.05609
1.88744e+14	0.000316301	2.16724
1.88869e+14	0.000330793	2.28078
1.88994e+14	0.000343488	2.39685
1.89119e+14	0.000354509	2.51562
1.89244e+14	0.000364009	2.63724
1.89369e+14	0.000372169	2.76183
1.89494e+14	0.000379193	2.88948
1.89619e+14	0.000385309	3.02024
1.89744e+14	0.000390766	3.1541
1.89869e+14	0.000395825	3.29095
1.89993e+14	0.000400753	3.43061
1.90118e+14	0.000405816	3.5728
1.90243e+14	0.000411265	3.7171
1.90368e+14	0.000417328	3.86303
1.90493e+14	0.000424201	4.00999
1.90618e+14	0.000432032	4.15734
1.90743e+14	0.000440918	4.30441
1.90868e+14	0.0004509	4.45054
1.90993e+14	0.000461963	4.59512
1.91118e+14	0.000474035	4.73761
1.91243e+14	0.000486994	4.87758
1.91368e+14	0.000500677	5.01469
1.91492e+14	0.000514888	5.14871
1.91617e+14	0.000529404	5.27952
1.91742e+14	0.000543985	5.40705
1.91867e+14	0.000558383	5.53132
1.91992e+14	0.000572346	5.6524
1.92117e+14	0.000585624	5.77039
1.92242e+14	0.000597974	5.88539
1.92367e+14	0.000609165	5.99755
1.92492e+14	0.000618976	6.10699
1.92617e+14	0.000627203	6.21385
1.92742e+14	0.000633658	6.31825
1.92866e+14	0.000638173	6.42029
1.92991e+14	0.000640598	6.52006
1.93116e+14	0.000640803	6.61764
1.93241e+14	0.00063868	6.71307
1.93366e+14	0.000634142	6.80638
1.93491e+14	0.000627124	6.89756
1.93616e+14	0.000617586	6.98659
1.93741e+14	0.000605508	7.07339
1.93866e+14	0.000590897	7.15784
1.93991e+14	0.000573782	7.23978
1.94116e+14	0.000554221	7.31897
1.94241e+14	0.000532297	7.39507
1.94365e+14	0.000508124	7.46765
1.9449e+14	0.000481849	7.53612
1.94615e+14	0.00045366	7.59967
1.9474e+14	0.000423788	7.6572
1.94865e+14	0.000392529	7.70723
1.9499e+14	0.000360258	7.74766
1.95115e+14	0.000327468	7.77559
1.9524e+14	0.000294822	7.78695
1.95365e+14	0.000263245	7.77616
1.9549e+14	0.000234053	7.73606
1.95615e+14	0.000209099	7.65887
1.95739e+14	0.000190822	7.5403
1.95864e+14	0.000181855	7.38722
1.95989e+14	0.000183949	7.22282
1.96114e+14	0.000196899	7.07693
1.96239e+14	0.000218729	6.96841
1.96364e+14	0.000246874	6.90017
1.96489e+14	0.000279088	6.86627
1.96614e+14	0.000313687	6.85886
1.96739e+14	0.000349468	6.87117
1.96864e+14	0.000385565	6.89803
1.96989e+14	0.000421332	6.93572
1.97114e+14	0.000456272	6.98154
1.97238e+14	0.000489984	7.03355
1.97363e+14	0.000522138	7.09034
1.97488e+14	0.000552454	7.15084
1.97613e+14	0.00058069	7.21426
1.97738e+14	0.000606638	7.27998
1.97863e+14	0.000630117	7.34751
1.97988e+14	0.000650972	7.41647
1.98113e+14	0.000669068	7.48653
1.98238e+14	0.000684295	7.55743
1.98363e+14	0.000696563	7.62894
1.98488e+14	0.000705802	7.70086
1.98613e+14	0.000711961	7.773
1.98737e+14	0.000715014	7.84519
1.98862e+14	0.000714949	7.91727
1.98987e+14	0.000711779	7.98906
1.99112e+14	0.000705534	8.06039
1.99237e+14	0.000696266	8.13107
1.99362e+14	0.000684046	8.2009
1.99487e+14	0.000668968	8.26965
1.99612e+14	0.000651146	8.33704
1.99737e+14	0.000630716	8.40276
1.99862e+14	0.000607837	8.46644
