187370286250000.0	0.004682536218513281	-3.122113440365523	0.9999890368671861	-1.845504064593236	0.9999890368671861	-1.845504064593236	0.004682536218513281	-3.122113440365523
187495199774166.7	0.003898655325508264	-3.053768752253257	0.9999924002144480	-1.650762481558217	0.9999924002144480	-1.650762481558217	0.003898655325508264	-3.053768752253257
187620113298333.3	0.003069748275148281	-3.054605729305498	0.9999952883116635	-1.456017344455761	0.9999952883116635	-1.456017344455761	0.003069748275148281	-3.054605729305498
187745026822500.0	0.002332482419387954	-3.191991856577741	0.9999972797591819	-1.261268381154001	0.9999972797591819	-1.261268381154001	0.002332482419387954	-3.191991856577741
187869940346666.7	0.001953965210487802	-3.534640829192917	0.9999980910081561	-1.066515586706844	0.9999980910081561	-1.066515586706844	0.001953965210487802	-3.534640829192917
187994853870833.3	0.002183596393874041	-3.917224653642238	0.9999976159505524	-0.8717592196990696	0.9999976159505524	-0.8717592196990696	0.002183596393874041	-3.917224653642238
188119767395000.0	0.002850047542803302	-4.106352843107220	0.9999959386062545	-0.6769997578762482	0.9999959386062545	-0.6769997578762482	0.002850047542803302	-4.106352843107220
188244680919166.7	0.003655820261025837	-4.138949185690741	0.9999933174667814	-0.4822378205675507	0.9999933174667814	-0.4822378205675507	0.003655820261025837	-4.138949185690741
188369594443333.3	0.004439743718634574	-4.091967134854236	0.9999901442892889	-0.2874740704782614	0.9999901442892889	-0.2874740704782614	0.004439743718634574	-4.091967134854236
188494507967500.0	0.005121724221189498	-4.005614942446341	0.9999868838844849	-0.09270911045071348	0.9999868838844849	-0.09270911045071348	0.005121724221189498	-4.005614942446341
188619421491666.7	0.005656097066417665	-3.899406410313861	0.9999840041550543	0.1020566086720674	0.9999840041550543	0.1020566086720674	0.005656097066417665	-3.899406410313861
188744335015833.3	0.006015464597031722	-3.783877287355757	0.9999819069291615	0.2968228549434648	0.9999819069291615	0.2968228549434648	0.006015464597031722	-3.783877287355757
188869248540000.0	0.006185464877257419	-3.665730711411399	0.9999808698291444	0.4915896470197584	0.9999808698291444	0.4915896470197584	0.006185464877257419	-3.665730711411399
188994162064166.7	0.006163152951243318	-3.550222996602080	0.9999810075924939	0.6863572463956064	0.9999810075924939	0.6863572463956064	0.006163152951243318	-3.550222996602080
189119075588333.3	0.005956781481086934	-3.442544492324184	0.9999822582198079	0.8811261121272442	0.9999822582198079	0.8811261121272442	0.005956781481086934	-3.442544492324184
189243989112500.0	0.005586473007676597	-3.348963175295708	0.9999843955379176	1.075896825828122	0.9999843955379176	1.075896825828122	0.005586473007676597	-3.348963175295708
189368902636666.7	0.005086079664548870	-3.278146304333329	0.9999870658131763	1.270669999219264	0.9999870658131763	1.270669999219264	0.005086079664548870	-3.278146304333329
189493816160833.3	0.004507200113549322	-3.242808301951510	0.9999898425219811	1.465446179003412	0.9999898425219811	1.465446179003412	0.004507200113549322	-3.242808301951510
189618729685000.0	0.003926619070388821	-3.260750583909738	0.9999922908016221	1.660225763963970	0.9999922908016221	1.660225763963970	0.003926619070388821	-3.260750583909738
189743643209166.7	0.003454894618860382	-3.350116078963926	0.9999940318337768	1.855008946977223	0.9999940318337768	1.855008946977223	0.003454894618860382	-3.350116078963926
189868556733333.3	0.003225636161689998	-3.507378520420652	0.9999947976221441	2.049795690465908	0.9999947976221441	2.049795690465908	0.003225636161689998	-3.507378520420652
189993470257500.0	0.003326177423301415	-3.680818114269952	0.9999944682565741	2.244585738401487	0.9999944682565741	2.244585738401487	0.003326177423301415	-3.680818114269952
190118383781666.7	0.003718451104184669	-3.804265449439317	0.9999930865367949	2.439378662160934	0.9999930865367949	2.439378662160934	0.003718451104184669	-3.804265449439317
190243297305833.3	0.004278233253889862	-3.855615201676941	0.9999908483182362	2.634173932281024	0.9999908483182362	2.634173932281024	0.004278233253889862	-3.855615201676941
190368210830000.0	0.004884532560013704	-3.848084628632942	0.9999880705996798	2.828971004255790	0.9999880705996798	2.828971004255790	0.004884532560013704	-3.848084628632942
190493124354166.7	0.005451100468600050	-3.801033756085198	0.9999851426414700	3.023769404584050	0.9999851426414700	3.023769404584050	0.005451100468600050	-3.801033756085198
190618037878333.3	0.005921494378826338	-3.729468290035783	0.9999824677984717	3.218568803557255	0.9999824677984717	3.218568803557255	0.005921494378826338	-3.729468290035783
190742951402500.0	0.006260171853423750	-3.643735027275061	0.9999804049321995	3.413369063697570	0.9999804049321995	3.413369063697570	0.006260171853423750	-3.643735027275061
190867864926666.7	0.006446968462322112	-3.551140270669081	0.9999792180828788	3.608170256879830	0.9999792180828788	3.608170256879830	0.006446968462322112	-3.551140270669081
190992778450833.3	0.006474285020149995	-3.457346318315296	0.9999790415971116	3.802972648299299	0.9999790415971116	3.802972648299299	0.006474285020149995	-3.457346318315296
191117691975000.0	0.006345773116163373	-3.367372325918356	0.9999798653790777	3.997776650743648	0.9999798653790777	3.997776650743648	0.006345773116163373	-3.367372325918356
191242605499166.7	0.006075863076425932	-3.286359608091413	0.9999815417735851	4.192582757241915	0.9999815417735851	4.192582757241915	0.006075863076425932	-3.286359608091413
191367519023333.3	0.005689916465663182	-3.220233810662207	0.9999838122942859	4.387391463371944	0.9999838122942859	4.387391463371944	0.005689916465663182	-3.220233810662207
191492432547500.0	0.005225020973564333	-3.176261662795715	0.9999863494847447	4.582203191834118	0.9999863494847447	4.582203191834118	0.005225020973564333	-3.176261662795715
191617346071666.7	0.004731354482335770	-3.163163603276626	0.9999888070797406	4.777018231177539	0.9999888070797406	4.777018231177539	0.004731354482335770	-3.163163603276626
191742259595833.3	0.004273016986201442	-3.189657635242740	0.9999908706212450	4.971836697954180	0.9999908706212450	4.971836697954180	0.004273016986201442	-3.189657635242740
191867173120000.0	0.003924045829148321	-3.259347194155373	0.9999923009025272	5.166658527547405	0.9999923009025272	5.166658527547405	0.003924045829148321	-3.259347194155373
191992086644166.7	0.003751260893720943	-3.361982855685928	0.9999929639961009	5.361483494156241	0.9999929639961009	5.361483494156241	0.003751260893720943	-3.361982855685928
192117000168333.3	0.003783134995874331	-3.470724381678614	0.9999928439191967	5.556311255700432	0.9999928439191967	5.556311255700432	0.003783134995874331	-3.470724381678614
192241913692500.0	0.003990776453969108	-3.556483200542855	0.9999920368199411	5.751141415512572	0.9999920368199411	5.751141415512572	0.003990776453969108	-3.556483200542855
192366827216666.7	0.004306155183356658	-3.605154553925595	0.9999907284707879	5.945973590217260	0.9999907284707879	5.945973590217260	0.004306155183356658	-3.605154553925595
192491740740833.3	0.004656300133959233	-3.618327204986936	0.9999891593757717	6.140807472526219	0.9999891593757717	6.140807472526219	0.004656300133959233	-3.618327204986936
192616654265000.0	0.004983246410422752	-3.604633497775819	0.9999875835505223	6.335642878877365	0.9999875835505223	6.335642878877365	0.004983246410422752	-3.604633497775819
192741567789166.7	0.005248264192352550	-3.573587740518442	0.9999862277666465	6.530479774661308	0.9999862277666465	6.530479774661308	0.005248264192352550	-3.573587740518442
192866481313333.3	0.005429955669425626	-3.533469325503404	0.9999852576820463	6.725318273712697	0.9999852576820463	6.725318273712697	0.005429955669425626	-3.533469325503404
192991394837500.0	0.005521590885361965	-3.491124574876862	0.9999847559008561	6.920158613116257	0.9999847559008561	6.920158613116257	0.005521590885361965	-3.491124574876862
193116308361666.7	0.005529016061412958	-3.452252732554285	0.9999847148738787	7.115001108449789	0.9999847148738787	7.115001108449789	0.005529016061412958	-3.452252732554285
193241221885833.3	0.005468977775673294	-3.421594937126775	0.9999850450292189	7.309846097693026	0.9999850450292189	7.309846097693026	0.005468977775673294	-3.421594937126775
193366135410000.0	0.005367283173613610	-3.402800423739199	0.9999855960319301	7.504693883679562	0.9999855960319301	7.504693883679562	0.005367283173613610	-3.402800423739199
193491048934166.7	0.005256023453397838	-3.397886188435943	0.9999861870133295	7.699544684911976	0.9999861870133295	7.699544684911976	0.005256023453397838	-3.397886188435943
193615962458333.3	0.005169062522388576	-3.406409408454101	0.9999866403070790	7.894398602856507	0.9999866403070790	7.894398602856507	0.005169062522388576	-3.406409408454101
193740875982500.0	0.005135570461804537	-3.424854146619768	0.9999868128710658	8.089255610797922	0.9999868128710658	8.089255610797922	0.005135570461804537	-3.424854146619768
193865789506666.7	0.005172952227348445	-3.447024529021687	0.9999866201931170	8.284115565512469	0.9999866201931170	8.284115565512469	0.005172952227348445	-3.447024529021687
193990703030833.3	0.005282226440318178	-3.465793237483689	0.9999860489446008	8.478978239072841	0.9999860489446008	8.478978239072841	0.005282226440318178	-3.465793237483689
194115616555000.0	0.005448522414572736	-3.475387644843850	0.9999851566915869	8.673843364700883	0.9999851566915869	8.673843364700883	0.005448522414572736	-3.475387644843850
194240530079166.7	0.005646349706393758	-3.472835453820766	0.9999840592404425	8.868710688305512	0.9999840592404425	8.868710688305512	0.005646349706393758	-3.472835453820766
194365443603333.3	0.005846632913497570	-3.458017569349977	0.9999829082957241	9.063580016555500	0.9999829082957241	9.063580016555500	0.005846632913497570	-3.458017569349977
194490357127500.0	0.006022647984043783	-3.432852763809881	0.9999818636911673	9.258451253141644	0.9999818636911673	9.258451253141644	0.006022647984043783	-3.432852763809881
194615270651666.7	0.006153788920815748	-3.400360947504538	0.9999810652616968	9.453324417122886	0.9999810652616968	9.453324417122886	0.006153788920815748	-3.400360947504538
194740184175833.3	0.006227435696722999	-3.363979349529708	0.9999806093343224	9.648199640511173	0.9999806093343224	9.648199640511173	0.006227435696722999	-3.363979349529708
194865097700000.0	0.006239543045547271	-3.327154977280021	0.9999805338618262	9.843077145949277	0.9999805338618262	9.843077145949277	0.006239543045547271	-3.327154977280021
194990011224166.7	0.006194389438953165	-3.293095527100221	0.9999808145856993	10.03795720882733	0.9999808145856993	10.03795720882733	0.006194389438953165	-3.293095527100221
195114924748333.3	0.006103644400532550	-3.264550848869500	0.9999813725890256	10.23284011086310	0.9999813725890256	10.23284011086310	0.006103644400532550	-3.264550848869500
195239838272500.0	0.005984696322762028	-3.243536958906698	0.9999820915446058	10.42772609357314	0.9999820915446058	10.42772609357314	0.005984696322762028	-3.243536958906698
195364751796666.7	0.005858090735548549	-3.230985008650567	0.9999828412392554	10.62261531996412	0.9999828412392554	10.62261531996412	0.005858090735548549	-3.230985008650567
195489665320833.3	0.005744040586047502	-3.226406182368539	0.9999835028627953	10.81750785119615	0.9999835028627953	10.81750785119615	0.005744040586047502	-3.226406182368539
195614578845000.0	0.005658372976467372	-3.227781987034988	0.9999839912794900	11.01240364220630	0.9999839912794900	11.01240364220630	0.005658372976467372	-3.227781987034988
195739492369166.7	0.005608882219938906	-3.231908069745493	0.9999842700964065	11.20730255682560	0.9999842700964065	11.20730255682560	0.005608882219938906	-3.231908069745493
195864405893333.3	0.005593420559567288	-3.235223303171270	0.9999843567008653	11.40220439938600	0.9999843567008653	11.40220439938600	0.005593420559567288	-3.235223303171270
195989319417500.0	0.005600635669723778	-3.234830593006279	0.9999843163170588	11.59710895682894	0.9999843163170588	11.59710895682894	0.005600635669723778	-3.234830593006279
196114232941666.7	0.005613141751841371	-3.229269330285252	0.9999842461957457	11.79201604342562	0.9999842461957457	11.79201604342562	0.005613141751841371	-3.229269330285252
196239146465833.3	0.005611941758811672	-3.218793448562987	0.9999842529308629	11.98692553973932	0.9999842529308629	11.98692553973932	0.005611941758811672	-3.218793448562987
196364059990000.0	0.005580793352709532	-3.205226566917583	0.9999844272515219	12.18183741849672	0.9999844272515219	12.18183741849672	0.005580793352709532	-3.205226566917583
196488973514166.7	0.005509749569221385	-3.191613866899756	0.9999848212146444	12.37675175241171	0.9999848212146444	12.37675175241171	0.005509749569221385	-3.191613866899756
196613887038333.3	0.005397682877560559	-3.181821516247189	0.9999854324036692	12.57166870230097	0.9999854324036692	12.57166870230097	0.005397682877560559	-3.181821516247189
196738800562500.0	0.005253826075013664	-3.180069824765448	0.9999861985605467	12.76658848746594	0.9999861985605467	12.76658848746594	0.005253826075013664	-3.180069824765448
196863714086666.7	0.005098172819488875	-3.190233310208624	0.9999870042325063	12.96151134364293	0.9999870042325063	12.96151134364293	0.005098172819488875	-3.190233310208624
196988627610833.3	0.004960062282004207	-3.214692333003260	0.9999876988154197	13.15643747623487	0.9999876988154197	13.15643747623487	0.004960062282004207	-3.214692333003260
197113541135000.0	0.004873750733682229	-3.252766699309540	0.9999881232063639	13.35136701759045	0.9999881232063639	13.35136701759045	0.004873750733682229	-3.252766699309540
197238454659166.7	0.004870195145129488	-3.299483064544662	0.9999881405293006	13.54629999657765	0.9999881405293006	13.54629999657765	0.004870195145129488	-3.299483064544662
197363368183333.3	0.004966794939439627	-3.346107991195433	0.9999876653979436	13.74123632666117	0.9999876653979436	13.74123632666117	0.004966794939439627	-3.346107991195433
197488281707500.0	0.005160188960434868	-3.383037655595609	0.9999866861363169	13.93617581547792	0.9999866861363169	13.93617581547792	0.005160188960434868	-3.383037655595609
197613195231666.7	0.005426703331797898	-3.403302859053128	0.9999852753370665	14.13111819505363	0.9999852753370665	14.13111819505363	0.005426703331797898	-3.403302859053128
197738108755833.3	0.005729553633630191	-3.404237811861894	0.9999835859728694	14.32606316798780	0.9999835859728694	14.32606316798780	0.005729553633630191	-3.404237811861894
197863022280000.0	0.006027791152494703	-3.386904109481022	0.9999818327018855	14.52101046184160	0.9999818327018855	14.52101046184160	0.006027791152494703	-3.386904109481022
197987935804166.7	0.006283180822363496	-3.354605922378572	0.9999802606245553	14.71595988216152	0.9999802606245553	14.71595988216152	0.006283180822363496	-3.354605922378572
198112849328333.3	0.006464313450948317	-3.311662413162670	0.9999791061075265	14.91091135442595	0.9999791061075265	14.91091135442595	0.006464313450948317	-3.311662413162670
198237762852500.0	0.006548862682477392	-3.262771801766896	0.9999785559688599	15.10586494678109	0.9999785559688599	15.10586494678109	0.006548862682477392	-3.262771801766896
198362676376666.7	0.006524994865742835	-3.212846198422127	0.9999787119944114	15.30082086852448	0.9999787119944114	15.30082086852448	0.006524994865742835	-3.212846198422127
198487589900833.3	0.006392578050015005	-3.167113846640205	0.9999795672641891	15.49577944339588	0.9999795672641891	15.49577944339588	0.006392578050015005	-3.167113846640205
198612503425000.0	0.006164524690375767	-3.131305746396026	0.9999809991371544	15.69074106115647	0.9999809991371544	15.69074106115647	0.006164524690375767	-3.131305746396026
198737416949166.7	0.005868331317611307	-3.111696709801152	0.9999827811955296	15.88570611492752	0.9999827811955296	15.88570611492752	0.005868331317611307	-3.111696709801152
198862330473333.3	0.005547343454845753	-3.114570129303124	0.9999846133719228	16.08067493459512	0.9999846133719228	16.08067493459512	0.005547343454845753	-3.114570129303124
198987243997500.0	0.005259949852552025	-3.144376941224246	0.9999861663680896	16.27564772773516	0.9999861663680896	16.27564772773516	0.005259949852552025	-3.144376941224246
199112157521666.7	0.005072686074336501	-3.200101055571371	0.9999871338452266	16.47062453871879	0.9999871338452266	16.47062453871879	0.005072686074336501	-3.200101055571371
199237071045833.3	0.005042961696301775	-3.271588109688956	0.9999872841878188	16.66560523397877	0.9999872841878188	16.66560523397877	0.005042961696301775	-3.271588109688956
199361984570000.0	0.005195510428960755	-3.340889805343513	0.9999865032446100	16.86058951724226	0.9999865032446100	16.86058951724226	0.005195510428960755	-3.340889805343513
199486898094166.7	0.005509886251967409	-3.390554580992537	0.9999848204615359	17.05557697353591	0.9999848204615359	17.05557697353591	0.005509886251967409	-3.390554580992537
199611811618333.3	0.005930716887674606	-3.411405048360273	0.9999824131439502	17.25056713576409	0.9999824131439502	17.25056713576409	0.005930716887674606	-3.411405048360273
199736725142500.0	0.006389506031495319	-3.403126674831699	0.9999795868979894	17.44555956350898	0.9999795868979894	17.44555956350898	0.006389506031495319	-3.403126674831699
199861638666666.7	0.006821381963280230	-3.370411130446763	0.9999767341034046	17.64055392115718	0.9999767341034046	17.64055392115718	0.006821381963280230	-3.370411130446763
