187370286250000.0	0.005664918615492417	3.069511864902561	0.9999839542198064	-1.747938360770492	0.9999839542198064	-1.747938360770492	0.005664918615492417	3.069511864902561
187495199774166.7	0.004888607455769666	3.139708446603188	0.9999880506871788	-1.522492720849828	0.9999880506871788	-1.522492720849828	0.004888607455769666	3.139708446603188
187620113298333.3	0.004097368673782546	3.146467449743123	0.9999916057497439	-1.297042973570272	0.9999916057497439	-1.297042973570272	0.004097368673782546	3.146467449743123
187745026822500.0	0.003447152076658252	3.061017592398510	0.9999940585536299	-1.071588914781652	0.9999940585536299	-1.071588914781652	0.003447152076658252	3.061017592398510
187869940346666.7	0.003126099119399529	2.884320354971445	0.9999951137402101	-0.8461307567212111	0.9999951137402101	-0.8461307567212111	0.003126099119399529	2.884320354971445
187994853870833.3	0.003229354926846499	2.696313607243048	0.9999947856197833	-0.6206690684637594	0.9999947856197833	-0.6206690684637594	0.003229354926846499	2.696313607243048
188119767395000.0	0.003639496856362954	2.586918703021929	0.9999933770093843	-0.3952046415999707	0.9999933770093843	-0.3952046415999707	0.003639496856362954	2.586918703021929
188244680919166.7	0.004147539109008565	2.567036221712304	0.9999913989226803	-0.1697383112866334	0.9999913989226803	-0.1697383112866334	0.004147539109008565	2.567036221712304
188369594443333.3	0.004593642459359463	2.607944048198442	0.9999894491688178	0.05572922826057498	0.9999894491688178	0.05572922826057498	0.004593642459359463	2.607944048198442
188494507967500.0	0.004883447161641342	2.682362191910276	0.9999880759008175	0.2811975742369834	0.9999880759008175	0.2811975742369834	0.004883447161641342	2.682362191910276
188619421491666.7	0.004968944815295239	2.770578836134680	0.9999876547175084	0.5066666999464706	0.9999876547175084	0.5066666999464706	0.004968944815295239	2.770578836134680
188744335015833.3	0.004836378993314894	2.856756019520372	0.9999883046507258	0.7321369564491371	0.9999883046507258	0.7321369564491371	0.004836378993314894	2.856756019520372
188869248540000.0	0.004503314919295993	2.924386183613566	0.9999898600259591	0.9576089917997911	0.9999898600259591	0.9576089917997911	0.004503314919295993	2.924386183613566
188994162064166.7	0.004024035658095679	2.951470170827585	0.9999919035357350	1.183083606056879	0.9999919035357350	1.183083606056879	0.004024035658095679	2.951470170827585
189119075588333.3	0.003506187264450155	2.906670510615820	0.9999938533065422	1.408561573713178	0.9999938533065422	1.408561573713178	0.003506187264450155	2.906670510615820
189243989112500.0	0.003135020887709788	2.760267206822606	0.9999950858099422	1.634043471829969	0.9999950858099422	1.634043471829969	0.003135020887709788	2.760267206822606
189368902636666.7	0.003140269859158780	2.540758916806678	0.9999950693404501	1.859529550629950	0.9999950693404501	1.859529550629950	0.003140269859158780	2.540758916806678
189493816160833.3	0.003610855937452957	2.359571491507472	0.9999934808384499	2.085019674034862	0.9999934808384499	2.085019674034862	0.003610855937452957	2.359571491507472
189618729685000.0	0.004408526945547266	2.283500338938044	0.9999902823978694	2.310513342666323	0.9999902823978694	2.310513342666323	0.004408526945547266	2.283500338938044
189743643209166.7	0.005340004398965917	2.296678476624712	0.9999857420748652	2.536009794356702	0.9999857420748652	2.536009794356702	0.005340004398965917	2.296678476624712
189868556733333.3	0.006261778386038661	2.366604291391155	0.9999803948735416	2.761508160946919	0.9999803948735416	2.761508160946919	0.006261778386038661	2.366604291391155
189993470257500.0	0.007077848217690426	2.470250048206894	0.9999749517185954	2.987007648487189	0.9999749517185954	2.987007648487189	0.007077848217690426	2.470250048206894
190118383781666.7	0.007723358123514626	2.593550683692191	0.9999701744248654	3.212507703308563	0.9999701744248654	3.212507703308563	0.007723358123514626	2.593550683692191
190243297305833.3	0.008155773533032209	2.727701323565849	0.9999667411259626	3.438008129685970	0.9999667411259626	3.438008129685970	0.008155773533032209	2.727701323565849
190368210830000.0	0.008351201362589293	2.866654765419173	0.9999651281098763	3.663509135188906	0.9999651281098763	3.663509135188906	0.008351201362589293	2.866654765419173
190493124354166.7	0.008302899670315909	3.005645854348751	0.9999655303344532	3.889011295040623	0.9999655303344532	3.889011295040623	0.008302899670315909	3.005645854348751
190618037878333.3	0.008020545899782546	3.140239977854808	0.9999678349044381	4.114515443620425	0.9999678349044381	4.114515443620425	0.008020545899782546	3.140239977854808
190742951402500.0	0.007529731214553869	3.265571088849289	0.9999716511720903	4.340022516116618	0.9999716511720903	4.340022516116618	0.007529731214553869	3.265571088849289
190867864926666.7	0.006871633482148027	3.375560487504266	0.9999763900479287	4.565533373202801	0.9999763900479287	4.565533373202801	0.006871633482148027	3.375560487504266
190992778450833.3	0.006103120041350100	3.462020980903204	0.9999813757894497	4.791048644496442	0.9999813757894497	4.791048644496442	0.006103120041350100	3.462020980903204
191117691975000.0	0.005297568886137529	3.513875764820184	0.9999859677834967	5.016568621992087	0.9999859677834967	5.016568621992087	0.005297568886137529	3.513875764820184
191242605499166.7	0.004545600414656924	3.517868600513422	0.9999896687050673	5.242093223728443	0.9999896687050673	5.242093223728443	0.004545600414656924	3.517868600513422
191367519023333.3	0.003949923823880639	3.464812569946052	0.9999921990204652	5.467622033037067	0.9999921990204652	5.467622033037067	0.003949923823880639	3.464812569946052
191492432547500.0	0.003598535902363588	3.365139795630583	0.9999935252487182	5.693154403025286	0.9999935252487182	5.693154403025286	0.003598535902363588	3.365139795630583
191617346071666.7	0.003510241576952515	3.258375701564701	0.9999938390830574	5.918689602761579	0.9999938390830574	5.918689602761579	0.003510241576952515	3.258375701564701
191742259595833.3	0.003607106198458500	3.187919494638547	0.9999934943712749	6.144226973665582	0.9999934943712749	6.144226973665582	0.003607106198458500	3.187919494638547
191867173120000.0	0.003763756731200394	3.169787032493842	0.9999929170425502	6.369766063420753	0.9999929170425502	6.369766063420753	0.003763756731200394	3.169787032493842
191992086644166.7	0.003870971060376576	3.196322168339129	0.9999925077634581	6.595306710417948	0.9999925077634581	6.595306710417948	0.003870971060376576	3.196322168339129
192117000168333.3	0.003858082841052998	3.252516702942876	0.9999925575707009	6.820849062934450	0.9999925575707009	6.820849062934450	0.003858082841052998	3.252516702942876
192241913692500.0	0.003689702286390576	3.323468702001585	0.9999931930253514	7.046393531458717	0.9999931930253514	7.046393531458717	0.003689702286390576	3.323468702001585
192366827216666.7	0.003358422094923294	3.394371009534872	0.9999943604846141	7.271940686707779	0.9999943604846141	7.271940686707779	0.003358422094923294	3.394371009534872
192491740740833.3	0.002880811316299473	3.446388464207117	0.9999958504544706	7.497491126955607	0.9999958504544706	7.497491126955607	0.002880811316299473	3.446388464207117
192616654265000.0	0.002300203038437955	3.446479272201648	0.9999973545294919	7.723045344044754	0.9999973545294919	7.723045344044754	0.002300203038437955	3.446479272201648
192741567789166.7	0.001708269774464952	3.322097127281669	0.9999985409061243	7.948603616799261	0.9999985409061243	7.948603616799261	0.001708269774464952	3.322097127281669
192866481313333.3	0.001318201235053723	2.945315510426933	0.9999991311723745	8.174165953810798	0.9999991311723745	8.174165953810798	0.001318201235053723	2.945315510426933
192991394837500.0	0.001441105048982266	2.433570651893067	0.9999989616075798	8.399732096331285	0.9999989616075798	8.399732096331285	0.001441105048982266	2.433570651893067
193116308361666.7	0.001991820692602048	2.165180671429781	0.9999980163231970	8.625301578790577	0.9999980163231970	8.625301578790577	0.001991820692602048	2.165180671429781
193241221885833.3	0.002673482583387322	2.098334015373844	0.9999964262390524	8.850873832159810	0.9999964262390524	8.850873832159810	0.002673482583387322	2.098334015373844
193366135410000.0	0.003335981432278352	2.120307760568021	0.9999944355984606	9.076448306622098	0.9999944355984606	9.076448306622098	0.003335981432278352	2.120307760568021
193491048934166.7	0.003912848782157711	2.179382526059508	0.9999923447779028	9.302024586584148	0.9999923447779028	9.302024586584148	0.003912848782157711	2.179382526059508
193615962458333.3	0.004371938479076350	2.252056240242446	0.9999904430312997	9.527602473574124	0.9999904430312997	9.527602473574124	0.004371938479076350	2.252056240242446
193740875982500.0	0.004701789289707528	2.325608102786053	0.9999889465276481	9.753182020304022	0.9999889465276481	9.753182020304022	0.004701789289707528	2.325608102786053
193865789506666.7	0.004908077726612448	2.391768205554389	0.9999879553139773	9.978763510308006	0.9999879553139773	9.978763510308006	0.004908077726612448	2.391768205554389
193990703030833.3	0.005012340161623157	2.444525163412127	0.9999874381441521	10.20434738957736	0.9999874381441521	10.20434738957736	0.005012340161623157	2.444525163412127
194115616555000.0	0.005050216200156135	2.479783718992102	0.9999872475768536	10.42993416684248	0.9999872475768536	10.42993416684248	0.005050216200156135	2.479783718992102
194240530079166.7	0.005067357553898706	2.496129456898628	0.9999871608612886	10.65552430541603	0.9999871608612886	10.65552430541603	0.005067357553898706	2.496129456898628
194365443603333.3	0.005111453112267191	2.496038581884199	0.9999869364382122	10.88111813054241	0.9999869364382122	10.88111813054241	0.005111453112267191	2.496038581884199
194490357127500.0	0.005220589039782984	2.486268850423917	0.9999863726321862	11.10671577191060	0.9999863726321862	11.10671577191060	0.005220589039782984	2.486268850423917
194615270651666.7	0.005412007975730887	2.476128151691077	0.9999853549775969	11.33231715247591	0.9999853549775969	11.33231715247591	0.005412007975730887	2.476128151691077
194740184175833.3	0.005677727419586809	2.474046194424388	0.9999838815757727	11.55792202400838	0.9999838815757727	11.55792202400838	0.005677727419586809	2.474046194424388
194865097700000.0	0.005989764547989255	2.484789828236922	0.9999820611994297	11.78353003928728	0.9999820611994297	11.78353003928728	0.005989764547989255	2.484789828236922
194990011224166.7	0.006311023167441243	2.508946838772041	0.9999800852949923	12.00914084295030	0.9999800852949923	12.00914084295030	0.006311023167441243	2.508946838772041
195114924748333.3	0.006605855887244588	2.544098582387765	0.9999781810959660	12.23475415940183	0.9999781810959660	12.23475415940183	0.006605855887244588	2.544098582387765
195239838272500.0	0.006847241970921337	2.586317352072533	0.9999765573639173	12.46036985759693	0.9999765573639173	12.46036985759693	0.006847241970921337	2.586317352072533
195364751796666.7	0.007020520335438968	2.631269930574749	0.9999753558434426	12.68598797852067	0.9999753558434426	12.68598797852067	0.007020520335438968	2.631269930574749
195489665320833.3	0.007124558439058307	2.674898750178043	0.9999746200114523	12.91160872029184	0.9999746200114523	12.91160872029184	0.007124558439058307	2.674898750178043
195614578845000.0	0.007170939367196798	2.713895988411594	0.9999742884837548	13.13723238588773	0.9999742884837548	13.13723238588773	0.007170939367196798	2.713895988411594
195739492369166.7	0.007181248798026983	2.746145939488632	0.9999742145004044	13.36285930717075	0.9999742145004044	13.36285930717075	0.007181248798026983	2.746145939488632
195864405893333.3	0.007182344592220722	2.771155347500213	0.9999742066304304	13.58848976420535	0.9999742066304304	13.58848976420535	0.007182344592220722	2.771155347500213
195989319417500.0	0.007199858239944612	2.790298024007099	0.9999740806847569	13.81412391960468	0.9999740806847569	13.81412391960468	0.007199858239944612	2.790298024007099
196114232941666.7	0.007251156361276504	2.806587219026585	0.9999737100201305	14.03976178372027	0.9999737100201305	14.03976178372027	0.007251156361276504	2.806587219026585
196239146465833.3	0.007340026709247165	2.823833665255594	0.9999730616411161	14.26540321884645	0.9999730616411161	14.26540321884645	0.007340026709247165	2.823833665255594
196364059990000.0	0.007455315380177528	2.845444366454770	0.9999722087501143	14.49104798108140	0.9999722087501143	14.49104798108140	0.007455315380177528	2.845444366454770
196488973514166.7	0.007574119949111488	2.873405650917820	0.9999713159421108	14.71669578932849	0.9999713159421108	14.71669578932849	0.007574119949111488	2.873405650917820
196613887038333.3	0.007668082013350195	2.907842426293203	0.9999705998269330	14.94234640429863	0.9999705998269330	14.94234640429863	0.007668082013350195	2.907842426293203
196738800562500.0	0.007710460814885975	2.947133044645748	0.9999702739551921	15.16799969786735	0.9999702739551921	15.16799969786735	0.007710460814885975	2.947133044645748
196863714086666.7	0.007682251031358285	2.988307953975016	0.9999704910741575	15.39365569536092	0.9999704910741575	15.39365569536092	0.007682251031358285	2.988307953975016
196988627610833.3	0.007576631748134388	3.027501944991834	0.9999712969137429	15.61931457978936	0.9999712969137429	15.61931457978936	0.007576631748134388	3.027501944991834
197113541135000.0	0.007401633891683116	3.060412955068606	0.9999726075326930	15.84497665621398	0.9999726075326930	15.84497665621398	0.007401633891683116	3.060412955068606
197238454659166.7	0.007180881417375638	3.082893610420282	0.9999742171386570	16.07064228417469	0.9999742171386570	16.07064228417469	0.007180881417375638	3.082893610420282
197363368183333.3	0.006951745483406562	3.091885240820058	0.9999758363254254	16.29631179408693	0.9999758363254254	16.29631179408693	0.006951745483406562	3.091885240820058
197488281707500.0	0.006759635442984635	3.086773485185608	0.9999771534033554	16.52198540781714	0.9999771534033554	16.52198540781714	0.006759635442984635	3.086773485185608
197613195231666.7	0.006647426503472452	3.070714986691031	0.9999779056163597	16.74766318316545	0.9999779056163597	16.74766318316545	0.006647426503472452	3.070714986691031
197738108755833.3	0.006641654860860217	3.050757266344510	0.9999779439671204	16.97334499672729	0.9999779439671204	16.97334499672729	0.006641654860860217	3.050757266344510
197863022280000.0	0.006741482591990551	3.035780147820500	0.9999772759480397	17.19903057071940	0.9999772759480397	17.19903057071940	0.006741482591990551	3.035780147820500
197987935804166.7	0.006917366751146620	3.033137850986305	0.9999760747324059	17.42471953885592	0.9999760747324059	17.42471953885592	0.006917366751146620	3.033137850986305
198112849328333.3	0.007120276569407872	3.046308939240443	0.9999746505094893	17.65041153670705	0.9999746505094893	17.65041153670705	0.007120276569407872	3.046308939240443
198237762852500.0	0.007295409193978451	3.074698250227270	0.9999733881482509	17.87610629548091	0.9999733881482509	17.87610629548091	0.007295409193978451	3.074698250227270
198362676376666.7	0.007394086512818475	3.114757158562873	0.9999726633686749	18.10180371649617	0.9999726633686749	18.10180371649617	0.007394086512818475	3.114757158562873
198487589900833.3	0.007381651138138762	3.161162884659086	0.9999727552420989	18.32750390730877	0.9999727552420989	18.32750390730877	0.007381651138138762	3.161162884659086
198612503425000.0	0.007242225942434791	3.207488542890213	0.9999737747378172	18.55320716883554	0.9999737747378172	18.55320716883554	0.007242225942434791	3.207488542890213
198737416949166.7	0.006981852673623551	3.246419857114036	0.9999756265695898	18.77891393408508	0.9999756265695898	18.77891393408508	0.006981852673623551	3.246419857114036
198862330473333.3	0.006630935034638773	3.269903409565581	0.9999780151086154	19.00462467070878	0.9999780151086154	19.00462467070878	0.006630935034638773	3.269903409565581
198987243997500.0	0.006245629150504369	3.269942599740988	0.9999804958680517	19.23033976881496	0.9999804958680517	19.23033976881496	0.006245629150504369	3.269942599740988
199112157521666.7	0.005905234148951171	3.241180067073203	0.9999825639528153	19.45605944009461	0.9999825639528153	19.45605944009461	0.005905234148951171	3.241180067073203
199237071045833.3	0.005698728924395944	3.185884688067999	0.9999837621124887	19.68178365300902	0.9999837621124887	19.68178365300902	0.005698728924395944	3.185884688067999
199361984570000.0	0.005694597500830505	3.118156564084256	0.9999837856481991	19.90751212162706	0.9999837856481991	19.90751212162706	0.005694597500830505	3.118156564084256
199486898094166.7	0.005905772224393800	3.059937726145881	0.9999825607751534	20.13324435407961	0.9999825607751534	20.13324435407961	0.005905772224393800	3.059937726145881
199611811618333.3	0.006280490988399432	3.029033624905608	0.9999802775219844	20.35897975299668	0.9999802775219844	20.35897975299668	0.006280490988399432	3.029033624905608
199736725142500.0	0.006727943027452248	3.031586891726180	0.9999773671351865	20.58471774775801	0.9999773671351865	20.58471774775801	0.006727943027452248	3.031586891726180
199861638666666.7	0.007151803695275670	3.064286019490162	0.9999744255249254	20.81045792987007	0.9999744255249254	20.81045792987007	0.007151803695275670	3.064286019490162
