187370286250000.0	0.003909467394405127	2.992531041698875	0.9999923580031460	-1.549426834837977	0.9999923580031460	-1.549426834837977	0.003909467394405127	2.992531041698875
187495199774166.7	0.003556486204355806	2.920181629922986	0.9999936756829408	-1.311458179493613	0.9999936756829408	-1.311458179493613	0.003556486204355806	2.920181629922986
187620113298333.3	0.003420494012994860	2.804420251346266	0.9999941500932431	-1.073472945174602	0.9999941500932431	-1.073472945174602	0.003420494012994860	2.804420251346266
187745026822500.0	0.003539176385581159	2.691254284971015	0.9999937370956438	-0.8354718895397939	0.9999937370956438	-0.8354718895397939	0.003539176385581159	2.691254284971015
187869940346666.7	0.003848520065210848	2.622710853223949	0.9999925944192326	-0.5974559423406443	0.9999925944192326	-0.5974559423406443	0.003848520065210848	2.622710853223949
187994853870833.3	0.004234489778933609	2.608455093538976	0.9999910345079661	-0.3594259793306068	0.9999910345079661	-0.3594259793306068	0.004234489778933609	2.608455093538976
188119767395000.0	0.004594715309641455	2.636809213632898	0.9999894442398994	-0.1213826141725867	0.9999894442398994	-0.1213826141725867	0.004594715309641455	2.636809213632898
188244680919166.7	0.004859691745415448	2.691814006788551	0.9999881916283508	0.1166739415221131	0.9999881916283508	0.1166739415221131	0.004859691745415448	2.691814006788551
188369594443333.3	0.004991618555129525	2.759516328439639	0.9999875417944967	0.3547439173652868	0.9999875417944967	0.3547439173652868	0.004991618555129525	2.759516328439639
188494507967500.0	0.004979665490038661	2.828293040017636	0.9999876013889408	0.5928279150445645	0.9999876013889408	0.5928279150445645	0.004979665490038661	2.828293040017636
188619421491666.7	0.004836690020030020	2.887778475016108	0.9999883031464170	0.8309267498647187	0.9999883031464170	0.8309267498647187	0.004836690020030020	2.887778475016108
188744335015833.3	0.004597314415663376	2.928087739261304	0.9999894322942435	1.069041243452286	0.9999894322942435	1.069041243452286	0.004597314415663376	2.928087739261304
188869248540000.0	0.004315882082813060	2.940264652831921	0.9999906865375533	1.307172019342756	0.9999906865375533	1.307172019342756	0.004315882082813060	2.940264652831921
188994162064166.7	0.004061103230229125	2.919108287758800	0.9999917536862758	1.545319351591766	0.9999917536862758	1.545319351591766	0.004061103230229125	2.919108287758800
189119075588333.3	0.003901935083116596	2.868584115619904	0.9999923874223278	1.783483102707170	0.9999923874223278	1.783483102707170	0.003901935083116596	2.868584115619904
189243989112500.0	0.003882528243065379	2.805233837952810	0.9999924629588174	2.021662764641094	0.9999924629588174	2.021662764641094	0.003882528243065379	2.805233837952810
189368902636666.7	0.003999999733620839	2.751696872977705	0.9999919999690654	2.259857590937783	0.9999919999690654	2.259857590937783	0.003999999733620839	2.751696872977705
189493816160833.3	0.004207443572746430	2.723661831202361	0.9999911486701182	2.498066785756440	0.9999911486701182	2.498066785756440	0.004207443572746430	2.723661831202361
189618729685000.0	0.004439768834276542	2.724147983152955	0.9999901441777804	2.736289701868094	0.9999901441777804	2.736289701868094	0.004439768834276542	2.724147983152955
189743643209166.7	0.004638537847534075	2.747368160193421	0.9999892419254506	2.974525998136513	0.9999892419254506	2.974525998136513	0.004638537847534075	2.747368160193421
189868556733333.3	0.004764184837914914	2.784189477324547	0.9999886512070176	3.212775717711927	0.9999886512070176	3.212775717711927	0.004764184837914914	2.784189477324547
189993470257500.0	0.004799196036614882	2.825111949393193	0.9999884837923896	3.451039268414720	0.9999884837923896	3.451039268414720	0.004799196036614882	2.825111949393193
190118383781666.7	0.004747575122392435	2.861322933543941	0.9999887302017244	3.689317311446815	0.9999887302017244	3.689317311446815	0.004747575122392435	2.861322933543941
190243297305833.3	0.004632742316916670	2.885250723896116	0.9999892687917330	3.927610587464044	0.9999892687917330	3.927610587464044	0.004632742316916670	2.885250723896116
190368210830000.0	0.004493488366031724	2.891625226253040	0.9999899042301901	4.165919724502571	0.9999899042301901	4.165919724502571	0.004493488366031724	2.891625226253040
190493124354166.7	0.004376198305236370	2.879406039045797	0.9999904243983505	4.404245076465902	0.9999904243983505	4.404245076465902	0.004376198305236370	2.879406039045797
190618037878333.3	0.004321988267960026	2.853650788116202	0.9999906601650893	4.642586632858897	0.9999906601650893	4.642586632858897	0.004321988267960026	2.853650788116202
190742951402500.0	0.004351549514908469	2.824899931642519	0.9999905319635877	4.880944022256306	0.9999905319635877	4.880944022256306	0.004351549514908469	2.824899931642519
190867864926666.7	0.004456271486406138	2.804762863864081	0.9999900707729250	5.119316608198716	0.9999900707729250	5.119316608198716	0.004456271486406138	2.804762863864081
190992778450833.3	0.004602595890094203	2.800622953874471	0.9999894079994408	5.357703652789760	0.9999894079994408	5.357703652789760	0.004602595890094203	2.800622953874471
191117691975000.0	0.004746126109413963	2.813551408489749	0.9999887370800500	5.596104506123538	0.9999887370800500	5.596104506123538	0.004746126109413963	2.813551408489749
191242605499166.7	0.004846173212414979	2.839593315668299	0.9999882572336515	5.834518773113069	0.9999882572336515	5.834518773113069	0.004846173212414979	2.839593315668299
191367519023333.3	0.004875498936720954	2.871967763034334	0.9999881146844288	6.072946414987467	0.9999881146844288	6.072946414987467	0.004875498936720954	2.871967763034334
191492432547500.0	0.004825424637519431	2.902653202067729	0.9999883575707607	6.311387759265839	0.9999883575707607	6.311387759265839	0.004825424637519431	2.902653202067729
191617346071666.7	0.004707990027131403	2.923394558820449	0.9999889173535398	6.549843415252497	0.9999889173535398	6.549843415252497	0.004707990027131403	2.923394558820449
191742259595833.3	0.004555716819669991	2.926919600687713	0.9999896226682850	6.788314116180024	0.9999896226682850	6.788314116180024	0.004555716819669991	2.926919600687713
191867173120000.0	0.004417464604728836	2.909247112058335	0.9999902429556329	7.026800527991156	0.9999902429556329	7.026800527991156	0.004417464604728836	2.909247112058335
191992086644166.7	0.004347157290103923	2.873039228219029	0.9999905510671064	7.265303073592363	0.9999905510671064	7.265303073592363	0.004347157290103923	2.873039228219029
192117000168333.3	0.004384389285585059	2.829365358161493	0.9999903885191060	7.503821817925008	0.9999903885191060	7.503821817925008	0.004384389285585059	2.829365358161493
192241913692500.0	0.004535254535985446	2.793942509004329	0.9999897156802633	7.742356444156641	0.9999897156802633	7.742356444156641	0.004535254535985446	2.793942509004329
192366827216666.7	0.004768125774345960	2.779240459155728	0.9999886324236893	7.980906328369200	0.9999886324236893	7.980906328369200	0.004768125774345960	2.779240459155728
192491740740833.3	0.005027513691751128	2.789600486872291	0.9999873619731799	8.219470695025949	0.9999873619731799	8.219470695025949	0.005027513691751128	2.789600486872291
192616654265000.0	0.005253533876123129	2.822187016425920	0.9999862000956876	8.458048814562300	0.9999862000956876	8.458048814562300	0.005253533876123129	2.822187016425920
192741567789166.7	0.005396074911438486	2.870218030401426	0.9999854410817941	8.696640193037601	0.9999854410817941	8.696640193037601	0.005396074911438486	2.870218030401426
192866481313333.3	0.005422396539554945	2.925247406590602	0.9999852986998197	8.935244704934986	0.9999852986998197	8.935244704934986	0.005422396539554945	2.925247406590602
192991394837500.0	0.005321135877421557	2.977954564051076	0.9999858426562718	9.173862633816189	0.9999858426562718	9.173862633816189	0.005321135877421557	2.977954564051076
193116308361666.7	0.005105226924590714	3.018096397692708	0.9999869682441110	9.412494608370995	0.9999869682441110	9.412494608370995	0.005105226924590714	3.018096397692708
193241221885833.3	0.004814692788516106	3.034598425155584	0.9999884092995039	9.651141447831538	0.9999884092995039	9.651141447831538	0.004814692788516106	3.034598425155584
193366135410000.0	0.004517947851561666	3.017392647181072	0.9999897940215241	9.889803954135807	0.9999897940215241	9.889803954135807	0.004517947851561666	3.017392647181072
193491048934166.7	0.004305289971493361	2.963281470011169	0.9999897338598486	10.12848270265781	0.9999897338598486	10.12848270265781	0.004305289971493361	2.963281470011169
193615962458333.3	0.004262956564483196	2.884741001141936	0.9999874041173551	10.36717788495915	0.9999874041173551	10.36717788495915	0.004262956564483196	2.884741001141936
193740875982500.0	0.004428743085313803	2.810059664767158	0.9999842478005556	10.60588924516436	0.9999842478005556	10.60588924516436	0.004428743085313803	2.810059664767158
193865789506666.7	0.004766390056944595	2.766299497387736	0.9999796223194725	10.84461612890178	0.9999796223194725	10.84461612890178	0.004766390056944595	2.766299497387736
193990703030833.3	0.005188307394466690	2.763853996331748	0.9999732768114640	11.08335763572692	0.9999732768114640	11.08335763572692	0.005188307394466690	2.763853996331748
194115616555000.0	0.005596949139263081	2.798461513943935	0.9999654304451364	11.32211283947074	0.9999654304451364	11.32211283947074	0.005596949139263081	2.798461513943935
194240530079166.7	0.005910029318646289	2.859989157063310	0.9999567337421681	11.56088102274589	0.9999567337421681	11.56088102274589	0.005910029318646289	2.859989157063310
194365443603333.3	0.006068819909432002	2.937589150205568	0.9999481189658378	11.79966186668149	0.9999481189658378	11.79966186668149	0.006068819909432002	2.937589150205568
194490357127500.0	0.006039888793476632	3.020881700400352	0.9999405737813292	12.03845554647723	0.9999405737813292	12.03845554647723	0.006039888793476632	3.020881700400352
194615270651666.7	0.005816169824759598	3.099219901151140	0.9999348927381632	12.27726270556609	0.9999348927381632	12.27726270556609	0.005816169824759598	3.099219901151140
194740184175833.3	0.005419612326540296	3.160134146421829	0.9999314683694871	12.51608431081823	0.9999314683694871	12.51608431081823	0.005419612326540296	3.160134146421829
194865097700000.0	0.004906799807154200	3.187551189257672	0.9999301757025425	12.75492142110977	0.9999301757025425	12.75492142110977	0.004906799807154200	3.187551189257672
194990011224166.7	0.004378032411339734	3.161793668847004	0.9999303823208856	12.99377492427685	0.9999303823208856	12.99377492427685	0.004378032411339734	3.161793668847004
195114924748333.3	0.003981758817592110	3.068612576616511	0.9999310858147720	13.23264530714554	0.9999310858147720	13.23264530714554	0.003981758817592110	3.068612576616511
195239838272500.0	0.003878568668952553	2.925404297951283	0.9999311487655572	13.47153251719268	0.9999311487655572	13.47153251719268	0.003878568668952553	2.925404297951283
195364751796666.7	0.004135036474726237	2.792413033609955	0.9999295761416261	13.71043595351855	0.9999295761416261	13.71043595351855	0.004135036474726237	2.792413033609955
195489665320833.3	0.004661140404041058	2.721576583238938	0.9999257675922985	13.94935459391570	0.9999257675922985	13.94935459391570	0.004661140404041058	2.721576583238938
195614578845000.0	0.005292131855157445	2.719434526495052	0.9999196810899329	14.18828723125521	0.9999196810899329	14.18828723125521	0.005292131855157445	2.719434526495052
195739492369166.7	0.005880338369974753	2.768723655900288	0.9999118642210454	14.42723276441049	0.9999118642210454	14.42723276441049	0.005880338369974753	2.768723655900288
195864405893333.3	0.006319656918867275	2.850622999096268	0.9999033407402583	14.66619047360861	0.9999033407402583	14.66619047360861	0.006319656918867275	2.850622999096268
195989319417500.0	0.006541438680001585	2.950311231122091	0.9998953753676629	14.90516021161128	0.9998953753676629	14.90516021161128	0.006541438680001585	2.950311231122091
196114232941666.7	0.006509023217400194	3.055883028094656	0.9998891706067645	15.14414246061810	0.9998891706067645	15.14414246061810	0.006509023217400194	3.055883028094656
196239146465833.3	0.006216025783015384	3.155943465526812	0.9998855678622847	15.38313823618479	0.9998855678622847	15.38313823618479	0.006216025783015384	3.155943465526812
196364059990000.0	0.005688598028601786	3.236684406862696	0.9998848264531505	15.62214885642510	0.9998848264531505	15.62214885642510	0.005688598028601786	3.236684406862696
196488973514166.7	0.004993403307671646	3.277924523319445	0.9998865374401544	15.86117562841306	0.9998865374401544	15.86117562841306	0.004993403307671646	3.277924523319445
196613887038333.3	0.004256172531211453	3.248894419164283	0.9998896980750626	16.10021952570844	0.9998896980750626	16.10021952570844	0.004256172531211453	3.248894419164283
196738800562500.0	0.003689549151183142	3.115899705265715	0.9998929342787437	16.33928093556744	0.9998929342787437	16.33928093556744	0.003689549151183142	3.115899705265715
196863714086666.7	0.003561966860054285	2.897386427138212	0.9998948219856524	16.57835954002190	0.9998948219856524	16.57835954002190	0.003561966860054285	2.897386427138212
196988627610833.3	0.003978739447662964	2.706737899033552	0.9998942324087822	16.81745436450635	0.9998942324087822	16.81745436450635	0.003978739447662964	2.706737899033552
197113541135000.0	0.004754780585825931	2.623753038878237	0.9998906179141892	17.05656398800576	0.9998906179141892	17.05656398800576	0.004754780585825931	2.623753038878237
197238454659166.7	0.005631900931611072	2.635127743612744	0.9998841668634924	17.29568686916580	0.9998841668634924	17.29568686916580	0.005631900931611072	2.635127743612744
197363368183333.3	0.006422807248296217	2.705586129369420	0.9998757852920934	17.53482171309968	0.9998757852920934	17.53482171309968	0.006422807248296217	2.705586129369420
197488281707500.0	0.007007943030373811	2.809444168009293	0.9998669039996895	17.77396779128163	0.9998669039996895	17.77396779128163	0.007007943030373811	2.809444168009293
197613195231666.7	0.007313471727454982	2.930263890942017	0.9998591519474366	18.01312513547755	0.9998591519474366	18.01312513547755	0.007313471727454982	2.930263890942017
197738108755833.3	0.007300578881407624	3.056304524658970	0.9998539705300076	18.25229455465158	0.9998539705300076	18.25229455465158	0.007300578881407624	3.056304524658970
197863022280000.0	0.006962654007473265	3.176863542442412	0.9998522599134720	18.49147746497286	0.9998522599134720	18.49147746497286	0.006962654007473265	3.176863542442412
197987935804166.7	0.006327408277590252	3.278783249544627	0.9998541437268929	18.73067556784475	0.9998541437268929	18.73067556784475	0.006327408277590252	3.278783249544627
198112849328333.3	0.005465477971707013	3.341433655720449	0.9998589125704421	18.96989044859322	0.9998589125704421	18.96989044859322	0.005465477971707013	3.341433655720449
198237762852500.0	0.004513912885568835	3.328643752745122	0.9998651656777212	19.20912318981317	0.9998651656777212	19.20912318981317	0.004513912885568835	3.328643752745122
198362676376666.7	0.003727722238076109	3.187057947234984	0.9998711230582688	19.44837409278904	0.9998711230582688	19.44837409278904	0.003727722238076109	3.187057947234984
198487589900833.3	0.003491525385848581	2.915023711381507	0.9998750386266775	19.68764257735859	0.9998750386266775	19.68764257735859	0.003491525385848581	2.915023711381507
198612503425000.0	0.003999136036655129	2.671793525878970	0.9998756183856603	19.92692728992722	0.9998756183856603	19.92692728992722	0.003999136036655129	2.671793525878970
198737416949166.7	0.004979550380857237	2.574827714625232	0.9998723435144055	20.16622640028500	0.9998723435144055	20.16622640028500	0.004979550380857237	2.574827714625232
198862330473333.3	0.006075776367778322	2.593068358560422	0.9998656179497096	20.40553802197360	0.9998656179497096	20.40553802197360	0.006075776367778322	2.593068358560422
198987243997500.0	0.007058890384955043	2.676347743307299	0.9998566997260181	20.64486065933808	0.9998566997260181	20.64486065933808	0.007058890384955043	2.676347743307299
199112157521666.7	0.007792374874400037	2.794142684003858	0.9998474259817213	20.88419357512142	0.9998474259817213	20.88419357512142	0.007792374874400037	2.794142684003858
199237071045833.3	0.008193172862900763	2.929049151036136	0.9998397912399710	21.12353698837105	0.9998397912399710	21.12353698837105	0.008193172862900763	2.929049151036136
199361984570000.0	0.008216654456141457	3.069600505238365	0.9998354753537999	21.36289205038251	0.9998354753537999	21.36289205038251	0.008216654456141457	3.069600505238365
199486898094166.7	0.007852758577066349	3.205880689353078	0.9998354322338215	21.60226059789592	0.9998354322338215	21.60226059789592	0.007852758577066349	3.205880689353078
199611811618333.3	0.007127544300263962	3.325889978352058	0.9998396391096800	21.84164473582457	0.9998396391096800	21.84164473582457	0.007127544300263962	3.325889978352058
199736725142500.0	0.006111037898179890	3.410280372623347	0.9998470706865783	22.08104634385340	0.9998470706865783	22.08104634385340	0.006111037898179890	3.410280372623347
199861638666666.7	0.004941251392237382	3.422009440483796	0.9998559109272248	22.32046662202946	0.9998559109272248	22.32046662202946	0.004941251392237382	3.422009440483796
