187370286250000.0	0.005947146163521948	2.207774522832688	0.9999823155698854	2.593859712913265	0.9999823155698854	2.593859712913265	0.005947146163521948	2.207774522832688
187495199774166.7	0.006264777989026646	2.216046570198964	0.9999803760858252	2.666774864356074	0.9999803760858252	2.666774864356074	0.006264777989026646	2.216046570198964
187620113298333.3	0.006575547189181531	2.230725955525828	0.9999783808558876	2.739689851141894	0.9999783808558876	2.739689851141894	0.006575547189181531	2.230725955525828
187745026822500.0	0.006874525335931679	2.250735948929769	0.9999763701715185	2.812604636330710	0.9999763701715185	2.812604636330710	0.006874525335931679	2.250735948929769
187869940346666.7	0.007157621732676407	2.275153516432612	0.9999743838974737	2.885519186449213	0.9999743838974737	2.885519186449213	0.007157621732676407	2.275153516432612
187994853870833.3	0.007421452133797647	2.303194682581282	0.9999724606449049	2.958433472045630	0.9999724606449049	2.958433472045630	0.007421452133797647	2.303194682581282
188119767395000.0	0.007663234162290627	2.334194888067076	0.9999706369899939	3.031347468138764	0.9999706369899939	3.031347468138764	0.007663234162290627	2.334194888067076
188244680919166.7	0.007880705998841251	2.367589032495859	0.9999689467543279	3.104261154552821	0.9999689467543279	3.104261154552821	0.007880705998841251	2.367589032495859
188369594443333.3	0.008072063897606317	2.402893247782058	0.9999674203615002	3.177174516132359	0.9999674203615002	3.177174516132359	0.008072063897606317	2.402893247782058
188494507967500.0	0.008235914332535734	2.439689082490228	0.9999660842824155	3.250087542835261	0.9999660842824155	3.250087542835261	0.008235914332535734	2.439689082490228
188619421491666.7	0.008371237252626597	2.477610125604113	0.9999649605795496	3.323000229703918	0.9999649605795496	3.323000229703918	0.008371237252626597	2.477610125604113
188744335015833.3	0.008477357657317197	2.516330821969897	0.9999640665579689	3.395912576717905	0.9999640665579689	3.395912576717905	0.008477357657317197	2.516330821969897
188869248540000.0	0.008553923354279540	2.555557143032073	0.9999634145283762	3.468824588534059	0.9999634145283762	3.468824588534059	0.008553923354279540	2.555557143032073
188994162064166.7	0.008600887293964734	2.595018775709509	0.9999630116848106	3.541736274123047	0.9999630116848106	3.541736274123047	0.008600887293964734	2.595018775709509
189119075588333.3	0.008618493291973678	2.634462528667519	0.9999628600970021	3.614647646312556	0.9999628600970021	3.614647646312556	0.008618493291973678	2.634462528667519
189243989112500.0	0.008607264269174386	2.673646704449975	0.9999629568148016	3.687558721250352	0.9999629568148016	3.687558721250352	0.008607264269174386	2.673646704449975
189368902636666.7	0.008567992378896662	2.712336237462613	0.9999632940796354	3.760469517801805	0.9999632940796354	3.760469517801805	0.008567992378896662	2.712336237462613
189493816160833.3	0.008501730566673806	2.750298448180871	0.9999638596356228	3.833380056897444	0.9999638596356228	3.833380056897444	0.008501730566673806	2.750298448180871
189618729685000.0	0.008409785231882128	2.787299313583298	0.9999646371309106	3.906290360847180	0.9999646371309106	3.906290360847180	0.008409785231882128	2.787299313583298
189743643209166.7	0.008293709738832060	2.823100205052310	0.9999656065979308	3.979200452638594	0.9999656065979308	3.979200452638594	0.008293709738832060	2.823100205052310
189868556733333.3	0.008155298558776118	2.857455101477565	0.9999667449997611	4.052110355236268	0.9999667449997611	4.052110355236268	0.008155298558776118	2.857455101477565
189993470257500.0	0.007996581810213576	2.890108351576604	0.9999680268285345	4.125020090898844	0.9999680268285345	4.125020090898844	0.007996581810213576	2.890108351576604
190118383781666.7	0.007819819893557518	2.920793140504915	0.9999694247409928	4.197929680530309	0.9999694247409928	4.197929680530309	0.007819819893557518	2.920793140504915
190243297305833.3	0.007627497772610606	2.949230916545700	0.9999709102157566	4.270839143079829	0.9999709102157566	4.270839143079829	0.007627497772610606	2.949230916545700
190368210830000.0	0.007422318218552792	2.975132157353261	0.9999724542167462	4.343748495004036	0.9999724542167462	4.343748495004036	0.007422318218552792	2.975132157353261
190493124354166.7	0.007207192977874565	2.998199000918096	0.9999740278474135	4.416657749803317	0.9999740278474135	4.416657749803317	0.007207192977874565	2.998199000918096
190618037878333.3	0.006985230330445583	3.018130424090650	0.9999756029810080	4.489566917641396	0.9999756029810080	4.489566917641396	0.006985230330445583	3.018130424090650
190742951402500.0	0.006759716857098913	3.034630794440074	0.9999771528530099	4.562476005056164	0.9999771528530099	4.562476005056164	0.006759716857098913	3.034630794440074
190867864926666.7	0.006534090460954554	3.047422695810830	0.9999786526030684	4.635385014766367	0.9999786526030684	4.635385014766367	0.006534090460954554	3.047422695810830
190992778450833.3	0.006311900874575364	3.056264843000161	0.9999800797552666	4.708293945576907	0.9999800797552666	4.708293945576907	0.006311900874575364	3.056264843000161
191117691975000.0	0.006096753242401007	3.060975523923616	0.9999814146272424	4.781202792382651	0.9999814146272424	4.781202792382651	0.006096753242401007	3.060975523923616
191242605499166.7	0.005892230262105944	3.061461181879218	0.9999826406605960	4.854111546268953	0.9999826406605960	4.854111546268953	0.005892230262105944	3.061461181879218
191367519023333.3	0.005701789338613072	3.057748355483706	0.9999837446670511	4.927020194703575	0.9999837446670511	4.927020194703575	0.005701789338613072	3.057748355483706
191492432547500.0	0.005528633871397235	3.050015264759597	0.9999847169869729	4.999928721813461	0.9999847169869729	4.999928721813461	0.005528633871397235	3.050015264759597
191617346071666.7	0.005375562599328609	3.038617222180181	0.9999855515589916	5.072837108737726	0.9999855515589916	5.072837108737726	0.005375562599328609	3.038617222180181
191742259595833.3	0.005244807672142872	3.024098542366773	0.9999862459016534	5.145745334046088	0.9999862459016534	5.145745334046088	0.005244807672142872	3.024098542366773
191867173120000.0	0.005137879486966121	3.007183827754760	0.9999868010100822	5.218653374210767	0.9999868010100822	5.218653374210767	0.005137879486966121	3.007183827754760
191992086644166.7	0.005055441767935990	2.988744347798589	0.9999872211726162	5.291561204118978	0.9999872211726162	5.291561204118978	0.005055441767935990	2.988744347798589
192117000168333.3	0.004997240809414549	2.969740678556413	0.9999875137141929	5.364468797612157	0.9999875137141929	5.364468797612157	0.004997240809414549	2.969740678556413
192241913692500.0	0.004962106279930498	2.951149304952927	0.9999876886748488	5.437376128037430	0.9999876886748488	5.437376128037430	0.004962106279930498	2.951149304952927
192366827216666.7	0.004948028288358100	2.933885871798474	0.9999877584331007	5.510283168797598	0.9999877584331007	5.510283168797598	0.004948028288358100	2.933885871798474
192491740740833.3	0.004952300427496954	2.918738853398383	0.9999877372850505	5.583189893885119	0.9999877372850505	5.583189893885119	0.004952300427496954	2.918738853398383
192616654265000.0	0.004971706490939852	2.906324055169211	0.9999876409909114	5.656096278387378	0.9999876409909114	5.656096278387378	0.004971706490939852	2.906324055169211
192741567789166.7	0.005002723370048919	2.897064203900873	0.9999874863011451	5.729002298950757	0.9999874863011451	5.729002298950757	0.005002723370048919	2.897064203900873
192866481313333.3	0.005041714906156563	2.891191641215090	0.9999872904746364	5.801907934192473	0.9999872904746364	5.801907934192473	0.005041714906156563	2.891191641215090
192991394837500.0	0.005085098858647413	2.888767974912718	0.9999870708012170	5.874813165051124	0.9999870708012170	5.874813165051124	0.005085098858647413	2.888767974912718
193116308361666.7	0.005129478141313015	2.889713173187598	0.9999868441404607	5.947717975068205	0.9999868441404607	5.947717975068205	0.005129478141313015	2.889713173187598
193241221885833.3	0.005171735217322213	2.893837430374497	0.9999866264879956	6.020622350594909	0.9999866264879956	6.020622350594909	0.005171735217322213	2.893837430374497
193366135410000.0	0.005209093653959716	2.900871083002219	0.9999864325796147	6.093526280920704	0.9999864325796147	6.093526280920704	0.005209093653959716	2.900871083002219
193491048934166.7	0.005239153275723164	2.910489941091119	0.9999862755422965	6.166429758322372	0.9999862755422965	6.166429758322372	0.005239153275723164	2.910489941091119
193615962458333.3	0.005259905792022008	2.922335070717645	0.9999861665998480	6.239332778034210	0.9999861665998480	6.239332778034210	0.005259905792022008	2.922335070717645
193740875982500.0	0.005269737046286308	2.936027156019484	0.9999861148393324	6.312235338141879	0.9999861148393324	6.312235338141879	0.005269737046286308	2.936027156019484
193865789506666.7	0.005267420814098581	2.951176149121016	0.9999861270427543	6.385137439405232	0.9999861270427543	6.385137439405232	0.005267420814098581	2.951176149121016
193990703030833.3	0.005252107799968350	2.967387137113215	0.9999862075867135	6.458039085016372	0.9999862075867135	6.458039085016372	0.005252107799968350	2.967387137113215
194115616555000.0	0.005223312360954410	2.984263366788409	0.9999863584109436	6.530940280301367	0.9999863584109436	6.530940280301367	0.005223312360954410	2.984263366788409
194240530079166.7	0.005180898590584944	3.001407284523590	0.9999865790548360	6.603841032375077	0.9999865790548360	6.603841032375077	0.005180898590584944	3.001407284523590
194365443603333.3	0.005125066717267456	3.018420344795362	0.9999868667593307	6.676741349760506	0.9999868667593307	6.676741349760506	0.005125066717267456	3.018420344795362
194490357127500.0	0.005056340259078860	3.034902259244064	0.9999872166298849	6.749641241983531	0.9999872166298849	6.749641241983531	0.005056340259078860	3.034902259244064
194615270651666.7	0.004975553970494025	3.050450321209543	0.9999876218547341	6.822540719155471	0.9999876218547341	6.822540719155471	0.004975553970494025	3.050450321209543
194740184175833.3	0.004883842254275988	3.064659457574482	0.9999880739713025	6.895439791556245	0.9999880739713025	6.895439791556245	0.004883842254275988	3.064659457574482
194865097700000.0	0.004782627334987858	3.077123730572426	0.9999885631724870	6.968338469229418	0.9999885631724870	6.968338469229418	0.004782627334987858	3.077123730572426
194990011224166.7	0.004673606047429955	3.087440126800298	0.9999890786436185	7.041236761601426	0.9999890786436185	7.041236761601426	0.004673606047429955	3.087440126800298
195114924748333.3	0.004558733543459238	3.095215602655230	0.9999896089202527	7.114134677135643	0.9999896089202527	7.114134677135643	0.004558733543459238	3.095215602655230
195239838272500.0	0.004440201548494214	3.100078451983369	0.9999901422565170	7.187032223031149	0.9999901422565170	7.187032223031149	0.004440201548494214	3.100078451983369
195364751796666.7	0.004320408037993067	3.101695030109030	0.9999906669936401	7.259929404974286	0.9999906669936401	7.259929404974286	0.004320408037993067	3.101695030109030
195489665320833.3	0.004201914475672441	3.099792566221090	0.9999911719184019	7.332826226950358	0.9999911719184019	7.332826226950358	0.004201914475672441	3.099792566221090
195614578845000.0	0.004087386316418768	3.094188039641004	0.9999916466016603	7.405722691120261	0.9999916466016603	7.405722691120261	0.004087386316418768	3.094188039641004
195739492369166.7	0.003979512755266766	3.084821711048209	0.9999920817077658	7.478618797765092	0.9999920817077658	7.478618797765092	0.003979512755266766	3.084821711048209
195864405893333.3	0.003880903267448093	3.071791844375843	0.9999924692665583	7.551514545300528	0.9999924692665583	7.551514545300528	0.003880903267448093	3.071791844375843
195989319417500.0	0.003793961873780203	3.055384706673914	0.9999928029007509	7.624409930359520	0.9999928029007509	7.624409930359520	0.003793961873780203	3.055384706673914
196114232941666.7	0.003720745430553323	3.036091868864399	0.9999930780027634	7.697304947941132	0.9999930780027634	7.697304947941132	0.003720745430553323	3.036091868864399
196239146465833.3	0.003662818856643273	3.014606397030207	0.9999932918565121	7.770199591620652	0.9999932918565121	7.770199591620652	0.003662818856643273	3.014606397030207
196364059990000.0	0.003621126158649184	2.991791969480949	0.9999934437011790	7.843093853814446	0.9999934437011790	7.843093853814446	0.003621126158649184	2.991791969480949
196488973514166.7	0.003595898639181756	2.968624619966721	0.9999935347355886	7.915987726091805	0.9999935347355886	7.915987726091805	0.003595898639181756	2.968624619966721
196613887038333.3	0.003586618427425680	2.946114305006096	0.9999935680634431	7.988881199524327	0.9999935680634431	7.988881199524327	0.003586618427425680	2.946114305006096
196738800562500.0	0.003592046187439375	2.925219859513996	0.9999935485812833	8.061774265062196	0.9999935485812833	8.061774265062196	0.003592046187439375	2.925219859513996
196863714086666.7	0.003610309176203936	2.906773107337966	0.9999934828125890	8.134666913926022	0.9999934828125890	8.134666913926022	0.003610309176203936	2.906773107337966
196988627610833.3	0.003639034260820467	2.891424802098768	0.9999933786929036	8.207559138002862	0.9999933786929036	8.207559138002862	0.003639034260820467	2.891424802098768
197113541135000.0	0.003675504049889399	2.879618259289547	0.9999932453121767	8.280450930233586	0.9999932453121767	8.280450930233586	0.003675504049889399	2.879618259289547
197238454659166.7	0.003716814345741372	2.871589172423477	0.9999930926217037	8.353342284980187	0.9999930926217037	8.353342284980187	0.003716814345741372	2.871589172423477
197363368183333.3	0.003760016234286422	2.867384946520614	0.9999929311139744	8.426233198361512	0.9999929311139744	8.426233198361512	0.003760016234286422	2.867384946520614
197488281707500.0	0.003802233385823780	2.866894989364555	0.9999927714845140	8.499123668546702	0.9999927714845140	8.499123668546702	0.003802233385823780	2.866894989364555
197613195231666.7	0.003840751882262117	2.869884202665070	0.9999926242852888	8.572013695996512	0.9999926242852888	8.572013695996512	0.003840751882262117	2.869884202665070
197738108755833.3	0.003873084653693586	2.876024106645893	0.9999924995795047	8.644903283644721	0.9999924995795047	8.644903283644721	0.003873084653693586	2.876024106645893
197863022280000.0	0.003897015151163661	2.884918427345343	0.9999924066076259	8.717792437012742	0.9999924066076259	8.717792437012742	0.003897015151163661	2.884918427345343
197987935804166.7	0.003910625675907618	2.896121892059665	0.9999923534741770	8.790681164252421	0.9999923534741770	8.790681164252421	0.003910625675907618	2.896121892059665
198112849328333.3	0.003912315516141344	2.909152207348705	0.9999923468643659	8.863569476114719	0.9999923468643659	8.863569476114719	0.003912315516141344	2.909152207348705
198237762852500.0	0.003900813305577517	2.923495814001481	0.9999923917988352	8.936457385842674	0.9999923917988352	8.936457385842674	0.003900813305577517	2.923495814001481
198362676376666.7	0.003875187211804482	2.938608208811292	0.9999924914338475	9.009344908990629	0.9999924914338475	9.009344908990629	0.003875187211804482	2.938608208811292
198487589900833.3	0.003834855903947723	2.953909579819096	0.9999926469130642	9.082232063172667	0.9999926469130642	9.082232063172667	0.003834855903947723	2.953909579819096
198612503425000.0	0.003779602826776419	2.968776370289393	0.9999928572757267	9.155118867745635	0.9999928572757267	9.155118867745635	0.003779602826776419	2.968776370289393
198737416949166.7	0.003709596134670426	2.982529287354512	0.9999931194245875	9.228005343434305	0.9999931194245875	9.228005343434305	0.003709596134670426	2.982529287354512
198862330473333.3	0.003625416676530520	2.994418321125846	0.9999934281553664	9.300891511907523	0.9999934281553664	9.300891511907523	0.003625416676530520	2.994418321125846
198987243997500.0	0.003528096582575859	3.003605693181238	0.9999937762478843	9.373777395315909	0.9999937762478843	9.373777395315909	0.003528096582575859	3.003605693181238
199112157521666.7	0.003419171103796590	3.009148552387425	0.9999941546173972	9.446663015802784	0.9999941546173972	9.446663015802784	0.003419171103796590	3.009148552387425
199237071045833.3	0.003300746021989918	3.009985071181299	0.9999945525230116	9.519548395001682	0.9999945525230116	9.519548395001682	0.003300746021989918	3.009985071181299
199361984570000.0	0.003175581441176654	3.004930941077933	0.9999949578285435	9.592433553533006	0.9999949578285435	9.592433553533006	0.003175581441176654	3.004930941077933
199486898094166.7	0.003047188708644208	2.992698786189939	0.9999953573097096	9.665318510514149	0.9999953573097096	9.665318510514149	0.003047188708644208	2.992698786189939
199611811618333.3	0.002919928307417957	2.971960942833080	0.9999957370002534	9.738203283096510	0.9999957370002534	9.738203283096510	0.002919928307417957	2.971960942833080
199736725142500.0	0.002799079798751724	2.941484667607300	0.9999960825684672	9.811087886042666	0.9999960825684672	9.811087886042666	0.002799079798751724	2.941484667607300
199861638666666.7	0.002690828417462360	2.900371272384433	0.9999963797146605	9.883972331355809	0.9999963797146605	9.883972331355809	0.002690828417462360	2.900371272384433
