187370286250000.0	0.005274584663752488	2.245695650172133	0.9999860892815586	-0.08412130313455318	0.9999860892815586	-0.08412130313455318	0.005274584663752488	2.245695650172133
187495199774166.7	0.005565953660028581	2.303553462282069	0.9999845099599568	0.008252196361215039	0.9999845099599568	0.008252196361215039	0.005565953660028581	2.303553462282069
187620113298333.3	0.005816750046444489	2.363591960037458	0.9999830825663488	0.1006261643669171	0.9999830825663488	0.1006261643669171	0.005816750046444489	2.363591960037458
187745026822500.0	0.006024941285165588	2.424974999875416	0.9999818498765418	0.1930005872113140	0.9999818498765418	0.1930005872113140	0.006024941285165588	2.424974999875416
187869940346666.7	0.006189096865309846	2.487029093556028	0.9999808473565841	0.2853754633245825	0.9999808473565841	0.2853754633245825	0.006189096865309846	2.487029093556028
187994853870833.3	0.006308357615398935	2.549183704971288	0.9999801021141351	0.3777508032167459	0.9999801021141351	0.3777508032167459	0.006308357615398935	2.549183704971288
188119767395000.0	0.006382420279152607	2.610929189861051	0.9999796321482652	0.4701266290086518	0.9999796321482652	0.4701266290086518	0.006382420279152607	2.610929189861051
188244680919166.7	0.006411531770446307	2.671785213715390	0.9999794459189432	0.5625029735401697	0.9999794459189432	0.5625029735401697	0.006411531770446307	2.671785213715390
188369594443333.3	0.006396490360682092	2.731275143120961	0.9999795422462732	0.6548798790958254	0.9999795422462732	0.6548798790958254	0.006396490360682092	2.731275143120961
188494507967500.0	0.006338652866735402	2.788903415818067	0.9999799105381244	0.7472573958028020	0.9999799105381244	0.7472573958028020	0.006338652866735402	2.788903415818067
188619421491666.7	0.006239948231095582	2.844133771358682	0.9999805313335221	0.8396355797667949	0.9999805313335221	0.8396355797667949	0.006239948231095582	2.844133771358682
188744335015833.3	0.006102899006138453	2.896366771710162	0.9999813771384551	0.9320144910205546	0.9999813771384551	0.9320144910205546	0.006102899006138453	2.896366771710162
188869248540000.0	0.005930653321854312	2.944915479763429	0.9999824135209459	1.024394191365568	0.9999824135209459	1.024394191365568	0.005930653321854312	2.944915479763429
188994162064166.7	0.005727030966691018	2.988978722282132	0.9999836004236803	1.116774742191024	0.9999836004236803	1.116774742191024	0.005727030966691018	2.988978722282132
189119075588333.3	0.005496588112243535	3.027612375091118	0.9999848936454612	1.209156202352056	0.9999848936454612	1.209156202352056	0.005496588112243535	3.027612375091118
189243989112500.0	0.005244705502049797	3.059701134165248	0.9999862464375182	1.301538626187015	0.9999862464375182	1.301538626187015	0.005244705502049797	3.059701134165248
189368902636666.7	0.004977703460552828	3.083937228278565	0.9999876111573878	1.393922061746552	0.9999876111573878	1.393922061746552	0.004977703460552828	3.083937228278565
189493816160833.3	0.004702981399220162	3.098819938978031	0.9999889409218277	1.486306549297617	0.9999889409218277	1.486306549297617	0.004702981399220162	3.098819938978031
189618729685000.0	0.004429164899601051	3.102702269027529	0.9999901912010398	1.578692120153913	0.9999901912010398	1.578692120153913	0.004429164899601051	3.102702269027529
189743643209166.7	0.004166212432638652	3.093928689548823	0.9999913212993232	1.671078795871485	0.9999913212993232	1.671078795871485	0.004166212432638652	3.093928689548823
189868556733333.3	0.003925378523842902	3.071123624901707	0.9999922956720438	1.763466587832742	0.9999922956720438	1.763466587832742	0.003925378523842902	3.071123624901707
189993470257500.0	0.003718854875135740	3.033679747496465	0.9999930850353003	1.855855497226747	0.9999930850353003	1.855855497226747	0.003718854875135740	3.033679747496465
190118383781666.7	0.003558861420164427	2.982410111338280	0.9999936672326441	1.948245515419076	0.9999936672326441	1.948245515419076	0.003558861420164427	2.982410111338280
190243297305833.3	0.003456052597560880	2.920133120393943	0.9999940278323880	2.040636624688093	0.9999940278323880	2.040636624688093	0.003456052597560880	2.920133120393943
190368210830000.0	0.003417468036777304	2.851750534010584	0.9999941604390584	2.133028799291999	0.9999941604390584	2.133028799291999	0.003417468036777304	2.851750534010584
190493124354166.7	0.003444784275768503	2.783457512169561	0.9999940667130448	2.225422006818057	0.9999940667130448	2.225422006818057	0.003444784275768503	2.783457512169561
190618037878333.3	0.003533801748324144	2.721275927288566	0.9999937561031085	2.317816209754982	0.9999937561031085	2.317816209754982	0.003533801748324144	2.721275927288566
190742951402500.0	0.003675505532150431	2.669681522185460	0.9999932453067286	2.410211367222738	0.9999932453067286	2.410211367222738	0.003675505532150431	2.669681522185460
190867864926666.7	0.003858105597450760	2.631009601483475	0.9999925574829041	2.502607436788245	0.9999925574829041	2.502607436788245	0.003858105597450760	2.631009601483475
190992778450833.3	0.004069082215934942	2.605682892047471	0.9999917212506913	2.595004376293580	0.9999917212506913	2.595004376293580	0.004069082215934942	2.605682892047471
191117691975000.0	0.004296613393905371	2.592842651985674	0.9999907695140706	2.687402145624235	0.9999907695140706	2.687402145624235	0.004296613393905371	2.592842651985674
191242605499166.7	0.004530295322510322	2.590976440316756	0.9999897381594928	2.779800708349379	0.9999897381594928	2.779800708349379	0.004530295322510322	2.590976440316756
191367519023333.3	0.004761356808384841	2.598361433785001	0.9999886646764268	2.872200033171039	0.9999886646764268	2.872200033171039	0.004761356808384841	2.598361433785001
191492432547500.0	0.004982603665560019	2.613314727390383	0.9999875867533117	2.964600095129355	0.9999875867533117	2.964600095129355	0.004982603665560019	2.613314727390383
191617346071666.7	0.005188257516158073	2.634306367066894	0.9999865409013994	3.057000876521374	0.9999865409013994	3.057000876521374	0.005188257516158073	2.634306367066894
191742259595833.3	0.005373776813733791	2.659992446868676	0.9999855611571379	3.149402367503204	0.9999855611571379	3.149402367503204	0.005373776813733791	2.659992446868676
191867173120000.0	0.005535697356124074	2.689208221483375	0.9999846779100077	3.241804566358438	0.9999846779100077	3.241804566358438	0.005535697356124074	2.689208221483375
191992086644166.7	0.005671503042929057	2.720944519754519	0.9999839168972839	3.334207479430531	0.9999839168972839	3.334207479430531	0.005671503042929057	2.720944519754519
192117000168333.3	0.005779525977831803	2.754319533356056	0.9999832984002642	3.426611120729740	0.9999832984002642	3.426611120729740	0.005779525977831803	2.754319533356056
192241913692500.0	0.005858870949137409	2.788551619023506	0.9999828366683106	3.519015511238404	0.9999828366683106	3.519015511238404	0.005858870949137409	2.788551619023506
192366827216666.7	0.005909358606239526	2.822935426170171	0.9999825395879984	3.611420677951121	0.9999825395879984	3.611420677951121	0.005909358606239526	2.822935426170171
192491740740833.3	0.005931482154804572	2.856822118288758	0.9999824086049951	3.703826652695317	0.9999824086049951	3.703826652695317	0.005931482154804572	2.856822118288758
192616654265000.0	0.005926373144990978	2.889603871104701	0.9999824388964770	3.796233470787236	0.9999824388964770	3.796233470787236	0.005926373144990978	2.889603871104701
192741567789166.7	0.005895772509044137	2.920702743738043	0.9999826197822247	3.888641169583373	0.9999826197822247	3.888641169583373	0.005895772509044137	2.920702743738043
192866481313333.3	0.005842003245378770	2.949564188837095	0.9999829353534397	3.981049786990641	0.9999829353534397	3.981049786990641	0.005842003245378770	2.949564188837095
192991394837500.0	0.005767940972200529	2.975655760812597	0.9999833652901138	4.073459359999832	0.9999833652901138	4.073459359999832	0.005767940972200529	2.975655760812597
193116308361666.7	0.005676977958994422	2.998471902378748	0.9999838858307932	4.165869923304028	0.9999838858307932	4.165869923304028	0.005676977958994422	2.998471902378748
193241221885833.3	0.005572975218920304	3.017545928181648	0.9999844708530274	4.258281508059199	0.9999844708530274	4.258281508059199	0.005572975218920304	3.017545928181648
193366135410000.0	0.005460195953319459	3.032470314368168	0.9999850930189665	4.350694140837184	0.9999850930189665	4.350694140837184	0.005460195953319459	3.032470314368168
193491048934166.7	0.005343212438763874	3.042925900320444	0.9999857249385283	4.443107842812302	0.9999857249385283	4.443107842812302	0.005343212438763874	3.042925900320444
193615962458333.3	0.005226778028718159	3.048719313476648	0.9999863403024256	4.535522629211876	0.9999863403024256	4.535522629211876	0.005226778028718159	3.048719313476648
193740875982500.0	0.005115657392565164	3.049825600431856	0.9999869149391115	4.627938509048761	0.9999869149391115	4.627938509048761	0.005115657392565164	3.049825600431856
193865789506666.7	0.005014412764353779	3.046429760918786	0.9999874277532836	4.720355485142262	0.9999874277532836	4.720355485142262	0.005014412764353779	3.046429760918786
193990703030833.3	0.004927152825285672	3.038957373289231	0.9999878615088467	4.812773554420289	0.9999878615088467	4.812773554420289	0.004927152825285672	3.038957373289231
194115616555000.0	0.004857263520302563	3.028082388043095	0.9999882034259677	4.905192708483522	0.9999882034259677	4.905192708483522	0.004857263520302563	3.028082388043095
194240530079166.7	0.004807153724825322	3.014701589783698	0.9999884455697804	4.997612934401027	0.9999884455697804	4.997612934401027	0.004807153724825322	3.014701589783698
194365443603333.3	0.004778057710040059	2.999871607225544	0.9999885850171087	5.090034215697463	0.9999885850171087	5.090034215697463	0.004778057710040059	2.999871607225544
194490357127500.0	0.004769934670031150	2.984714719744483	0.9999886237969129	5.182456533482426	0.9999886237969129	5.182456533482426	0.004769934670031150	2.984714719744483
194615270651666.7	0.004781490352363464	2.970310112616047	0.9999885686096669	5.274879867667794	0.9999885686096669	5.274879867667794	0.004781490352363464	2.970310112616047
194740184175833.3	0.004810320764621785	2.957592521872661	0.9999884303401424	5.367304198215682	0.9999884303401424	5.367304198215682	0.004810320764621785	2.957592521872661
194865097700000.0	0.004853152358854009	2.947277478183282	0.9999882233867465	5.459729506357011	0.9999882233867465	5.459729506357011	0.004853152358854009	2.947277478183282
194990011224166.7	0.004906136827880154	2.939823138577114	0.9999879648382906	5.552155775724241	0.9999879648382906	5.552155775724241	0.004906136827880154	2.939823138577114
195114924748333.3	0.004965156294818890	2.935427782354201	0.9999876735355131	5.644582993345108	0.9999876735355131	5.644582993345108	0.004965156294818890	2.935427782354201
195239838272500.0	0.005026103980386757	2.934054121014177	0.9999873690596188	5.737011150450957	0.9999873690596188	5.737011150450957	0.005026103980386757	2.934054121014177
195364751796666.7	0.005085120087901375	2.935468630291604	0.9999870706932622	5.829440243061723	0.9999870706932622	5.829440243061723	0.005085120087901375	2.935468630291604
195489665320833.3	0.005138776529327099	2.939285364408669	0.9999867964007232	5.921870272320529	0.9999867964007232	5.921870272320529	0.005138776529327099	2.939285364408669
195614578845000.0	0.005184213795244638	2.945007087494751	0.9999865618733710	6.014301244562025	0.9999865618733710	6.014301244562025	0.005184213795244638	2.945007087494751
195739492369166.7	0.005219238123993453	2.952060193731981	0.9999863796839461	6.106733171110694	0.9999863796839461	6.106733171110694	0.005219238123993453	2.952060193731981
195864405893333.3	0.005242388160869305	2.959822773694888	0.9999862585887723	6.199166067818982	0.9999862585887723	6.199166067818982	0.005242388160869305	2.959822773694888
195989319417500.0	0.005252978946510908	2.967647072749332	0.9999862030109153	6.291599954365828	0.9999862030109153	6.291599954365828	0.005252978946510908	2.967647072749332
196114232941666.7	0.005251128486003502	2.974878645341529	0.9999862127297673	6.384034853348958	0.9999862127297673	6.384034853348958	0.005251128486003502	2.974878645341529
196239146465833.3	0.005237769005627381	2.980875005984351	0.9999862827938411	6.476470789213427	0.9999862827938411	6.476470789213427	0.005237769005627381	2.980875005984351
196364059990000.0	0.005214641600931040	2.985026703606418	0.9999864036640566	6.568907787066931	0.9999864036640566	6.568907787066931	0.005214641600931040	2.985026703606418
196488973514166.7	0.005184269443774812	2.986783531734105	0.9999865615848718	6.661345871439194	0.9999865615848718	6.661345871439194	0.005184269443774812	2.986783531734105
196613887038333.3	0.005149901249609267	2.985687886764616	0.9999867391706349	6.753785065045307	0.9999867391706349	6.753785065045307	0.005149901249609267	2.985687886764616
196738800562500.0	0.005115413851619737	2.981415812573938	0.9999869161849702	6.846225387613969	0.9999869161849702	6.846225387613969	0.005115413851619737	2.981415812573938
196863714086666.7	0.005085161597310932	2.973823718878700	0.9999870704821783	6.938666854839543	0.9999870704821783	6.938666854839543	0.005085161597310932	2.973823718878700
196988627610833.3	0.005063762597334485	2.962995090271631	0.9999871790719908	7.031109477512910	0.9999871790719908	7.031109477512910	0.005063762597334485	2.962995090271631
197113541135000.0	0.005055819516600056	2.949277345230004	0.9999872192628341	7.123553260877263	0.9999872192628341	7.123553260877263	0.005055819516600056	2.949277345230004
197238454659166.7	0.005065586509711724	2.933296007567531	0.9999871698343499	7.215998204247295	0.9999871698343499	7.215998204247295	0.005065586509711724	2.933296007567531
197363368183333.3	0.005096612244309560	2.915933951243405	0.9999870121874739	7.308444300918009	0.9999870121874739	7.308444300918009	0.005096612244309560	2.915933951243405
197488281707500.0	0.005151406004674968	2.898269622889852	0.9999867314200600	7.400891538376881	0.9999867314200600	7.400891538376881	0.005151406004674968	2.898269622889852
197613195231666.7	0.005231181229906617	2.881479306373425	0.9999863172778615	7.493339898819160	0.9999863172778615	7.493339898819160	0.005231181229906617	2.881479306373425
197738108755833.3	0.005335721882443112	2.866720576419981	0.9999857649346781	7.585789359952987	0.9999857649346781	7.585789359952987	0.005335721882443112	2.866720576419981
197863022280000.0	0.005463392202217711	2.855021088821356	0.9999850755614530	7.678239896066625	0.9999850755614530	7.678239896066625	0.005463392202217711	2.855021088821356
197987935804166.7	0.005611278667417009	2.847194840333283	0.9999842566519318	7.770691479317440	0.9999842566519318	7.770691479317440	0.005611278667417009	2.847194840333283
198112849328333.3	0.005775427098637665	2.843798153450931	0.9999833220818376	7.863144081191738	0.9999833220818376	7.863144081191738	0.005775427098637665	2.843798153450931
198237762852500.0	0.005951126640773165	2.845125227734271	0.9999822918890641	7.955597674074074	0.9999822918890641	7.955597674074074	0.005951126640773165	2.845125227734271
198362676376666.7	0.006133196458668526	2.851233741427657	0.9999811917737251	8.048052232858952	0.9999811917737251	8.048052232858952	0.006133196458668526	2.851233741427657
198487589900833.3	0.006316244526080326	2.861987275364160	0.9999800523285887	8.140507736533095	0.9999800523285887	8.140507736533095	0.006316244526080326	2.861987275364160
198612503425000.0	0.006494883457522324	2.877102499722492	0.9999789080220010	8.232964169655089	0.9999789080220010	8.232964169655089	0.006494883457522324	2.877102499722492
198737416949166.7	0.006663900823606237	2.896192725287171	0.9999777959663971	8.325421523662298	0.9999777959663971	8.325421523662298	0.006663900823606237	2.896192725287171
198862330473333.3	0.006818389012900329	2.918803376341542	0.9999767545154581	8.417879797939103	0.9999767545154581	8.417879797939103	0.006818389012900329	2.918803376341542
198987243997500.0	0.006953843001549434	2.944437985916366	0.9999758217414608	8.510339000589017	0.9999758217414608	8.510339000589017	0.006953843001549434	2.944437985916366
199112157521666.7	0.007066234828188770	2.972575149841427	0.9999750338510220	8.602799148863992	0.9999750338510220	8.602799148863992	0.007066234828188770	2.972575149841427
199237071045833.3	0.007152072564736259	3.002677708129987	0.9999744236019383	8.695260269218167	0.9999744236019383	8.695260269218167	0.007152072564736259	3.002677708129987
199361984570000.0	0.007208450119149491	3.034195601216164	0.9999740187859283	8.787722396966508	0.9999740187859283	8.787722396966508	0.007208450119149491	3.034195601216164
199486898094166.7	0.007233092862847651	3.066563684789201	0.9999738408416681	8.880185575546864	0.9999738408416681	8.880185575546864	0.007233092862847651	3.066563684789201
199611811618333.3	0.007224403088859050	3.099195495705334	0.9999739036594953	8.972649855399761	0.9999739036594953	8.972649855399761	0.007224403088859050	3.099195495705334
199736725142500.0	0.007181508739906709	3.131473675225843	0.9999742126336151	9.065115292497211	0.9999742126336151	9.065115292497211	0.007181508739906709	3.131473675225843
199861638666666.7	0.007104318667306005	3.162737559337250	0.9999747640097091	9.157581946567346	0.9999747640097091	9.157581946567346	0.007104318667306005	3.162737559337250
