187370286250000.0	0.02270588563067829	2.945505652979209	0.9924861144931763	3.090748537366132	0.9924861144931763	3.090748537366132	0.02270588563067829	2.945505652979209
187495199774166.7	0.02270338364658222	2.986952752478508	0.9924619677318518	3.193615023204304	0.9924619677318518	3.193615023204304	0.02270338364658222	2.986952752478508
187620113298333.3	0.02266906864157305	3.029997792826017	0.9924395733692961	3.296487467683332	0.9924395733692961	3.296487467683332	0.02266906864157305	3.029997792826017
187745026822500.0	0.02259926330187767	3.074499431350115	0.9924189910536374	3.399365847428663	0.9924189910536374	3.399365847428663	0.02259926330187767	3.074499431350115
187869940346666.7	0.02249124649319086	3.120302312819992	0.9924002701155114	3.502250152791849	0.9924002701155114	3.502250152791849	0.02249124649319086	3.120302312819992
187994853870833.3	0.02234327175494705	3.167242673734799	0.9923834470947907	3.605140385088606	0.9923834470947907	3.605140385088606	0.02234327175494705	3.167242673734799
188119767395000.0	0.02215455851917899	3.215153072961925	0.9923685439748099	3.708036553442301	0.9923685439748099	3.708036553442301	0.02215455851917899	3.215153072961925
188244680919166.7	0.02192526022594132	3.263866388566961	0.9923555671763719	3.810938671402979	0.9923555671763719	3.810938671402979	0.02192526022594132	3.263866388566961
188369594443333.3	0.02165641295375825	3.313219251295984	0.9923445073255559	3.913846753515292	0.9923445073255559	3.913846753515292	0.02165641295375825	3.313219251295984
188494507967500.0	0.02134986762954334	3.363055091811203	0.9923353397715855	4.016760812005035	0.9923353397715855	4.016760812005035	0.02134986762954334	3.363055091811203
188619421491666.7	0.02100820839503265	3.413226968921022	0.9923280257958698	4.119680853741478	0.9923280257958698	4.119680853741478	0.02100820839503265	3.413226968921022
188744335015833.3	0.02063465932281581	3.463600324584101	0.9923225144222867	4.222606877612366	0.9923225144222867	4.222606877612366	0.02063465932281581	3.463600324584101
188869248540000.0	0.02023298141362647	3.514055780984889	0.9923187447130442	4.325538872423932	0.9923187447130442	4.325538872423932	0.02023298141362647	3.514055780984889
188994162064166.7	0.01980736167725493	3.564492056303836	0.9923166484155008	4.428476815407514	0.9923166484155008	4.428476815407514	0.01980736167725493	3.564492056303836
189119075588333.3	0.01936229610690348	3.614829028789579	0.9923161528132901	4.531420671381730	0.9923161528132901	4.531420671381730	0.01936229610690348	3.614829028789579
189243989112500.0	0.01890246850194978	3.665010923129082	0.9923171836307886	4.634370392584533	0.9923171836307886	4.634370392584533	0.01890246850194978	3.665010923129082
189368902636666.7	0.01843262737176990	3.715009529568108	0.9923196678432272	4.737325919156415	0.9923196678432272	4.737325919156415	0.01843262737176990	3.715009529568108
189493816160833.3	0.01795746354725949	3.764827297341119	0.9923235362550148	4.840287180223167	0.9923235362550148	4.840287180223167	0.01795746354725949	3.764827297341119
189618729685000.0	0.01748149160285202	3.814500075191569	0.9923287257257661	4.943254095499269	0.9923287257257661	4.943254095499269	0.01748149160285202	3.814500075191569
189743643209166.7	0.01700893869135454	3.864099211863170	0.9923351809456091	5.046226577309740	0.9923351809456091	5.046226577309740	0.01700893869135454	3.864099211863170
189868556733333.3	0.01654364482934015	3.913732690230351	0.9923428556878706	5.149204532909822	0.9923428556878706	5.149204532909822	0.01654364482934015	3.913732690230351
189993470257500.0	0.01608897892797748	3.963544963375305	0.9923517134963712	5.252187866971768	0.9923517134963712	5.252187866971768	0.01608897892797748	3.963544963375305
190118383781666.7	0.01564777481473378	4.013715201053520	0.9923617277949126	5.355176484104091	0.9923617277949126	5.355176484104091	0.01564777481473378	4.013715201053520
190243297305833.3	0.01522229101583424	4.064453746641935	0.9923728814367279	5.458170291270037	0.9923728814367279	5.458170291270037	0.01522229101583424	4.064453746641935
190368210830000.0	0.01481419708920899	4.115996724301972	0.9923851657398900	5.561169199983286	0.9923851657398900	5.561169199983286	0.01481419708920899	4.115996724301972
190493124354166.7	0.01442458781017159	4.168598908236735	0.9923985790799632	5.664173128173102	0.9923985790799632	5.664173128173102	0.01442458781017159	4.168598908236735
190618037878333.3	0.01405402461343405	4.222525144132684	0.9924131251319159	5.767182001631397	0.9924131251319159	5.767182001631397	0.01405402461343405	4.222525144132684
190742951402500.0	0.01370260158305938	4.278040764729717	0.9924288108689803	5.870195754978909	0.9924288108689803	5.870195754978909	0.01370260158305938	4.278040764729717
190867864926666.7	0.01337003122863971	4.335401536806714	0.9924456444359242	5.973214332114492	0.9924456444359242	5.973214332114492	0.01337003122863971	4.335401536806714
190992778450833.3	0.01305574358501800	4.394843696739036	0.9924636330174771	6.076237686138581	0.9924636330174771	6.076237686138581	0.01305574358501800	4.394843696739036
191117691975000.0	0.01275899107531189	4.456574574695486	0.9924827808201344	6.179265778770489	0.9924827808201344	6.179265778770489	0.01275899107531189	4.456574574695486
191242605499166.7	0.01247895123677138	4.520764190505848	0.9925030872765769	6.282298579304989	0.9925030872765769	6.282298579304989	0.01247895123677138	4.520764190505848
191367519023333.3	0.01221481985479948	4.587538058057882	0.9925245455679720	6.385336063176079	0.9925245455679720	6.385336063176079	0.01221481985479948	4.587538058057882
191492432547500.0	0.01196588819305143	4.656971295594085	0.9925471415405089	6.488378210215795	0.9925471415405089	6.488378210215795	0.01196588819305143	4.656971295594085
191617346071666.7	0.01173159967505620	4.729084037698556	0.9925708530705276	6.591425002709524	0.9925708530705276	6.591425002709524	0.01173159967505620	4.729084037698556
191742259595833.3	0.01151158335859433	4.803838100185423	0.9925956499077753	6.694476423358353	0.9925956499077753	6.694476423358353	0.01151158335859433	4.803838100185423
191867173120000.0	0.01130566364951930	4.881134864756523	0.9926214940008087	6.797532453261341	0.9926214940008087	6.797532453261341	0.01130566364951930	4.881134864756523
191992086644166.7	0.01111384776034754	4.960814413763273	0.9926483402831465	6.900593070028616	0.9926483402831465	6.900593070028616	0.01111384776034754	4.960814413763273
192117000168333.3	0.01093629429944752	5.042656031943438	0.9926761378749769	7.003658246126324	0.9926761378749769	7.003658246126324	0.01093629429944752	5.042656031943438
192241913692500.0	0.01077326796969298	5.126380269954480	0.9927048316338607	7.106727947541842	0.9927048316338607	7.106727947541842	0.01077326796969298	5.126380269954480
192366827216666.7	0.01062508655578226	5.211652802205069	0.9927343639707288	7.209802132839683	0.9927343639707288	7.209802132839683	0.01062508655578226	5.211652802205069
192491740740833.3	0.01049206707540039	5.298090284659753	0.9927646768342258	7.312880752656515	0.9927646768342258	7.312880752656515	0.01049206707540039	5.298090284659753
192616654265000.0	0.01037447805012993	5.385268317422474	0.9927957137589639	7.415963749661084	0.9927957137589639	7.415963749661084	0.01037447805012993	5.385268317422474
192741567789166.7	0.01027250423181807	5.472731452053274	0.9928274218705381	7.519051058980224	0.9928274218705381	7.519051058980224	0.01027250423181807	5.472731452053274
192866481313333.3	0.01018622877601329	5.560004984574879	0.9928597537436125	7.622142609067675	0.9928597537436125	7.622142609067675	0.01018622877601329	5.560004984574879
192991394837500.0	0.01011563585884512	5.646608085508876	0.9928926690173647	7.725238322969898	0.9928926690173647	7.725238322969898	0.01011563585884512	5.646608085508876
193116308361666.7	0.01006063426960467	5.732067683035631	0.9929261356859261	7.828338119923423	0.9929261356859261	7.828338119923423	0.01006063426960467	5.732067683035631
193241221885833.3	0.01002109985161785	5.815932466347997	0.9929601309984012	7.931441917200734	0.9929601309984012	7.931441917200734	0.01002109985161785	5.815932466347997
193366135410000.0	0.009996932127336778	5.897786420243740	0.9929946419234091	8.034549632110394	0.9929946419234091	8.034549632110394	0.009996932127336778	5.897786420243740
193491048934166.7	0.009988118332079285	5.977261416717985	0.9930296651552945	8.137661184049284	0.9930296651552945	8.137661184049284	0.009988118332079285	5.977261416717985
193615962458333.3	0.009994796630820372	6.054048529553555	0.9930652066625767	8.240776496503246	0.9930652066625767	8.240776496503246	0.009994796630820372	6.054048529553555
193740875982500.0	0.01001730964980674	6.127907849742852	0.9931012808020232	8.343895498894693	0.9931012808020232	8.343895498894693	0.01001730964980674	6.127907849742852
193865789506666.7	0.01005623968393779	6.198676618283339	0.9931379090436068	8.447018128184809	0.9931379090436068	8.447018128184809	0.01005623968393779	6.198676618283339
193990703030833.3	0.01011241805148359	6.266275438985715	0.9931751183706203	8.550144330150733	0.9931751183706203	8.550144330150733	0.01011241805148359	6.266275438985715
194115616555000.0	0.01018690303794818	6.330712203060469	0.9932129394352192	8.653274060273528	0.9932129394352192	8.653274060273528	0.01018690303794818	6.330712203060469
194240530079166.7	0.01028092364387348	6.392083201726337	0.9932514045612431	8.756407284194225	0.9932514045612431	8.756407284194225	0.01028092364387348	6.392083201726337
194365443603333.3	0.01039578979841517	6.450570802338508	0.9932905456933923	8.859543977715852	0.9932905456933923	8.859543977715852	0.01039578979841517	6.450570802338508
194490357127500.0	0.01053277356123812	6.506437103833047	0.9933303923938349	8.962684126351819	0.9933303923938349	8.962684126351819	0.01053277356123812	6.506437103833047
194615270651666.7	0.01069296967389132	6.560013231448183	0.9933709699844460	9.065827724444119	0.9933709699844460	9.065827724444119	0.01069296967389132	6.560013231448183
194740184175833.3	0.01087714704133697	6.611684386147471	0.9934122979252726	9.168974773895879	0.9934122979252726	9.168974773895879	0.01087714704133697	6.611684386147471
194865097700000.0	0.01108560467404697	6.661871362533852	0.9934543885075348	9.272125282580948	0.9934543885075348	9.272125282580948	0.01108560467404697	6.661871362533852
194990011224166.7	0.01131804578341852	6.711009852235490	0.9934972459237808	9.375279262509421	0.9934972459237808	9.375279262509421	0.01131804578341852	6.711009852235490
195114924748333.3	0.01157348191690524	6.759529289208339	0.9935408657589110	9.478436727839821	0.9935408657589110	9.478436727839821	0.01157348191690524	6.759529289208339
195239838272500.0	0.01185017551879636	6.807833131097274	0.9935852349249287	9.581597692834869	0.9935852349249287	9.581597692834869	0.01185017551879636	6.807833131097274
195364751796666.7	0.01214562479910259	6.856282254816090	0.9936303320406312	9.684762169861195	0.9936303320406312	9.684762169861195	0.01214562479910259	6.856282254816090
195489665320833.3	0.01245659019401748	6.905182630717603	0.9936761282355189	9.787930167530192	0.9936761282355189	9.787930167530192	0.01245659019401748	6.905182630717603
195614578845000.0	0.01277915785233200	6.954777767740525	0.9937225883368088	9.891101689070251	0.9937225883368088	9.891101689070251	0.01277915785233200	6.954777767740525
195739492369166.7	0.01310883303367185	7.005245759185037	0.9937696723799255	9.994276731008869	0.9937696723799255	9.994276731008869	0.01310883303367185	7.005245759185037
195864405893333.3	0.01344065521262567	7.056700241844252	0.9938173373673357	10.09745528222844	0.9938173373673357	10.09745528222844	0.01344065521262567	7.056700241844252
195989319417500.0	0.01376932685831796	7.109194280389505	0.9938655391889069	10.20063732344039	0.9938655391889069	10.20063732344039	0.01376932685831796	7.109194280389505
196114232941666.7	0.01408934890938322	7.162726104938693	0.9939142346094680	10.30382282710285	0.9939142346094680	10.30382282710285	0.01408934890938322	7.162726104938693
196239146465833.3	0.01439515745227381	7.217245714614313	0.9939633832262507	10.40701175778567	0.9939633832262507	10.40701175778567	0.01439515745227381	7.217245714614313
196364059990000.0	0.01468125767066073	7.272661545869982	0.9940129493007517	10.51020407296451	0.9940129493007517	10.51020407296451	0.01468125767066073	7.272661545869982
196488973514166.7	0.01494235252424606	7.328846627852666	0.9940629033756954	10.61339972420616	0.9940629033756954	10.61339972420616	0.01494235252424606	7.328846627852666
196613887038333.3	0.01517346471957505	7.385643861972632	0.9941132235984278	10.71659865868834	0.9941132235984278	10.71659865868834	0.01517346471957505	7.385643861972632
196738800562500.0	0.01537005133137918	7.442870243576045	0.9941638966861170	10.81980082098175	0.9941638966861170	10.81980082098175	0.01537005133137918	7.442870243576045
196863714086666.7	0.01552811095400021	7.500319981883232	0.9942149184854005	10.92300615500971	0.9942149184854005	10.92300615500971	0.01552811095400021	7.500319981883232
196988627610833.3	0.01564428356492284	7.557766573668305	0.9942662940981949	11.02621460609348	0.9942662940981949	11.02621460609348	0.01564428356492284	7.557766573668305
197113541135000.0	0.01571594342127179	7.614963956574009	0.9943180375660645	11.12942612298635	0.9943180375660645	11.12942612298635	0.01571594342127179	7.614963956574009
197238454659166.7	0.01574128532512527	7.671646922389275	0.9943701711260664	11.23264065980166	0.9943701711260664	11.23264065980166	0.01574128532512527	7.671646922389275
197363368183333.3	0.01571940450116893	7.727531022771205	0.9944227240708621	11.33585817774496	0.9944227240708621	11.33585817774496	0.01571940450116893	7.727531022771205
197488281707500.0	0.01565037011970832	7.782312263414285	0.9944757312642585	11.43907864656920	0.9944757312642585	11.43907864656920	0.01565037011970832	7.782312263414285
197613195231666.7	0.01553529212631813	7.835666970854314	0.9945292313788922	11.54230204568578	0.9945292313788922	11.54230204568578	0.01553529212631813	7.835666970854314
197738108755833.3	0.01537638042863368	7.887252341421925	0.9945832649353000	11.64552836488029	0.9945832649353000	11.64552836488029	0.01537638042863368	7.887252341421925
197863022280000.0	0.01517699452273239	7.936708354183766	0.9946378722303024	11.74875760459961	0.9946378722303024	11.74875760459961	0.01517699452273239	7.936708354183766
197987935804166.7	0.01494168016099185	7.983661951913025	0.9946930912472394	11.85198977579647	0.9946930912472394	11.85198977579647	0.01494168016099185	7.983661951913025
198112849328333.3	0.01467618749156230	8.027734653111370	0.9947489556408442	11.95522489933914	0.9947489556408442	11.95522489933914	0.01467618749156230	8.027734653111370
198237762852500.0	0.01438746208314481	8.068555009210144	0.9948054928856770	12.05846300501107	0.9948054928856770	12.05846300501107	0.01438746208314481	8.068555009210144
198362676376666.7	0.01408359636358673	8.105777465135198	0.9948627226690463	12.16170413014514	0.9948627226690463	12.16170413014514	0.01408359636358673	8.105777465135198
198487589900833.3	0.01377372454961359	8.139109039011673	0.9949206555979966	12.26494831795258	0.9949206555979966	12.26494831795258	0.01377372454961359	8.139109039011673
198612503425000.0	0.01346784005701494	8.168344536505028	0.9949792922753489	12.36819561561891	0.9949792922753489	12.36819561561891	0.01346784005701494	8.168344536505028
198737416949166.7	0.01317651255786491	8.193409433861396	0.9950386227831558	12.47144607224942	0.9950386227831558	12.47144607224942	0.01317651255786491	8.193409433861396
198862330473333.3	0.01291048533509385	8.214406875033033	0.9950986265937309	12.57469973675237	0.9950986265937309	12.57469973675237	0.01291048533509385	8.214406875033033
198987243997500.0	0.01268014607865321	8.231661603143419	0.9951592729095827	12.67795665574884	0.9951592729095827	12.67795665574884	0.01268014607865321	8.231661603143419
199112157521666.7	0.01249488844156056	8.245750033237275	0.9952205214150615	12.78121687159679	0.9952205214150615	12.78121687159679	0.01249488844156056	8.245750033237275
199237071045833.3	0.01236241613444466	8.257503958550521	0.9952823234050898	12.88448042061012	0.9952823234050898	12.88448042061012	0.01236241613444466	8.257503958550521
199361984570000.0	0.01228807759724531	8.267977837853303	0.9953446232406310	12.98774733154381	0.9953446232406310	12.98774733154381	0.01228807759724531	8.267977837853303
199486898094166.7	0.01227434190229093	8.278377383062528	0.9954073600676278	13.09101762440369	0.9954073600676278	13.09101762440369	0.01227434190229093	8.278377383062528
199611811618333.3	0.01232051940437370	8.289958550009144	0.9954704697259103	13.19429130962478	0.9954704697259103	13.19429130962478	0.01232051940437370	8.289958550009144
199736725142500.0	0.01242278791982017	8.303916282522367	0.9955338867680599	13.29756838764476	0.9955338867680599	13.29756838764476	0.01242278791982017	8.303916282522367
199861638666666.7	0.01257451891533366	8.321286163117190	0.9955975465052426	13.40084884888255	0.9955975465052426	13.40084884888255	0.01257451891533366	8.321286163117190
