187370286250000.0	0.005172130432654902	2.865957348923183	0.9986654295051929	-1.529542449858726	0.9986654295051929	-1.529542449858726	0.005172130432654902	2.865957348923183
187495199774166.7	0.005024691713541213	2.850269388155574	0.9986502150812702	-1.331033749586928	0.9986502150812702	-1.331033749586928	0.005024691713541213	2.850269388155574
187620113298333.3	0.004966361265164700	2.824818090020462	0.9986350816354604	-1.132512148052406	0.9986350816354604	-1.132512148052406	0.004966361265164700	2.824818090020462
187745026822500.0	0.005005336150995880	2.799054813793114	0.9986197542380508	-0.9339777489538014	0.9986197542380508	-0.9339777489538014	0.005005336150995880	2.799054813793114
187869940346666.7	0.005128424272655313	2.781965508681492	0.9986040247944357	-0.7354307557095846	0.9986040247944357	-0.7354307557095846	0.005128424272655313	2.781965508681492
187994853870833.3	0.005306531834901150	2.779156503374587	0.9985877844950237	-0.5368714342788178	0.9985877844950237	-0.5368714342788178	0.005306531834901150	2.779156503374587
188119767395000.0	0.005504115803902767	2.792085823302481	0.9985710381857175	-0.3383000669178772	0.9985710381857175	-0.3383000669178772	0.005504115803902767	2.792085823302481
188244680919166.7	0.005687538123320447	2.819086583948717	0.9985538988949078	-0.1397169050118909	0.9985538988949078	-0.1397169050118909	0.005687538123320447	2.819086583948717
188369594443333.3	0.005830075326418287	2.856827519448961	0.9985365641804640	0.05887787099094873	0.9985365641804640	0.05887787099094873	0.005830075326418287	2.856827519448961
188494507967500.0	0.005914014023817353	2.901386882342140	0.9985192790007363	0.2574841779968626	0.9985192790007363	0.2574841779968626	0.005914014023817353	2.901386882342140
188619421491666.7	0.005931015089009120	2.948826761033582	0.9985022919559017	0.4561020390414510	0.9985022919559017	0.4561020390414510	0.005931015089009120	2.948826761033582
188744335015833.3	0.005881606874087075	2.995448067076161	0.9984858126469789	0.6547315735881735	0.9984858126469789	0.6547315735881735	0.005881606874087075	2.995448067076161
188869248540000.0	0.005774195713330088	3.037924292355016	0.9984699774390935	0.8533729717229881	0.9984699774390935	0.8533729717229881	0.005774195713330088	3.037924292355016
188994162064166.7	0.005623657341021547	3.073456105808080	0.9984548292103005	1.052026457314477	0.9984548292103005	1.052026457314477	0.005623657341021547	3.073456105808080
189119075588333.3	0.005449394587208586	3.100028945082884	0.9984403140482093	1.250692246938981	0.9984403140482093	1.250692246938981	0.005449394587208586	3.100028945082884
189243989112500.0	0.005272698874290321	3.116780531900420	0.9984262948044272	1.449370511869524	0.9984262948044272	1.449370511869524	0.005272698874290321	3.116780531900420
189368902636666.7	0.005113394768747847	3.124368193817475	0.9984125784753313	1.648061349630783	0.9984125784753313	1.648061349630783	0.005113394768747847	3.124368193817475
189493816160833.3	0.004986156054627594	3.125093374351127	0.9983989520599504	1.846764769710638	0.9983989520599504	1.846764769710638	0.004986156054627594	3.125093374351127
189618729685000.0	0.004897450704941081	3.122521887769995	0.9983852202419582	2.045480695359664	0.9983852202419582	2.045480695359664	0.004897450704941081	3.122521887769995
189743643209166.7	0.004844337295191514	3.120571035926502	0.9983712381577725	2.244208980488233	0.9983712381577725	2.244208980488233	0.004844337295191514	3.120571035926502
189868556733333.3	0.004815796151447705	3.122411188023868	0.9983569336297797	2.442949438014683	0.9983569336297797	2.442949438014683	0.004815796151447705	3.122411188023868
189993470257500.0	0.004796129542453970	3.129681971690910	0.9983423153337596	2.641701874095430	0.9983423153337596	2.641701874095430	0.004796129542453970	3.129681971690910
190118383781666.7	0.004769119397199284	3.142279803438022	0.9983274660333578	2.840466121807261	0.9983274660333578	2.840466121807261	0.004769119397199284	3.142279803438022
190243297305833.3	0.004721680147949176	3.158611893842546	0.9983125227578478	3.039242068175496	0.9983125227578478	3.039242068175496	0.004721680147949176	3.158611893842546
190368210830000.0	0.004646365880714783	3.176061753383092	0.9982976481229630	3.238029669874944	0.9982976481229630	3.238029669874944	0.004646365880714783	3.176061753383092
190493124354166.7	0.004542645588422658	3.191492560340831	0.9982829984844710	3.436828955178123	0.9982829984844710	3.436828955178123	0.004542645588422658	3.191492560340831
190618037878333.3	0.004417057927299090	3.201764270161443	0.9982686950146267	3.635640012360664	0.9982686950146267	3.635640012360664	0.004417057927299090	3.201764270161443
190742951402500.0	0.004282270728532442	3.204333082105682	0.9982548030515260	3.834462967307317	0.9982548030515260	3.834462967307317	0.004282270728532442	3.204333082105682
190867864926666.7	0.004154905837766280	3.197979308316130	0.9982413233482167	4.033297955024310	0.9982413233482167	4.033297955024310	0.004154905837766280	3.197979308316130
190992778450833.3	0.004052003530885876	3.183536302924201	0.9982281964786700	4.232145090795822	0.9982281964786700	4.232145090795822	0.004052003530885876	3.183536302924201
191117691975000.0	0.003986469546050635	3.164220652318416	0.9982153190947607	4.431004446652699	0.9982153190947607	4.431004446652699	0.003986469546050635	3.164220652318416
191242605499166.7	0.003962764428471106	3.145075991042100	0.9982025684545328	4.629876037669320	0.9982025684545328	4.629876037669320	0.003962764428471106	3.145075991042100
191367519023333.3	0.003974715643227433	3.131489930506826	0.9981898300853824	4.828759820599482	0.9981898300853824	4.828759820599482	0.003974715643227433	3.131489930506826
191492432547500.0	0.004006631594292206	3.127489652100248	0.9981770228958318	5.027655704892627	0.9981770228958318	5.027655704892627	0.004006631594292206	3.127489652100248
191617346071666.7	0.004037120747963642	3.134709574120344	0.9981641166079029	5.226563573670751	0.9981641166079029	5.226563573670751	0.004037120747963642	3.134709574120344
191742259595833.3	0.004043817468084949	3.152300711273037	0.9981511379403364	5.425483310257888	0.9981511379403364	5.425483310257888	0.004043817468084949	3.152300711273037
191867173120000.0	0.004007493150997617	3.177384171290235	0.9981381642343026	5.624414824733369	0.9981381642343026	5.624414824733369	0.004007493150997617	3.177384171290235
191992086644166.7	0.003915040001851342	3.205524302914939	0.9981253057445242	5.823358074937558	0.9981253057445242	5.823358074937558	0.003915040001851342	3.205524302914939
192117000168333.3	0.003761570018407132	3.230932957829942	0.9981126801340545	6.022313077414660	0.9981126801340545	6.022313077414660	0.003761570018407132	3.230932957829942
192241913692500.0	0.003552136016890068	3.246381724448649	0.9981003843583308	6.221279905743868	0.9981003843583308	6.221279905743868	0.003552136016890068	3.246381724448649
192366827216666.7	0.003303521816206954	3.243058883394228	0.9980884697754191	6.420258676213388	0.9980884697754191	6.420258676213388	0.003303521816206954	3.243058883394228
192491740740833.3	0.003046119244469826	3.211107693133231	0.9980769258299257	6.619249523361496	0.9980769258299257	6.619249523361496	0.003046119244469826	3.211107693133231
192616654265000.0	0.002824437451779438	3.142555981651382	0.9980656760985026	6.818252570045022	0.9980656760985026	6.818252570045022	0.002824437451779438	3.142555981651382
192741567789166.7	0.002691425481324717	3.038558063334536	0.9980545881314027	7.017267897977034	0.9980545881314027	7.017267897977034	0.002691425481324717	3.038558063334536
192866481313333.3	0.002690181279943186	2.917268789476490	0.9980434958103068	7.216295524826029	0.9980434958103068	7.216295524826029	0.002690181279943186	2.917268789476490
192991394837500.0	0.002829248331769139	2.808926517895701	0.9980322303802681	7.415335392932427	0.9980322303802681	7.415335392932427	0.002829248331769139	2.808926517895701
193116308361666.7	0.003076279582381710	2.736770630799233	0.9980206544027519	7.614387372627323	0.9980206544027519	7.614387372627323	0.003076279582381710	2.736770630799233
193241221885833.3	0.003377133033098779	2.706578411623045	0.9980086920068755	7.813451280400883	0.9980086920068755	7.813451280400883	0.003377133033098779	2.706578411623045
193366135410000.0	0.003677423562491821	2.712227805451370	0.9979963491938004	8.012526909260142	0.9979963491938004	8.012526909260142	0.003677423562491821	2.712227805451370
193491048934166.7	0.003932475960424322	2.743944570584547	0.9979837195521901	8.211614066087630	0.9979837195521901	8.211614066087630	0.003932475960424322	2.743944570584547
193615962458333.3	0.004109279684521777	2.792262311102717	0.9979709733153246	8.410712609163163	0.9979709733153246	8.410712609163163	0.004109279684521777	2.792262311102717
193740875982500.0	0.004186143824620923	2.848778934814190	0.9979583307861214	8.609822478587267	0.9979583307861214	8.609822478587267	0.004186143824620923	2.848778934814190
193865789506666.7	0.004152525881522505	2.905618916263398	0.9979460242123904	8.808943713284565	0.9979460242123904	8.808943713284565	0.004152525881522505	2.905618916263398
193990703030833.3	0.004009737476212545	2.954453073614477	0.9979342546332148	9.008076450453686	0.9979342546332148	9.008076450453686	0.004009737476212545	2.954453073614477
194115616555000.0	0.003772884384240452	2.985322532847540	0.9979231515535531	9.207220906406779	0.9979231515535531	9.207220906406779	0.003772884384240452	2.985322532847540
194240530079166.7	0.003474540813313914	2.985575034865313	0.9979127432367489	9.406377341185216	0.9979127432367489	9.406377341185216	0.003474540813313914	2.985575034865313
194365443603333.3	0.003170221467652633	2.940381271351785	0.9979029438796843	9.605546012516957	0.9979029438796843	9.605546012516957	0.003170221467652633	2.940381271351785
194490357127500.0	0.002941719852350795	2.839328956703395	0.9978935611647373	9.804727126997022	0.9978935611647373	9.804727126997022	0.002941719852350795	2.839328956703395
194615270651666.7	0.002882810339917917	2.693508304948384	0.9978843241155319	10.00392079735924	0.9978843241155319	10.00392079735924	0.002882810339917917	2.693508304948384
194740184175833.3	0.003051373509614416	2.545616651246511	0.9978749274349672	10.20312701411327	0.9978749274349672	10.20312701411327	0.003051373509614416	2.545616651246511
194865097700000.0	0.003426935792917309	2.441180719254679	0.9978650852500659	10.40234563767832	0.9978650852500659	10.40234563767832	0.003426935792917309	2.441180719254679
194990011224166.7	0.003932648067113444	2.395538673918583	0.9978545850473634	10.60157641376488	0.9978545850473634	10.60157641376488	0.003932648067113444	2.395538673918583
195114924748333.3	0.004483803222143071	2.400148956247516	0.9978433320003936	10.80081901069079	0.9978433320003936	10.80081901069079	0.004483803222143071	2.400148956247516
195239838272500.0	0.005010510194324212	2.440565399057104	0.9978313750525215	11.00007307326654	0.9978313750525215	11.00007307326654	0.005010510194324212	2.440565399057104
195364751796666.7	0.005459802154437352	2.504331192046727	0.9978189089032433	11.19933828458361	0.9978189089032433	11.19933828458361	0.005459802154437352	2.504331192046727
195489665320833.3	0.005792973023107494	2.582005947765170	0.9978062500341363	11.39861442511605	0.9978062500341363	11.39861442511605	0.005792973023107494	2.582005947765170
195614578845000.0	0.005983698918746621	2.666261478910900	0.9977937894469997	11.59790141841724	0.9977937894469997	11.59790141841724	0.005983698918746621	2.666261478910900
195739492369166.7	0.006017571550949817	2.750776705458632	0.9977819290873120	11.79719935446942	0.9977819290873120	11.79719935446942	0.006017571550949817	2.750776705458632
195864405893333.3	0.005892787870564292	2.829222547321093	0.9977710122135093	11.99650848520554	0.9977710122135093	11.99650848520554	0.005892787870564292	2.829222547321093
195989319417500.0	0.005621956447153170	2.894259640711448	0.9977612596145546	12.19582919133318	0.9977612596145546	12.19582919133318	0.005621956447153170	2.894259640711448
196114232941666.7	0.005235397339596729	2.936492367210235	0.9977527232059161	12.39516192459705	0.9977527232059161	12.39516192459705	0.005235397339596729	2.936492367210235
196239146465833.3	0.004786560359218757	2.943747392417299	0.9977452661161455	12.59450713415165	0.9977452661161455	12.59450713415165	0.004786560359218757	2.943747392417299
196364059990000.0	0.004358947405985763	2.902533497869501	0.9977385742386872	12.79386518896438	0.9977385742386872	12.79386518896438	0.004358947405985763	2.902533497869501
196488973514166.7	0.004066871879377397	2.806399944081257	0.9977321990068893	12.99323630949962	0.9977321990068893	12.99323630949962	0.004066871879377397	2.806399944081257
196613887038333.3	0.004027555474237043	2.672773255418316	0.9977256257119196	13.19262052102308	0.9977256257119196	13.19262052102308	0.004027555474237043	2.672773255418316
196738800562500.0	0.004294721495022726	2.546042321291793	0.9977183569591429	13.39201763776215	0.9977183569591429	13.39201763776215	0.004294721495022726	2.546042321291793
196863714086666.7	0.004819712165657811	2.465452212053682	0.9977099977030641	13.59142728229930	0.9977099977030641	13.59142728229930	0.004819712165657811	2.465452212053682
196988627610833.3	0.005494363144494379	2.440674852555572	0.9977003273385866	13.79084893871908	0.9977003273385866	13.79084893871908	0.005494363144494379	2.440674852555572
197113541135000.0	0.006209574120995400	2.462085811601999	0.9976893458270212	13.99028203214370	0.9976893458270212	13.99028203214370	0.006209574120995400	2.462085811601999
197238454659166.7	0.006877904360723572	2.516227377664616	0.9976772846556887	14.18972602239504	0.9976772846556887	14.18972602239504	0.006877904360723572	2.516227377664616
197363368183333.3	0.007433990062811729	2.591816088836358	0.9976645790156373	14.38918049650502	0.9976645790156373	14.38918049650502	0.007433990062811729	2.591816088836358
197488281707500.0	0.007830707065679784	2.680322046706337	0.9976518040476605	14.58864524426095	0.9976518040476605	14.58864524426095	0.007830707065679784	2.680322046706337
197613195231666.7	0.008036602045209170	2.775106238557122	0.9976395842777968	14.78812030312856	0.9976395842777968	14.78812030312856	0.008036602045209170	2.775106238557122
197738108755833.3	0.008035022950528400	2.870430774093610	0.9976284903537802	14.98760596347823	0.9976284903537802	14.98760596347823	0.008035022950528400	2.870430774093610
197863022280000.0	0.007824566279853952	2.960540049124947	0.9976189399959980	15.18710273137782	0.9976189399959980	15.18710273137782	0.007824566279853952	2.960540049124947
197987935804166.7	0.007420755123898563	3.038712524100737	0.9976111201216810	15.38661125329276	0.9976111201216810	15.38661125329276	0.007420755123898563	3.038712524100737
198112849328333.3	0.006859399775814378	3.096158286314185	0.9976049442691259	15.58613221368348	0.9976049442691259	15.58613221368348	0.006859399775814378	3.096158286314185
198237762852500.0	0.006202647230177528	3.120884970664336	0.9976000541023383	15.78566622155769	0.9976000541023383	15.78566622155769	0.006202647230177528	3.120884970664336
198362676376666.7	0.005548302026492940	3.097802482767963	0.9975958667168254	15.98521370460526	0.9975958667168254	15.98521370460526	0.005548302026492940	3.097802482767963
198487589900833.3	0.005036896901820554	3.014631851725862	0.9975916618164332	16.18477482907019	0.9975916618164332	16.18477482907019	0.005036896901820554	3.014631851725862
198612503425000.0	0.004830559142885102	2.879855164417988	0.9975866958557218	16.38434945995690	0.9975866958557218	16.38434945995690	0.004830559142885102	2.879855164417988
198737416949166.7	0.005030495550767509	2.737281779141868	0.9975803251484542	16.58393716999576	0.9975803251484542	16.58393716999576	0.005030495550767509	2.737281779141868
198862330473333.3	0.005596693570650333	2.637802887145255	0.9975721176710248	16.78353729794475	0.9975721176710248	16.78353729794475	0.005596693570650333	2.637802887145255
198987243997500.0	0.006387229383075516	2.600056442990491	0.9975619343418135	16.98314904853001	0.9975619343418135	16.98314904853001	0.006387229383075516	2.600056442990491
199112157521666.7	0.007250749493468715	2.615490439052163	0.9975499648925416	17.18277161901838	0.9975499648925416	17.18277161901838	0.007250749493468715	2.615490439052163
199237071045833.3	0.008067679335942863	2.668828407018237	0.9975367104658997	17.38240433233678	0.9975367104658997	17.38240433233678	0.008067679335942863	2.668828407018237
199361984570000.0	0.008751311782546218	2.747111161333868	0.9975229136918767	17.58204675475025	0.9975229136918767	17.58204675475025	0.008751311782546218	2.747111161333868
199486898094166.7	0.009240607149133587	2.840819549983203	0.9975094458181634	17.78169877783244	0.9975094458181634	17.78169877783244	0.009240607149133587	2.840819549983203
199611811618333.3	0.009495063659918387	2.942873191373325	0.9974971680191836	17.98136064964348	0.9974971680191836	17.98136064964348	0.009495063659918387	2.942873191373325
199736725142500.0	0.009492340174830097	3.047469030112747	0.9974867889683670	18.18103294793036	0.9974867889683670	18.18103294793036	0.009492340174830097	3.047469030112747
199861638666666.7	0.009227778248985305	3.149054817077845	0.9974787422100732	18.38071649755945	0.9974787422100732	18.38071649755945	0.009227778248985305	3.149054817077845
