187370286250000.0	0.006853553808362487	2.597098968503457	0.9999765141243047	-2.351006598223040	0.9999765141243047	-2.351006598223040	0.006853553808362487	2.597098968503457
187495199774166.7	0.006607252312081679	2.638211779167285	0.9999781718702087	-2.169377584234923	0.9999781718702087	-2.169377584234923	0.006607252312081679	2.638211779167285
187620113298333.3	0.006304955820890796	2.664802395199212	0.9999801235685119	-1.987740825276635	0.9999801235685119	-1.987740825276635	0.006304955820890796	2.664802395199212
187745026822500.0	0.005984111377367421	2.673299437732437	0.9999820950452178	-1.806096034841483	0.9999820950452178	-1.806096034841483	0.005984111377367421	2.673299437732437
187869940346666.7	0.005687776963210101	2.661591048337281	0.9999838244657844	-1.624443039064444	0.9999838244657844	-1.624443039064444	0.005687776963210101	2.661591048337281
187994853870833.3	0.005459629822681923	2.630600791492226	0.9999850961100368	-1.442781798593004	0.9999850961100368	-1.442781798593004	0.005459629822681923	2.630600791492226
188119767395000.0	0.005335455406110327	2.585689992433669	0.9999857663565063	-1.261112410466337	0.9999857663565063	-1.261112410466337	0.005335455406110327	2.585689992433669
188244680919166.7	0.005333133699149386	2.536310120296852	0.9999857787413515	-1.079435090443885	0.9999857787413515	-1.079435090443885	0.005333133699149386	2.536310120296852
188369594443333.3	0.005446707254873968	2.493059328480205	0.9999851665800246	-0.8977501390124837	0.9999851665800246	-0.8977501390124837	0.005446707254873968	2.493059328480205
188494507967500.0	0.005649153736556839	2.463875978171175	0.9999840434037238	-0.7160578965417697	0.9999840434037238	-0.7160578965417697	0.005649153736556839	2.463875978171175
188619421491666.7	0.005901987776174453	2.452135664378061	0.9999825831184711	-0.5343586944465268	0.9999825831184711	-0.5343586944465268	0.005901987776174453	2.452135664378061
188744335015833.3	0.006165501130932847	2.457246553330777	0.9999809931172715	-0.3526528095747809	0.9999809931172715	-0.3526528095747809	0.006165501130932847	2.457246553330777
188869248540000.0	0.006405528097005351	2.476302794144347	0.9999794843944542	-0.1709404283403751	0.9999794843944542	-0.1709404283403751	0.006405528097005351	2.476302794144347
188994162064166.7	0.006596488679606205	2.505492920655016	0.9999782429318651	0.01077837450554350	0.9999782429318651	0.01077837450554350	0.006596488679606205	2.505492920655016
189119075588333.3	0.006722128035863046	2.540896832735018	0.9999774062420959	0.1925036398639195	0.9999774062420959	0.1925036398639195	0.006722128035863046	2.540896832735018
189243989112500.0	0.006775203914090550	2.578820144540595	0.9999770480425652	0.3742355110464962	0.9999770480425652	0.3742355110464962	0.006775203914090550	2.578820144540595
189368902636666.7	0.006756773509876094	2.615896361355182	0.9999771727453265	0.5559742058513442	0.9999771727453265	0.5559742058513442	0.006756773509876094	2.615896361355182
189493816160833.3	0.006675293811738033	2.649124273218964	0.9999777199780640	0.7377199785952063	0.9999777199780640	0.7377199785952063	0.006675293811738033	2.649124273218964
189618729685000.0	0.006545510415688493	2.675943489759413	0.9999785779172463	0.9194730780999312	0.9999785779172463	0.9194730780999312	0.006545510415688493	2.675943489759413
189743643209166.7	0.006386982743816606	2.694407358312170	0.9999796030176965	1.101233708064857	0.9999796030176965	1.101233708064857	0.006386982743816606	2.694407358312170
189868556733333.3	0.006222039349575719	2.703467372357704	0.9999806429258180	1.283001995724313	0.9999806429258180	1.283001995724313	0.006222039349575719	2.703467372357704
189993470257500.0	0.006073016432916073	2.703308570565880	0.9999815590656688	1.464777973293808	0.9999815590656688	1.464777973293808	0.006073016432916073	2.703308570565880
190118383781666.7	0.005958897569179682	2.695571670847157	0.9999822456122709	1.646561574669687	0.9999822456122709	1.646561574669687	0.005958897569179682	2.695571670847157
190243297305833.3	0.005891958338726113	2.683234894280313	0.9999826422628220	1.828352647479439	0.9999826422628220	1.828352647479439	0.005891958338726113	2.683234894280313
190368210830000.0	0.005875472087748044	2.670027490921103	0.9999827392649066	2.010150978249579	0.9999827392649066	2.010150978249579	0.005875472087748044	2.670027490921103
190493124354166.7	0.005903465691634816	2.659524435589019	0.9999825743945877	2.191956326505240	0.9999825743945877	2.191956326505240	0.005903465691634816	2.659524435589019
190618037878333.3	0.005962723310311171	2.654310356890143	0.9999822228073479	2.373768462330904	0.9999822228073479	2.373768462330904	0.005962723310311171	2.654310356890143
190742951402500.0	0.006036241517633703	2.655551788475273	0.9999817817282176	2.555587201491057	0.9999817817282176	2.555587201491057	0.006036241517633703	2.655551788475273
190867864926666.7	0.006106909579037887	2.663035871031743	0.9999813526538350	2.737412432682519	0.9999813526538350	2.737412432682519	0.006106909579037887	2.663035871031743
190992778450833.3	0.006160488192489835	2.675501419856321	0.9999810240125711	2.919244132783594	0.9999810240125711	2.919244132783594	0.006160488192489835	2.675501419856321
191117691975000.0	0.006187532040302381	2.691052906853163	0.9999808570403986	3.101082367877498	0.9999808570403986	3.101082367877498	0.006187532040302381	2.691052906853163
191242605499166.7	0.006184302094821455	2.707537690662861	0.9999808770209556	3.282927280058477	0.9999808770209556	3.282927280058477	0.006184302094821455	2.707537690662861
191367519023333.3	0.006152838215590880	2.722862632642429	0.9999810711117949	3.464779062235574	0.9999810711117949	3.464779062235574	0.006152838215590880	2.722862632642429
191492432547500.0	0.006100318426633056	2.735274215588158	0.9999813928844346	3.646637925001169	0.9999813928844346	3.646637925001169	0.006100318426633056	2.735274215588158
191617346071666.7	0.006037750949580615	2.743625189428426	0.9999817726156166	3.828504060843185	0.9999817726156166	3.828504060843185	0.006037750949580615	2.743625189428426
191742259595833.3	0.005978024837398489	2.747613963657112	0.9999821314498791	4.010377611373608	0.9999821314498791	4.010377611373608	0.005978024837398489	2.747613963657112
191867173120000.0	0.005933446845559319	2.747929706946717	0.9999823969493317	4.192258642762790	0.9999823969493317	4.192258642762790	0.005933446845559319	2.747929706946717
191992086644166.7	0.005913121168229247	2.746202668635976	0.9999825173462033	4.374147133286074	0.9999825173462033	4.374147133286074	0.005913121168229247	2.746202668635976
192117000168333.3	0.005920777142179904	2.744693640766967	0.9999824720454019	4.556042974998322	0.9999824720454019	4.556042974998322	0.005920777142179904	2.744693640766967
192241913692500.0	0.005953703621266323	2.745770857009412	0.9999822765495348	4.737945989348661	0.9999822765495348	4.737945989348661	0.005953703621266323	2.745770857009412
192366827216666.7	0.006003155684853595	2.751345792556052	0.9999819808985676	4.919855954362412	0.9999819808985676	4.919855954362412	0.006003155684853595	2.751345792556052
192491740740833.3	0.006056078882993873	2.762463515327545	0.9999816617861366	5.101772639186585	0.9999816617861366	5.101772639186585	0.006056078882993873	2.762463515327545
192616654265000.0	0.006097583215501417	2.779144614943179	0.9999814095666628	5.283695840605473	0.9999814095666628	5.283695840605473	0.006097583215501417	2.779144614943179
192741567789166.7	0.006113524234040036	2.800443987786351	0.9999813122361035	5.465625415765484	0.9999813122361035	5.465625415765484	0.006113524234040036	2.800443987786351
192866481313333.3	0.006092751719836032	2.824623751125428	0.9999814390159854	5.647561305869798	0.9999814390159854	5.647561305869798	0.006092751719836032	2.824623751125428
192991394837500.0	0.006028852195971909	2.849350675890225	0.9999818263054580	5.829503546940508	0.9999818263054580	5.829503546940508	0.006028852195971909	2.849350675890225
193116308361666.7	0.005921382324317380	2.871883458095537	0.9999824684620075	6.011452265703730	0.9999824684620075	6.011452265703730	0.005921382324317380	2.871883458095537
193241221885833.3	0.005776624081847146	2.889274778632017	0.9999833151679167	6.193407660935339	0.9999833151679167	6.193407660935339	0.005776624081847146	2.889274778632017
193366135410000.0	0.005607804959932843	2.898662326382599	0.9999842761381459	6.375369972874144	0.9999842761381459	6.375369972874144	0.005607804959932843	2.898662326382599
193491048934166.7	0.005434540678107697	2.897749044378198	0.9999852327747736	6.557339445211543	0.9999852327747736	6.557339445211543	0.005434540678107697	2.897749044378198
193615962458333.3	0.005281032998518139	2.885533096353199	0.9999860552480063	6.739316285414209	0.9999860552480063	6.739316285414209	0.005281032998518139	2.885533096353199
193740875982500.0	0.005172495018971981	2.863164478468968	0.9999866225581614	6.921300629522436	0.9999866225581614	6.921300629522436	0.005172495018971981	2.863164478468968
193865789506666.7	0.005129787221495116	2.834471910420330	0.9999868425549718	7.103292517024302	0.9999868425549718	7.103292517024302	0.005129787221495116	2.834471910420330
193990703030833.3	0.005163555403050182	2.805515913285497	0.9999866687589388	7.285291879995908	0.9999866687589388	7.285291879995908	0.005163555403050182	2.805515913285497
194115616555000.0	0.005270431703307472	2.782985905558740	0.9999861111783805	7.467298548614744	0.9999861111783805	7.467298548614744	0.005270431703307472	2.782985905558740
194240530079166.7	0.005433375223518799	2.772224916664168	0.9999852391078984	7.649312272706306	0.9999852391078984	7.649312272706306	0.005433375223518799	2.772224916664168
194365443603333.3	0.005625806711475184	2.776025748259301	0.9999841750242074	7.831332756524129	0.9999841750242074	7.831332756524129	0.005625806711475184	2.776025748259301
194490357127500.0	0.005817190345210756	2.794605122784851	0.9999830800051008	8.013359701867646	0.9999830800051008	8.013359701867646	0.005817190345210756	2.794605122784851
194615270651666.7	0.005977866456280711	2.826293512208397	0.9999821323966899	8.195392853233571	0.9999821323966899	8.195392853233571	0.005977866456280711	2.826293512208397
194740184175833.3	0.006082315320703548	2.868307574517325	0.9999815025490919	8.377432038200361	0.9999815025490919	8.377432038200361	0.006082315320703548	2.868307574517325
194865097700000.0	0.006111082373439183	2.917270766073492	0.9999813271617751	8.559477196757333	0.9999813271617751	8.559477196757333	0.006111082373439183	2.917270766073492
194990011224166.7	0.006051912916721845	2.969430329547043	0.9999816870073413	8.741528394761112	0.9999816870073413	8.741528394761112	0.006051912916721845	2.969430329547043
195114924748333.3	0.005900569956222653	3.020633996978376	0.9999825914855676	8.923585818932649	0.9999825914855676	8.923585818932649	0.005900569956222653	3.020633996978376
195239838272500.0	0.005661668791611603	3.066145294389449	0.9999839726248088	9.105649753484968	0.9999839726248088	9.105649753484968	0.005661668791611603	3.066145294389449
195364751796666.7	0.005349766283885021	3.100387087128407	0.9999856898979646	9.287720541213835	0.9999856898979646	9.287720541213835	0.005349766283885021	3.100387087128407
195489665320833.3	0.004990831915906446	3.116795424621693	0.9999875457208390	9.469798534282017	0.9999875457208390	9.469798534282017	0.004990831915906446	3.116795424621693
195614578845000.0	0.004623847775764687	3.108249043276866	0.9999893099587349	9.651884041624687	0.9999893099587349	9.651884041624687	0.004623847775764687	3.108249043276866
195739492369166.7	0.004301059166854860	3.069052219755713	0.9999907504022443	9.833977280629398	0.9999907504022443	9.833977280629398	0.004301059166854860	3.069052219755713
195864405893333.3	0.004082836806114701	2.999500039985853	0.9999916651870726	10.01607834036904	0.9999916651870726	10.01607834036904	0.004082836806114701	2.999500039985853
195989319417500.0	0.004021762699372778	2.911283669026055	0.9999919126796926	10.19818716221140	0.9999919126796926	10.19818716221140	0.004021762699372778	2.911283669026055
196114232941666.7	0.004138948902805532	2.826516632523894	0.9999914345143063	10.38030354128276	0.9999914345143063	10.38030354128276	0.004138948902805532	2.826516632523894
196239146465833.3	0.004411735909203785	2.766649489699789	0.9999902682457802	10.56242714933817	0.9999902682457802	10.56242714933817	0.004411735909203785	2.766649489699789
196364059990000.0	0.004785926262368435	2.742166553655551	0.9999885473893245	10.74455757649722	0.9999885473893245	10.74455757649722	0.004785926262368435	2.742166553655551
196488973514166.7	0.005198388952937349	2.752676396590434	0.9999864882848637	10.92669438648924	0.9999864882848637	10.92669438648924	0.005198388952937349	2.752676396590434
196613887038333.3	0.005591931238002453	2.792492643305894	0.9999843650302885	11.10883717792719	0.9999843650302885	11.10883717792719	0.005591931238002453	2.792492643305894
196738800562500.0	0.005920206332937217	2.854926422856692	0.9999824754249324	11.29098564302358	0.9999824754249324	11.29098564302358	0.005920206332937217	2.854926422856692
196863714086666.7	0.006147781507964425	2.934042330475172	0.9999811022127019	11.47313961525909	0.9999811022127019	11.47313961525909	0.006147781507964425	2.934042330475172
196988627610833.3	0.006249014970761855	3.024971012816828	0.9999804747153293	11.65529909883510	0.9999804747153293	11.65529909883510	0.006249014970761855	3.024971012816828
197113541135000.0	0.006207051072767931	3.123676753006382	0.9999807360729405	11.83746427512071	0.9999807360729405	11.83746427512071	0.006207051072767931	3.123676753006382
197238454659166.7	0.006013170937173269	3.226555947495661	0.9999819207242102	12.01963548443481	0.9999819207242102	12.01963548443481	0.006013170937173269	3.226555947495661
197363368183333.3	0.005666453854730355	3.329934883038375	0.9999839455214830	12.20181318495177	0.9999839455214830	12.20181318495177	0.005666453854730355	3.329934883038375
197488281707500.0	0.005173736028494210	3.429352381840183	0.9999866161381898	12.38399789380153	0.9999866161381898	12.38399789380153	0.005173736028494210	3.429352381840183
197613195231666.7	0.004550062976070531	3.518278342826457	0.9999896484098793	12.56619011808615	0.9999896484098793	12.56619011808615	0.004550062976070531	3.518278342826457
197738108755833.3	0.003820405728471083	3.585336472071946	0.9999927022234061	12.74839028516177	0.9999927022234061	12.74839028516177	0.003820405728471083	3.585336472071946
197863022280000.0	0.003025287612196279	3.607346165445982	0.9999954238069609	12.93059868188241	0.9999954238069609	12.93059868188241	0.003025287612196279	3.607346165445982
197987935804166.7	0.002240077264228323	3.530745426711181	0.9999974910237776	13.11281541149529	0.9999974910237776	13.11281541149529	0.002240077264228323	3.530745426711181
198112849328333.3	0.001639683268164602	3.241309335480436	0.9999986557184866	13.29504037462485	0.9999986557184866	13.29504037462485	0.001639683268164602	3.241309335480436
198237762852500.0	0.001563712349195151	2.727661360519818	0.9999987774010972	13.47727327756716	0.9999987774010972	13.47727327756716	0.001563712349195151	2.727661360519818
198362676376666.7	0.002076742457568832	2.375613853482398	0.9999978435680573	13.65951366737895	0.9999978435680573	13.65951366737895	0.002076742457568832	2.375613853482398
198487589900833.3	0.002837730549376577	2.266503449503704	0.9999959736345587	13.84176098949188	0.9999959736345587	13.84176098949188	0.002837730549376577	2.266503449503704
198612503425000.0	0.003631639399504479	2.277619427547604	0.9999934055758927	14.02401466034347	0.9999934055758927	14.02401466034347	0.003631639399504479	2.277619427547604
198737416949166.7	0.004366528142142254	2.343900865674461	0.9999904666705498	14.20627414526381	0.9999904666705498	14.20627414526381	0.004366528142142254	2.343900865674461
198862330473333.3	0.004993601009418588	2.437602320874707	0.9999875318967524	14.38853903092405	0.9999875318967524	14.38853903092405	0.004993601009418588	2.437602320874707
198987243997500.0	0.005481719593276149	2.545528619471710	0.9999849752622791	14.57080908219919	0.9999849752622791	14.57080908219919	0.005481719593276149	2.545528619471710
199112157521666.7	0.005810241803102912	2.660322147285226	0.9999831204026345	14.75308427527833	0.9999831204026345	14.75308427527833	0.005810241803102912	2.660322147285226
199237071045833.3	0.005967048188559991	2.777025696083735	0.9999821970094845	14.93536480201481	0.9999821970094845	14.93536480201481	0.005967048188559991	2.777025696083735
199361984570000.0	0.005948250180219774	2.891466728992330	0.9999823090034112	15.11765104442805	0.9999823090034112	15.11765104442805	0.005948250180219774	2.891466728992330
199486898094166.7	0.005758636905563739	2.999232535060546	0.9999834189130286	15.29994352241193	0.9999834189130286	15.29994352241193	0.005758636905563739	2.999232535060546
199611811618333.3	0.005412771344048645	3.094690745326628	0.9999853508458899	15.48224282149721	0.9999853508458899	15.48224282149721	0.005412771344048645	3.094690745326628
199736725142500.0	0.004937190295164272	3.169687560292238	0.9999878120017212	15.66454951041969	0.9999878120017212	15.66454951041969	0.004937190295164272	3.169687560292238
199861638666666.7	0.004374871381840716	3.211645164021737	0.9999904302044056	15.84686405984518	0.9999904302044056	15.84686405984518	0.004374871381840716	3.211645164021737
