187370286250000.0	0.006956316784449247	2.992133193821048	0.9970204576542603	1.450241892048773	0.9970204576542603	1.450241892048773	0.006956316784449247	2.992133193821048
187495199774166.7	0.006589080343049938	2.990924130604526	0.9969951719787529	1.620307715442644	0.9969951719787529	1.620307715442644	0.006589080343049938	2.990924130604526
187620113298333.3	0.006276478625305780	2.973947726104865	0.9969702627526684	1.790383893214188	0.9969702627526684	1.790383893214188	0.006276478625305780	2.973947726104865
187745026822500.0	0.006049671917961690	2.943955200454392	0.9969454295027975	1.960470323099268	0.9969454295027975	1.960470323099268	0.006049671917961690	2.943955200454392
187869940346666.7	0.005927990361559847	2.906725007222407	0.9969204259092187	2.130566807334429	0.9969204259092187	2.130566807334429	0.005927990361559847	2.906725007222407
187994853870833.3	0.005913549450836064	2.869911736920390	0.9968950884242023	2.300673079141284	0.9968950884242023	2.300673079141284	0.005913549450836064	2.869911736920390
188119767395000.0	0.005990606090853734	2.840762117175958	0.9968693534983956	2.470788837017155	0.9968693534983956	2.470788837017155	0.005990606090853734	2.840762117175958
188244680919166.7	0.006130429351414355	2.824082788177090	0.9968432616015167	2.640913782267624	0.9968432616015167	2.640913782267624	0.006130429351414355	2.824082788177090
188369594443333.3	0.006298910779937522	2.821582844877223	0.9968169479434765	2.811047654931786	0.9968169479434765	2.811047654931786	0.006298910779937522	2.821582844877223
188494507967500.0	0.006463324905581320	2.832458135646467	0.9967906214900290	2.981190263589786	0.9967906214900290	2.981190263589786	0.006463324905581320	2.832458135646467
188619421491666.7	0.006596531048260218	2.854400009457770	0.9967645353109865	3.151341505443126	0.9967645353109865	3.151341505443126	0.006596531048260218	2.854400009457770
188744335015833.3	0.006678828475772352	2.884428911177152	0.9967389523209731	3.321501374395619	0.9967389523209731	3.321501374395619	0.006678828475772352	2.884428911177152
188869248540000.0	0.006698357750540508	2.919389630953415	0.9967141109512460	3.491669956460172	0.9967141109512460	3.491669956460172	0.006698357750540508	2.919389630953415
188994162064166.7	0.006650795427833464	2.956180592456384	0.9966901951776521	3.661847413461074	0.9966901951776521	3.661847413461074	0.006650795427833464	2.956180592456384
189119075588333.3	0.006538753261057002	2.991839210521639	0.9966673126514742	3.832033957480657	0.9966673126514742	3.832033957480657	0.006538753261057002	2.991839210521639
189243989112500.0	0.006371033592308981	3.023585473814380	0.9966454835354234	4.002229819633902	0.9966454835354234	4.002229819633902	0.006371033592308981	3.023585473814380
189368902636666.7	0.006161730473312270	3.048900834571734	0.9966246411932599	4.172435217397974	0.9966246411932599	4.172435217397974	0.006161730473312270	3.048900834571734
189493816160833.3	0.005929059004513607	3.065702142395467	0.9966046443107303	4.342650324806698	0.9966046443107303	4.342650324806698	0.005929059004513607	3.065702142395467
189618729685000.0	0.005693723108441252	3.072645917342082	0.9965852985431450	4.512875249344027	0.9965852985431450	4.512875249344027	0.005693723108441252	3.072645917342082
189743643209166.7	0.005476631248566361	3.069537973831761	0.9965663845803778	4.683110018403847	0.9965663845803778	4.683110018403847	0.005476631248566361	3.069537973831761
189868556733333.3	0.005295940074969199	3.057708877501212	0.9965476887448298	4.853354576860331	0.9965476887448298	4.853354576860331	0.005295940074969199	3.057708877501212
189993470257500.0	0.005163831176437946	3.040094144797408	0.9965290319861770	5.023608795793630	0.9965290319861770	5.023608795793630	0.005163831176437946	3.040094144797408
190118383781666.7	0.005083966130308607	3.020776657588509	0.9965102934331657	5.193872490938187	0.9965102934331657	5.193872490938187	0.005083966130308607	3.020776657588509
190243297305833.3	0.005050736971131190	3.004024647457530	0.9964914254607367	5.364145448152963	0.9964914254607367	5.364145448152963	0.005050736971131190	3.004024647457530
190368210830000.0	0.005050810506290693	2.993226518495350	0.9964724584189353	5.534427452327533	0.9964724584189353	5.534427452327533	0.005050810506290693	2.993226518495350
190493124354166.7	0.005066377527298063	2.990207186729351	0.9964534945865244	5.704718315739406	0.9964534945865244	5.704718315739406	0.005066377527298063	2.990207186729351
190618037878333.3	0.005078858337128553	2.995113732126149	0.9964346923674221	5.875017902014363	0.9964346923674221	5.875017902014363	0.005078858337128553	2.995113732126149
190742951402500.0	0.005072009408923751	3.006708326776796	0.9964162430483832	6.045326142491969	0.9964162430483832	6.045326142491969	0.005072009408923751	3.006708326776796
190867864926666.7	0.005034009682400373	3.022793002089651	0.9963983434115105	6.215643042869183	0.9963983434115105	6.215643042869183	0.005034009682400373	3.022793002089651
190992778450833.3	0.004958607315508452	3.040583845662988	0.9963811680178012	6.385968679336072	0.9963811680178012	6.385968679336072	0.004958607315508452	3.040583845662988
191117691975000.0	0.004845585270673923	3.056989549287211	0.9963648449834606	6.556303184856751	0.9963648449834606	6.556303184856751	0.004845585270673923	3.056989549287211
191242605499166.7	0.004700752323376336	3.068843385805873	0.9963494385616134	6.726646727585457	0.9963494385616134	6.726646727585457	0.004700752323376336	3.068843385805873
191367519023333.3	0.004535514027558775	3.073184870096941	0.9963349408899602	6.896999484467664	0.9963349408899602	6.896999484467664	0.004535514027558775	3.073184870096941
191492432547500.0	0.004365894250399011	3.067697589883003	0.9963212739991856	7.067361613719267	0.9963212739991856	7.067361613719267	0.004365894250399011	3.067697589883003
191617346071666.7	0.004210716871870825	3.051358087328578	0.9963083017674934	7.237733230020086	0.9963083017674934	7.237733230020086	0.004210716871870825	3.051358087328578
191742259595833.3	0.004088656771220052	3.025178481881079	0.9962958501432337	7.408114385876943	0.9962958501432337	7.408114385876943	0.004088656771220052	3.025178481881079
191867173120000.0	0.004014272753710016	2.992639463233572	0.9962837328214377	7.578505061766744	0.9962837328214377	7.578505061766744	0.004014272753710016	2.992639463233572
191992086644166.7	0.003994015953612541	2.959264482825739	0.9962717788051518	7.748905166467734	0.9962717788051518	7.748905166467734	0.003994015953612541	2.959264482825739
192117000168333.3	0.004023949878273992	2.931185419051499	0.9962598580099856	7.919314547589602	0.9962598580099856	7.919314547589602	0.004023949878273992	2.931185419051499
192241913692500.0	0.004090454002876848	2.913362650091877	0.9962479013189300	8.089733010910519	0.9962479013189300	8.089733010910519	0.004090454002876848	2.913362650091877
192366827216666.7	0.004173519631141872	2.908444824288250	0.9962359122334922	8.260160345906130	0.9962359122334922	8.260160345906130	0.004173519631141872	2.908444824288250
192491740740833.3	0.004250951172127012	2.916658559722761	0.9962239683994238	8.430596353980850	0.9962239683994238	8.430596353980850	0.004250951172127012	2.916658559722761
192616654265000.0	0.004301939581487689	2.936364807717537	0.9962122126611566	8.601040875503943	0.9962122126611566	8.601040875503943	0.004301939581487689	2.936364807717537
192741567789166.7	0.004309444200523698	2.964725807062323	0.9962008347349562	8.771493811872308	0.9962008347349562	8.771493811872308	0.004309444200523698	2.964725807062323
192866481313333.3	0.004261567528251068	2.998158101080112	0.9961900458936601	8.941955139453405	0.9961900458936601	8.941955139453405	0.004261567528251068	2.998158101080112
192991394837500.0	0.004152348034579562	3.032497634492398	0.9961800500490197	9.112424913331282	0.9961800500490197	9.112424913331282	0.004152348034579562	3.032497634492398
193116308361666.7	0.003982354986274287	3.062921483644693	0.9961710151645380	9.282903260140612	0.9961710151645380	9.282903260140612	0.003982354986274287	3.062921483644693
193241221885833.3	0.003759372514883042	3.083711749121409	0.9961630489534284	9.453390360753854	0.9961630489534284	9.453390360753854	0.003759372514883042	3.083711749121409
193366135410000.0	0.003499367742309065	3.088021620737189	0.9961561823040641	9.623886424984152	0.9961561823040641	9.623886424984152	0.003499367742309065	3.088021620737189
193491048934166.7	0.003227726617437021	3.068054130417468	0.9961503628895907	9.794391661596434	0.9961503628895907	9.794391661596434	0.003227726617437021	3.068054130417468
193615962458333.3	0.002980014942200817	3.016628574700221	0.9961454600851991	9.964906247624297	0.9961454600851991	9.964906247624297	0.002980014942200817	3.016628574700221
193740875982500.0	0.002799684306413896	2.931573637544135	0.9961412808071363	10.13543030116961	0.9961412808071363	10.13543030116961	0.002799684306413896	2.931573637544135
193865789506666.7	0.002728156838773712	2.822311873415215	0.9961375944008042	10.30596386148418	0.9961375944008042	10.30596386148418	0.002728156838773712	2.822311873415215
193990703030833.3	0.002786908497954831	2.711335871750558	0.9961341634393299	10.47650687923967	0.9961341634393299	10.47650687923967	0.002786908497954831	2.711335871750558
194115616555000.0	0.002964709316470244	2.623305518117157	0.9961307764210855	10.64705921858549	0.9961307764210855	10.64705921858549	0.002964709316470244	2.623305518117157
194240530079166.7	0.003224044594032782	2.571693041746378	0.9961272779991314	10.81762067105200	0.9961272779991314	10.81762067105200	0.003224044594032782	2.571693041746378
194365443603333.3	0.003518647448427634	2.557057239957149	0.9961235925946340	10.98819097976628	0.9961235925946340	10.98819097976628	0.003518647448427634	2.557057239957149
194490357127500.0	0.003806108068916403	2.573247717771960	0.9961197380235427	11.15876987102759	0.9961197380235427	11.15876987102759	0.003806108068916403	2.573247717771960
194615270651666.7	0.004052180026210644	2.612669065972598	0.9961158270099335	11.32935708922835	0.9961158270099335	11.32935708922835	0.004052180026210644	2.612669065972598
194740184175833.3	0.004230886554999513	2.668461377474121	0.9961120560159095	11.49995243055222	0.9961120560159095	11.49995243055222	0.004230886554999513	2.668461377474121
194865097700000.0	0.004323631829606313	2.734864231947011	0.9961086824877202	11.67055577091869	0.9961086824877202	11.67055577091869	0.004323631829606313	2.734864231947011
194990011224166.7	0.004318484212634976	2.806892452114642	0.9961059931833531	11.84116708428051	0.9961059931833531	11.84116708428051	0.004318484212634976	2.806892452114642
195114924748333.3	0.004209867689879176	2.879784851852988	0.9961042674996090	12.01178644854816	0.9961042674996090	12.01178644854816	0.004209867689879176	2.879784851852988
195239838272500.0	0.003998692089992436	2.948297590332175	0.9961037404854196	12.18241403796843	0.9961037404854196	12.18241403796843	0.003998692089992436	2.948297590332175
195364751796666.7	0.003693055227359980	3.005707832496155	0.9961045704016978	12.35305010253370	0.9961045704016978	12.35305010253370	0.003693055227359980	3.005707832496155
195489665320833.3	0.003309968675917097	3.042228594188882	0.9961068152298893	12.52369493671536	0.9961068152298893	12.52369493671536	0.003309968675917097	3.042228594188882
195614578845000.0	0.002879219371108253	3.042454142014043	0.9961104214872735	12.69434884127737	0.9961104214872735	12.69434884127737	0.002879219371108253	3.042454142014043
195739492369166.7	0.002451486296943713	2.982395520964039	0.9961152271983453	12.86501208293758	0.9961152271983453	12.86501208293758	0.002451486296943713	2.982395520964039
195864405893333.3	0.002111307023531246	2.833358765814077	0.9961209790829789	13.03568485706409	0.9961209790829789	13.03568485706409	0.002111307023531246	2.833358765814077
195989319417500.0	0.001975407812321616	2.596868429618743	0.9961273621775223	13.20636725834970	0.9961273621775223	13.20636725834970	0.001975407812321616	2.596868429618743
196114232941666.7	0.002121386598667511	2.353662941571012	0.9961340384413260	13.37705926351907	0.9961340384413260	13.37705926351907	0.002121386598667511	2.353662941571012
196239146465833.3	0.002503981842119956	2.193864492535136	0.9961406896381841	13.54776072868502	0.9961406896381841	13.54776072868502	0.002503981842119956	2.193864492535136
196364059990000.0	0.003013511532829056	2.128783394403329	0.9961470590920017	13.71847140215542	0.9961470590920017	13.71847140215542	0.003013511532829056	2.128783394403329
196488973514166.7	0.003558831829981845	2.130989156161372	0.9961529869036417	13.88919095152449	0.9961529869036417	13.88919095152449	0.003558831829981845	2.130989156161372
196613887038333.3	0.004079380413354449	2.175414296612633	0.9961584338999118	14.05991900201285	0.9961584338999118	14.05991900201285	0.004079380413354449	2.175414296612633
196738800562500.0	0.004534321614937277	2.245887836400950	0.9961634908967930	14.23065518148662	0.9961634908967930	14.23065518148662	0.004534321614937277	2.245887836400950
196863714086666.7	0.004894619967543257	2.332426855440425	0.9961683716438874	14.40139916660271	0.9961683716438874	14.40139916660271	0.004894619967543257	2.332426855440425
196988627610833.3	0.005139304305095196	2.428557687847350	0.9961733898591910	14.57215072422454	0.9961733898591910	14.57215072422454	0.005139304305095196	2.428557687847350
197113541135000.0	0.005253964369505125	2.529639611408654	0.9961789228066802	14.74290974269313	0.9961789228066802	14.74290974269313	0.005253964369505125	2.529639611408654
197238454659166.7	0.005230299257326693	2.631820091211295	0.9961853656520665	14.91367624868004	0.9961853656520665	14.91367624868004	0.005230299257326693	2.631820091211295
197363368183333.3	0.005066208371770550	2.731252593393570	0.9961930821216840	15.08445040706603	0.9961930821216840	15.08445040706603	0.005066208371770550	2.731252593393570
197488281707500.0	0.004766306113220330	2.823282502381018	0.9962023576089469	15.25523250337178	0.9962023576089469	15.25523250337178	0.004766306113220330	2.823282502381018
197613195231666.7	0.004343076952284235	2.901262803902285	0.9962133607293583	15.42602291046734	0.9962133607293583	15.42602291046734	0.004343076952284235	2.901262803902285
197738108755833.3	0.003819446888032713	2.954435080425070	0.9962261184182466	15.59682204331945	0.9962261184182466	15.59682204331945	0.003819446888032713	2.954435080425070
197863022280000.0	0.003234858825762027	2.963899280909907	0.9962405080928498	15.76763030714856	0.9962405080928498	15.76763030714856	0.003234858825762027	2.963899280909907
197987935804166.7	0.002659818796024314	2.896314370010672	0.9962562683441070	15.93844804534027	0.9962562683441070	15.93844804534027	0.002659818796024314	2.896314370010672
198112849328333.3	0.002224067574426335	2.706809126000066	0.9962730273304716	16.10927549365620	0.9962730273304716	16.10927549365620	0.002224067574426335	2.706809126000066
198237762852500.0	0.002117256391366539	2.405051468329306	0.9962903457990051	16.28011274666790	0.9962903457990051	16.28011274666790	0.002117256391366539	2.405051468329306
198362676376666.7	0.002430303078277474	2.133779369501362	0.9963077697407505	16.45095974095864	0.9963077697407505	16.45095974095864	0.002430303078277474	2.133779369501362
198487589900833.3	0.003037062848079114	1.993952641250981	0.9963248863471832	16.62181625765012	0.9963248863471832	16.62181625765012	0.003037062848079114	1.993952641250981
198612503425000.0	0.003770075094020703	1.962120351192815	0.9963413763559216	16.79268194445404	0.9963413763559216	16.79268194445404	0.003770075094020703	1.962120351192815
198737416949166.7	0.004521257167737151	1.994975810891990	0.9963570561479804	16.96355635500579	0.9963570561479804	16.96355635500579	0.004521257167737151	1.994975810891990
198862330473333.3	0.005225380705027244	2.065126084201768	0.9963719040736566	17.13443900101741	0.9963719040736566	17.13443900101741	0.005225380705027244	2.065126084201768
198987243997500.0	0.005838841003449599	2.157356412179151	0.9963860673186843	17.30532941107032	0.9963860673186843	17.30532941107032	0.005838841003449599	2.157356412179151
199112157521666.7	0.006329956130423847	2.262950635508243	0.9963998479642983	17.47622718888609	0.9963998479642983	17.47622718888609	0.006329956130423847	2.262950635508243
199237071045833.3	0.006675197923540099	2.376502892227205	0.9964136694601570	17.64713206380506	0.9964136694601570	17.64713206380506	0.006675197923540099	2.376502892227205
199361984570000.0	0.006857858034940564	2.494270333781484	0.9964280272013487	17.81804392699699	0.9964280272013487	17.81804392699699	0.006857858034940564	2.494270333781484
199486898094166.7	0.006867709133785624	2.613255521242428	0.9964434289673596	17.98896284855411	0.9964434289673596	17.98896284855411	0.006867709133785624	2.613255521242428
199611811618333.3	0.006701107682046358	2.730585689019923	0.9964603323754359	18.15988907288022	0.9964603323754359	18.15988907288022	0.006701107682046358	2.730585689019923
199736725142500.0	0.006361376086326425	2.842929308879774	0.9964790870352362	18.33082299242532	0.9964790870352362	18.33082299242532	0.006361376086326425	2.842929308879774
199861638666666.7	0.005859563157803607	2.945705568140078	0.9964998886829524	18.50176510250396	0.9964998886829524	18.50176510250396	0.005859563157803607	2.945705568140078
