('port 1',TE,1,'port 1',1,'transmission')
(101,3)
1.8737e+014	0.00868658	2.26857
1.87495e+014	0.00920685	2.6083
1.8762e+014	0.0092915	2.96695
1.87745e+014	0.00907239	3.36109
1.8787e+014	0.00877771	3.80492
1.87995e+014	0.00872369	4.29932
1.8812e+014	0.00921696	4.81615
1.88245e+014	0.0103788	5.30799
1.8837e+014	0.012088	5.74493
1.88495e+014	0.0141018	6.12586
1.88619e+014	0.0161741	6.4626
1.88744e+014	0.018097	6.76755
1.88869e+014	0.0197043	7.05014
1.88994e+014	0.0208672	7.31706
1.89119e+014	0.021491	7.57301
1.89244e+014	0.021514	7.82157
1.89369e+014	0.0209054	8.06575
1.89494e+014	0.0196649	8.3086
1.89619e+014	0.0178208	8.554
1.89744e+014	0.0154305	8.80809
1.89869e+014	0.0125839	9.08287
1.89993e+014	0.00942442	9.40726
1.90118e+014	0.00625263	9.86965
1.90243e+014	0.00409688	10.7413
1.90368e+014	0.00516379	11.8275
1.90493e+014	0.00837897	12.4152
1.90618e+014	0.0120608	12.7709
1.90743e+014	0.0157256	13.046
1.90868e+014	0.0191808	13.2862
1.90993e+014	0.0223058	13.5083
1.91118e+014	0.0250088	13.7199
1.91243e+014	0.0272158	13.9253
1.91368e+014	0.0288666	14.1266
1.91492e+014	0.0299147	14.3256
1.91617e+014	0.0303277	14.5234
1.91742e+014	0.0300877	14.7208
1.91867e+014	0.0291925	14.9187
1.91992e+014	0.0276565	15.118
1.92117e+014	0.0255114	15.3194
1.92242e+014	0.022807	15.5242
1.92367e+014	0.0196106	15.7344
1.92492e+014	0.0160075	15.9538
1.92617e+014	0.0121023	16.1909
1.92742e+014	0.00802799	16.4717
1.92866e+014	0.00402979	16.9241
1.92991e+014	0.00200619	18.5427
1.93116e+014	0.00508819	19.6016
1.93241e+014	0.00872244	19.9704
1.93366e+014	0.0120734	20.24
1.93491e+014	0.0149731	20.4812
1.93616e+014	0.0173233	20.7117
1.93741e+014	0.0190567	20.938
1.93866e+014	0.020132	21.1634
1.93991e+014	0.0205345	21.3897
1.94116e+014	0.0202759	21.6186
1.94241e+014	0.0193939	21.8518
1.94365e+014	0.0179518	22.0914
1.9449e+014	0.0160361	22.3403
1.94615e+014	0.0137555	22.6036
1.9474e+014	0.0112399	22.8901
1.94865e+014	0.00864506	23.218
1.9499e+014	0.00617625	23.6287
1.95115e+014	0.0041765	24.2195
1.9524e+014	0.00329146	25.0904
1.95365e+014	0.00380569	25.9323
1.9549e+014	0.00484778	26.5119
1.95615e+014	0.00575201	26.9535
1.95739e+014	0.00629423	27.3501
1.95864e+014	0.00644105	27.7501
1.95989e+014	0.00628494	28.1892
1.96114e+014	0.00606364	28.6985
1.96239e+014	0.00617153	29.2813
1.96364e+014	0.00699477	29.8759
1.96489e+014	0.00861247	30.4022
1.96614e+014	0.0108123	30.8407
1.96739e+014	0.0133189	31.2119
1.96864e+014	0.0158921	31.5389
1.96989e+014	0.0183311	31.838
1.97114e+014	0.0204645	32.1192
1.97238e+014	0.0221462	32.3894
1.97363e+014	0.0232553	32.6533
1.97488e+014	0.0236986	32.9145
1.97613e+014	0.0234144	33.1766
1.97738e+014	0.0223766	33.444
1.97863e+014	0.0206008	33.7224
1.97988e+014	0.0181557	34.022
1.98113e+014	0.0151899	34.3623
1.98238e+014	0.0120109	34.7845
1.98363e+014	0.0093192	35.3704
1.98488e+014	0.00853611	36.1606
1.98613e+014	0.0105956	36.9012
1.98737e+014	0.0144532	37.4259
1.98862e+014	0.0189609	37.8135
1.98987e+014	0.0235321	38.133
1.99112e+014	0.0278388	38.417
1.99237e+014	0.031656	38.6811
1.99362e+014	0.0348117	38.9333
1.99487e+014	0.0371723	39.1781
1.99612e+014	0.038639	39.4185
1.99737e+014	0.0391476	39.6564
1.99862e+014	0.0386696	39.8936
('port 2',TE,1,'port 1',1,'transmission')
(101,3)
1.8737e+014	0.000366625	-0.978714
1.87495e+014	0.000223825	0.250016
1.8762e+014	0.000341424	1.61986
1.87745e+014	0.000590218	2.35625
1.8787e+014	0.000865886	2.89736
1.87995e+014	0.00114663	3.37805
1.8812e+014	0.00142397	3.83428
1.88245e+014	0.00169242	4.27897
1.8837e+014	0.00194768	4.71784
1.88495e+014	0.00218608	5.15377
1.88619e+014	0.00240446	5.58842
1.88744e+014	0.00260009	6.02283
1.88869e+014	0.00277073	6.45768
1.88994e+014	0.00291457	6.89351
1.89119e+014	0.00303029	7.33079
1.89244e+014	0.0031171	7.76991
1.89369e+014	0.00317475	8.21131
1.89494e+014	0.00320356	8.65542
1.89619e+014	0.00320441	9.10271
1.89744e+014	0.00317876	9.55371
1.89869e+014	0.00312859	10.009
1.89993e+014	0.00305641	10.4692
1.90118e+014	0.00296517	10.9351
1.90243e+014	0.00285827	11.4073
1.90368e+014	0.00273944	11.8868
1.90493e+014	0.00261273	12.3744
1.90618e+014	0.0024824	12.8711
1.90743e+014	0.00235287	13.3776
1.90868e+014	0.00222861	13.8945
1.90993e+014	0.00211392	14.4223
1.91118e+014	0.00201275	14.9605
1.91243e+014	0.00192835	15.5082
1.91368e+014	0.00186301	16.0635
1.91492e+014	0.00181773	16.6241
1.91617e+014	0.00179218	17.187
1.91742e+014	0.00178483	17.7495
1.91867e+014	0.00179335	18.3094
1.91992e+014	0.00181509	18.8653
1.92117e+014	0.00184756	19.4163
1.92242e+014	0.00188875	19.9624
1.92367e+014	0.00193735	20.5035
1.92492e+014	0.00199264	21.0398
1.92617e+014	0.00205442	21.5713
1.92742e+014	0.00212272	22.0979
1.92866e+014	0.00219748	22.6191
1.92991e+014	0.00227833	23.1343
1.93116e+014	0.00236437	23.6432
1.93241e+014	0.00245406	24.145
1.93366e+014	0.00254525	24.6394
1.93491e+014	0.00263523	25.1263
1.93616e+014	0.00272093	25.6054
1.93741e+014	0.00279909	26.0768
1.93866e+014	0.00286642	26.5407
1.93991e+014	0.00291983	26.9973
1.94116e+014	0.00295651	27.4465
1.94241e+014	0.00297409	27.8884
1.94365e+014	0.00297071	28.3229
1.9449e+014	0.00294511	28.7497
1.94615e+014	0.00289671	29.1681
1.9474e+014	0.00282574	29.5774
1.94865e+014	0.00273336	29.9763
1.9499e+014	0.00262193	30.3629
1.95115e+014	0.0024953	30.7349
1.9524e+014	0.00235929	31.0892
1.95365e+014	0.00222231	31.4223
1.9549e+014	0.00209592	31.7307
1.95615e+014	0.00199505	32.0123
1.95739e+014	0.00193688	32.2691
1.95864e+014	0.00193761	32.5092
1.95989e+014	0.00200755	32.7465
1.96114e+014	0.00214753	32.9955
1.96239e+014	0.00234959	33.2662
1.96364e+014	0.00260098	33.5619
1.96489e+014	0.00288799	33.8814
1.96614e+014	0.00319821	34.2213
1.96739e+014	0.0035212	34.5781
1.96864e+014	0.00384844	34.9484
1.96989e+014	0.00417306	35.3297
1.97114e+014	0.00448954	35.7199
1.97238e+014	0.00479344	36.1173
1.97363e+014	0.00508119	36.5207
1.97488e+014	0.00534986	36.9291
1.97613e+014	0.00559703	37.3415
1.97738e+014	0.00582066	37.7574
1.97863e+014	0.0060189	38.1761
1.97988e+014	0.0061901	38.5971
1.98113e+014	0.00633272	39.0202
1.98238e+014	0.00644536	39.445
1.98363e+014	0.00652682	39.8713
1.98488e+014	0.00657614	40.2989
1.98613e+014	0.00659273	40.728
1.98737e+014	0.00657646	41.1585
1.98862e+014	0.00652772	41.5904
1.98987e+014	0.0064475	42.0238
1.99112e+014	0.00633736	42.4589
1.99237e+014	0.00619938	42.8958
1.99362e+014	0.00603607	43.3345
1.99487e+014	0.00585019	43.775
1.99612e+014	0.00564456	44.2174
1.99737e+014	0.00542189	44.6615
1.99862e+014	0.00518457	45.1072
('port 3',TE,1,'port 1',1,'transmission')
(101,3)
1.8737e+014	0.960627	-0.0269062
1.87495e+014	0.960801	0.167021
1.8762e+014	0.96096	0.360914
1.87745e+014	0.961112	0.554773
1.8787e+014	0.961266	0.748598
1.87995e+014	0.961427	0.942393
1.8812e+014	0.961601	1.13616
1.88245e+014	0.961789	1.32992
1.8837e+014	0.96199	1.52366
1.88495e+014	0.962201	1.7174
1.88619e+014	0.962417	1.91114
1.88744e+014	0.962635	2.10487
1.88869e+014	0.96285	2.2986
1.88994e+014	0.96306	2.49232
1.89119e+014	0.963263	2.68604
1.89244e+014	0.96346	2.87974
1.89369e+014	0.963651	3.07343
1.89494e+014	0.963839	3.26711
1.89619e+014	0.964025	3.46077
1.89744e+014	0.964211	3.65442
1.89869e+014	0.964396	3.84806
1.89993e+014	0.96458	4.04169
1.90118e+014	0.964761	4.23531
1.90243e+014	0.964939	4.42892
1.90368e+014	0.96511	4.62252
1.90493e+014	0.965273	4.81611
1.90618e+014	0.965428	5.00969
1.90743e+014	0.965574	5.20325
1.90868e+014	0.965712	5.39679
1.90993e+014	0.965844	5.59031
1.91118e+014	0.965973	5.78381
1.91243e+014	0.9661	5.97728
1.91368e+014	0.966231	6.17073
1.91492e+014	0.966366	6.36416
1.91617e+014	0.966509	6.55757
1.91742e+014	0.966661	6.75096
1.91867e+014	0.966824	6.94434
1.91992e+014	0.966998	7.1377
1.92117e+014	0.967181	7.33106
1.92242e+014	0.967374	7.52441
1.92367e+014	0.967572	7.71776
1.92492e+014	0.967775	7.91111
1.92617e+014	0.967977	8.10446
1.92742e+014	0.968176	8.2978
1.92866e+014	0.968369	8.49115
1.92991e+014	0.968553	8.6845
1.93116e+014	0.968724	8.87784
1.93241e+014	0.968882	9.07117
1.93366e+014	0.969025	9.26449
1.93491e+014	0.969154	9.4578
1.93616e+014	0.96927	9.65108
1.93741e+014	0.969376	9.84434
1.93866e+014	0.969473	10.0376
1.93991e+014	0.969567	10.2308
1.94116e+014	0.969662	10.424
1.94241e+014	0.969762	10.6171
1.94365e+014	0.969872	10.8102
1.9449e+014	0.969994	11.0034
1.94615e+014	0.970133	11.1964
1.9474e+014	0.970287	11.3895
1.94865e+014	0.970457	11.5826
1.9499e+014	0.970638	11.7757
1.95115e+014	0.970825	11.9688
1.9524e+014	0.971013	12.1619
1.95365e+014	0.971193	12.355
1.9549e+014	0.971358	12.5481
1.95615e+014	0.971502	12.7412
1.95739e+014	0.971621	12.9343
1.95864e+014	0.971714	13.1274
1.95989e+014	0.971782	13.3205
1.96114e+014	0.971831	13.5135
1.96239e+014	0.971868	13.7065
1.96364e+014	0.971903	13.8994
1.96489e+014	0.971944	14.0924
1.96614e+014	0.972001	14.2852
1.96739e+014	0.972079	14.4781
1.96864e+014	0.972181	14.6709
1.96989e+014	0.972307	14.8638
1.97114e+014	0.972453	15.0566
1.97238e+014	0.97261	15.2494
1.97363e+014	0.97277	15.4423
1.97488e+014	0.972923	15.6351
1.97613e+014	0.973062	15.828
1.97738e+014	0.973179	16.0209
1.97863e+014	0.973273	16.2137
1.97988e+014	0.973343	16.4066
1.98113e+014	0.973393	16.5994
1.98238e+014	0.97343	16.7922
1.98363e+014	0.973462	16.985
1.98488e+014	0.973495	17.1777
1.98613e+014	0.973536	17.3704
1.98737e+014	0.973588	17.563
1.98862e+014	0.973652	17.7557
1.98987e+014	0.973726	17.9483
1.99112e+014	0.973805	18.141
1.99237e+014	0.973885	18.3336
1.99362e+014	0.973959	18.5262
1.99487e+014	0.974025	18.7189
1.99612e+014	0.974081	18.9115
1.99737e+014	0.97413	19.104
1.99862e+014	0.974176	19.2966
('port 4',TE,1,'port 1',1,'transmission')
(101,3)
1.8737e+014	0.224899	2.73461
1.87495e+014	0.223957	2.98447
1.8762e+014	0.223018	3.2343
1.87745e+014	0.222083	3.48409
1.8787e+014	0.221154	3.73386
1.87995e+014	0.220231	3.9836
1.8812e+014	0.219314	4.23332
1.88245e+014	0.218404	4.48302
1.8837e+014	0.2175	4.73271
1.88495e+014	0.216601	4.9824
1.88619e+014	0.215706	5.23207
1.88744e+014	0.214814	5.48173
1.88869e+014	0.213926	5.73138
1.88994e+014	0.21304	5.98101
1.89119e+014	0.212157	6.23062
1.89244e+014	0.211278	6.48021
1.89369e+014	0.210403	6.72978
1.89494e+014	0.209533	6.97932
1.89619e+014	0.208669	7.22885
1.89744e+014	0.20781	7.47836
1.89869e+014	0.206956	7.72785
1.89993e+014	0.206108	7.97734
1.90118e+014	0.205265	8.22682
1.90243e+014	0.204425	8.4763
1.90368e+014	0.203588	8.72576
1.90493e+014	0.202754	8.97522
1.90618e+014	0.201921	9.22466
1.90743e+014	0.20109	9.47409
1.90868e+014	0.200261	9.7235
1.90993e+014	0.199433	9.97288
1.91118e+014	0.198609	10.2222
1.91243e+014	0.197788	10.4716
1.91368e+014	0.196971	10.7209
1.91492e+014	0.196158	10.9701
1.91617e+014	0.195351	11.2194
1.91742e+014	0.19455	11.4686
1.91867e+014	0.193755	11.7178
1.91992e+014	0.192966	11.967
1.92117e+014	0.192182	12.2162
1.92242e+014	0.191403	12.4653
1.92367e+014	0.190628	12.7145
1.92492e+014	0.189857	12.9637
1.92617e+014	0.189089	13.2128
1.92742e+014	0.188322	13.4619
1.92866e+014	0.187557	13.7111
1.92991e+014	0.186793	13.9602
1.93116e+014	0.18603	14.2093
1.93241e+014	0.185268	14.4583
1.93366e+014	0.184507	14.7074
1.93491e+014	0.183747	14.9564
1.93616e+014	0.182991	15.2053
1.93741e+014	0.182238	15.4542
1.93866e+014	0.18149	15.7031
1.93991e+014	0.180747	15.9519
1.94116e+014	0.180011	16.2007
1.94241e+014	0.179283	16.4495
1.94365e+014	0.178564	16.6982
1.9449e+014	0.177853	16.947
1.94615e+014	0.17715	17.1957
1.9474e+014	0.176457	17.4444
1.94865e+014	0.17577	17.6931
1.9499e+014	0.17509	17.9419
1.95115e+014	0.174414	18.1906
1.9524e+014	0.173741	18.4394
1.95365e+014	0.173068	18.6882
1.9549e+014	0.172394	18.937
1.95615e+014	0.171718	19.1858
1.95739e+014	0.171038	19.4346
1.95864e+014	0.170354	19.6834
1.95989e+014	0.169667	19.9322
1.96114e+014	0.168976	20.1809
1.96239e+014	0.168284	20.4296
1.96364e+014	0.167593	20.6783
1.96489e+014	0.166904	20.9268
1.96614e+014	0.166219	21.1754
1.96739e+014	0.16554	21.4239
1.96864e+014	0.164868	21.6723
1.96989e+014	0.164203	21.9207
1.97114e+014	0.163545	22.1691
1.97238e+014	0.162893	22.4175
1.97363e+014	0.162247	22.6659
1.97488e+014	0.161605	22.9143
1.97613e+014	0.160967	23.1626
1.97738e+014	0.160331	23.411
1.97863e+014	0.159698	23.6593
1.97988e+014	0.159067	23.9076
1.98113e+014	0.15844	24.1559
1.98238e+014	0.157816	24.4042
1.98363e+014	0.157197	24.6524
1.98488e+014	0.156583	24.9006
1.98613e+014	0.155973	25.1488
1.98737e+014	0.155369	25.3971
1.98862e+014	0.154769	25.6453
1.98987e+014	0.154171	25.8935
1.99112e+014	0.153576	26.1417
1.99237e+014	0.15298	26.3899
1.99362e+014	0.152383	26.6382
1.99487e+014	0.151785	26.8864
1.99612e+014	0.151185	27.1346
1.99737e+014	0.150583	27.3827
1.99862e+014	0.149982	27.6308
('port 1',TE,1,'port 2',1,'transmission')
(101,3)
1.8737e+014	0.00261382	-2.44322
1.87495e+014	0.00242705	-1.94756
1.8762e+014	0.00219235	-1.44398
1.87745e+014	0.00191705	-0.925943
1.8787e+014	0.00161172	-0.38165
1.87995e+014	0.00129317	0.212243
1.8812e+014	0.000993088	0.904268
1.88245e+014	0.00077992	1.77434
1.8837e+014	0.000763744	2.79493
1.88495e+014	0.000963629	3.70173
1.88619e+014	0.00127779	4.4185
1.88744e+014	0.00163022	5.02388
1.88869e+014	0.0019856	5.57269
1.88994e+014	0.00232615	6.09139
1.89119e+014	0.00264147	6.59308
1.89244e+014	0.0029249	7.0848
1.89369e+014	0.00317205	7.57066
1.89494e+014	0.00338024	8.05326
1.89619e+014	0.00354806	8.53435
1.89744e+014	0.0036752	9.01523
1.89869e+014	0.0037623	9.49686
1.89993e+014	0.00381092	9.98008
1.90118e+014	0.00382343	10.4656
1.90243e+014	0.00380303	10.9543
1.90368e+014	0.00375366	11.4468
1.90493e+014	0.00367992	11.944
1.90618e+014	0.00358703	12.4466
1.90743e+014	0.00348072	12.9554
1.90868e+014	0.003367	13.4711
1.90993e+014	0.00325201	13.994
1.91118e+014	0.00314162	14.5242
1.91243e+014	0.00304109	15.0612
1.91368e+014	0.00295462	15.6043
1.91492e+014	0.00288504	16.1521
1.91617e+014	0.00283365	16.7031
1.91742e+014	0.00280035	17.2557
1.91867e+014	0.00278395	17.8086
1.91992e+014	0.00278273	18.3607
1.92117e+014	0.00279494	18.9114
1.92242e+014	0.00281923	19.4604
1.92367e+014	0.00285494	20.0076
1.92492e+014	0.00290207	20.5527
1.92617e+014	0.00296115	21.0957
1.92742e+014	0.00303292	21.636
1.92866e+014	0.00311801	22.1731
1.92991e+014	0.00321659	22.7063
1.93116e+014	0.00332816	23.2349
1.93241e+014	0.00345138	23.7583
1.93366e+014	0.00358408	24.2761
1.93491e+014	0.00372334	24.788
1.93616e+014	0.00386556	25.2939
1.93741e+014	0.0040066	25.7938
1.93866e+014	0.00414188	26.288
1.93991e+014	0.00426649	26.7766
1.94116e+014	0.00437527	27.26
1.94241e+014	0.00446294	27.7383
1.94365e+014	0.00452419	28.2119
1.9449e+014	0.00455384	28.6811
1.94615e+014	0.00454694	29.1461
1.9474e+014	0.00449892	29.6072
1.94865e+014	0.00440573	30.0645
1.9499e+014	0.00426399	30.5183
1.95115e+014	0.00407111	30.9685
1.9524e+014	0.0038255	31.4149
1.95365e+014	0.00352668	31.8572
1.9549e+014	0.00317546	32.2943
1.95615e+014	0.00277406	32.7241
1.95739e+014	0.00232634	33.1423
1.95864e+014	0.00183846	33.5392
1.95989e+014	0.00132152	33.888
1.96114e+014	0.000805732	34.09
1.96239e+014	0.00045834	33.7014
1.96364e+014	0.000726709	33.124
1.96489e+014	0.001294	33.2587
1.96614e+014	0.00192049	33.5907
1.96739e+014	0.002564	33.9825
1.96864e+014	0.00320951	34.3995
1.96989e+014	0.00384747	34.8295
1.97114e+014	0.00447017	35.2671
1.97238e+014	0.00507076	35.7097
1.97363e+014	0.00564289	36.1558
1.97488e+014	0.00618052	36.6045
1.97613e+014	0.00667789	37.0554
1.97738e+014	0.0071295	37.5082
1.97863e+014	0.00753024	37.9625
1.97988e+014	0.00787563	38.4183
1.98113e+014	0.00816209	38.8754
1.98238e+014	0.00838713	39.3337
1.98363e+014	0.00854947	39.7934
1.98488e+014	0.00864892	40.2543
1.98613e+014	0.00868628	40.7166
1.98737e+014	0.00866306	41.1804
1.98862e+014	0.00858135	41.6459
1.98987e+014	0.0084437	42.1132
1.99112e+014	0.00825313	42.5823
1.99237e+014	0.0080132	43.0534
1.99362e+014	0.00772799	43.5265
1.99487e+014	0.00740208	44.0017
1.99612e+014	0.00704038	44.4792
1.99737e+014	0.00664794	44.959
1.99862e+014	0.00622969	45.4415
('port 2',TE,1,'port 2',1,'transmission')
(101,3)
1.8737e+014	0.00236558	0.774213
1.87495e+014	0.00225975	1.19887
1.8762e+014	0.00201433	1.6405
1.87745e+014	0.00165459	2.12531
1.8787e+014	0.00123785	2.71482
1.87995e+014	0.000899793	3.54951
1.8812e+014	0.000897397	4.62387
1.88245e+014	0.00124203	5.465
1.8837e+014	0.0016783	6.0519
1.88495e+014	0.00206178	6.5271
1.88619e+014	0.00232604	6.95376
1.88744e+014	0.00243662	7.35848
1.88869e+014	0.00237959	7.75566
1.88994e+014	0.00215895	8.15712
1.89119e+014	0.00179605	8.57952
1.89244e+014	0.00133217	9.06027
1.89369e+014	0.000848279	9.71922
1.89494e+014	0.000583965	10.8841
1.89619e+014	0.000841519	12.0337
1.89744e+014	0.00129162	12.6798
1.89869e+014	0.00170469	13.1483
1.89993e+014	0.00201232	13.5546
1.90118e+014	0.00218773	13.9336
1.90243e+014	0.0022248	14.2985
1.90368e+014	0.00213318	14.6555
1.90493e+014	0.0019356	15.0069
1.90618e+014	0.00166465	15.3521
1.90743e+014	0.00135922	15.6862
1.90868e+014	0.00106099	15.9944
1.90993e+014	0.00081308	16.2449
1.91118e+014	0.000663302	16.3959
1.91243e+014	0.000659773	16.48
1.91368e+014	0.00081482	16.6312
1.91492e+014	0.00110216	16.8901
1.91617e+014	0.00149303	17.2096
1.91742e+014	0.00195819	17.5506
1.91867e+014	0.00246035	17.8953
1.91992e+014	0.00295362	18.2376
1.92117e+014	0.00338689	18.5759
1.92242e+014	0.0037085	18.9105
1.92367e+014	0.00387105	19.2425
1.92492e+014	0.00383599	19.5732
1.92617e+014	0.00357754	19.905
1.92742e+014	0.00308576	20.2417
1.92866e+014	0.00236897	20.5934
1.92991e+014	0.00145782	20.9983
1.93116e+014	0.000465864	21.8632
1.93241e+014	0.000921264	24.1842
1.93366e+014	0.00212255	24.7057
1.93491e+014	0.00331724	25.0754
1.93616e+014	0.00441124	25.4139
1.93741e+014	0.00533146	25.7411
1.93866e+014	0.00601635	26.0635
1.93991e+014	0.00641908	26.3837
1.94116e+014	0.006511	26.7034
1.94241e+014	0.00628422	27.0239
1.94365e+014	0.00575268	27.3465
1.9449e+014	0.00495165	27.6733
1.94615e+014	0.00393556	28.0084
1.9474e+014	0.00277495	28.3625
1.94865e+014	0.00155563	28.778
1.9499e+014	0.000448225	29.7277
1.95115e+014	0.000896212	31.9623
1.9524e+014	0.00182483	32.4872
1.95365e+014	0.00255606	32.8706
1.9549e+014	0.00303232	33.2267
1.95615e+014	0.00323482	33.5767
1.95739e+014	0.00317097	33.9289
1.95864e+014	0.00287222	34.2901
1.95989e+014	0.00239143	34.6695
1.96114e+014	0.00179968	35.0862
1.96239e+014	0.00118561	35.5893
1.96364e+014	0.000672947	36.336
1.96489e+014	0.000479973	37.5613
1.96614e+014	0.000587911	38.5728
1.96739e+014	0.000636363	39.2439
1.96864e+014	0.000504321	39.9337
1.96989e+014	0.000340986	41.2973
1.97114e+014	0.00074604	42.6852
1.97238e+014	0.00151016	43.2993
1.97363e+014	0.00241374	43.7411
1.97488e+014	0.00335653	44.1297
1.97613e+014	0.00424738	44.4955
1.97738e+014	0.00499934	44.8498
1.97863e+014	0.00553539	45.1981
1.97988e+014	0.00579519	45.5438
1.98113e+014	0.00574097	45.8893
1.98238e+014	0.00536162	46.2374
1.98363e+014	0.00467446	46.5923
1.98488e+014	0.00372499	46.9627
1.98613e+014	0.00258697	47.3734
1.98737e+014	0.00138057	47.9351
1.98862e+014	0.000632574	49.4872
1.98987e+014	0.00144934	50.8277
1.99112e+014	0.00245546	51.3558
1.99237e+014	0.00326117	51.7625
1.99362e+014	0.0037808	52.1361
1.99487e+014	0.00397695	52.4986
1.99612e+014	0.00384537	52.8596
1.99737e+014	0.00341228	53.227
1.99862e+014	0.00273196	53.6126
('port 3',TE,1,'port 2',1,'transmission')
(101,3)
1.8737e+014	0.223367	-0.406856
1.87495e+014	0.222419	-0.156941
1.8762e+014	0.221466	0.0929127
1.87745e+014	0.220515	0.342687
1.8787e+014	0.219574	0.592384
1.87995e+014	0.218649	0.842025
1.8812e+014	0.217743	1.09164
1.88245e+014	0.216855	1.34128
1.8837e+014	0.215978	1.59095
1.88495e+014	0.215106	1.84068
1.88619e+014	0.214229	2.09045
1.88744e+014	0.213344	2.34022
1.88869e+014	0.212451	2.58998
1.88994e+014	0.211551	2.83967
1.89119e+014	0.210652	3.0893
1.89244e+014	0.20976	3.33886
1.89369e+014	0.20888	3.58836
1.89494e+014	0.208013	3.83782
1.89619e+014	0.207159	4.08728
1.89744e+014	0.206316	4.33675
1.89869e+014	0.205479	4.58623
1.89993e+014	0.204645	4.83572
1.90118e+014	0.203814	5.08521
1.90243e+014	0.202985	5.33469
1.90368e+014	0.202159	5.58415
1.90493e+014	0.201337	5.83361
1.90618e+014	0.200518	6.08307
1.90743e+014	0.199701	6.33253
1.90868e+014	0.198882	6.58199
1.90993e+014	0.198059	6.83144
1.91118e+014	0.197232	7.08086
1.91243e+014	0.196401	7.33022
1.91368e+014	0.19557	7.57951
1.91492e+014	0.194744	7.82872
1.91617e+014	0.193929	8.07786
1.91742e+014	0.193129	8.32693
1.91867e+014	0.192347	8.57599
1.91992e+014	0.191581	8.82504
1.92117e+014	0.190829	9.07413
1.92242e+014	0.190086	9.32326
1.92367e+014	0.189346	9.57245
1.92492e+014	0.188603	9.82169
1.92617e+014	0.187854	10.071
1.92742e+014	0.187096	10.3202
1.92866e+014	0.186329	10.5695
1.92991e+014	0.185553	10.8187
1.93116e+014	0.184771	11.0678
1.93241e+014	0.183988	11.3169
1.93366e+014	0.183207	11.5659
1.93491e+014	0.182434	11.8148
1.93616e+014	0.181673	12.0636
1.93741e+014	0.180925	12.3124
1.93866e+014	0.180191	12.5611
1.93991e+014	0.179471	12.8099
1.94116e+014	0.178762	13.0586
1.94241e+014	0.178059	13.3074
1.94365e+014	0.177362	13.5562
1.9449e+014	0.176666	13.8051
1.94615e+014	0.175972	14.0539
1.9474e+014	0.175279	14.3027
1.94865e+014	0.174588	14.5516
1.9499e+014	0.173899	14.8004
1.95115e+014	0.173211	15.0492
1.9524e+014	0.172523	15.298
1.95365e+014	0.171834	15.5468
1.9549e+014	0.171143	15.7956
1.95615e+014	0.170452	16.0443
1.95739e+014	0.169763	16.293
1.95864e+014	0.16908	16.5416
1.95989e+014	0.168406	16.7902
1.96114e+014	0.167744	17.0388
1.96239e+014	0.167092	17.2874
1.96364e+014	0.166446	17.5361
1.96489e+014	0.165799	17.7848
1.96614e+014	0.165142	18.0336
1.96739e+014	0.164472	18.2823
1.96864e+014	0.163787	18.531
1.96989e+014	0.16309	18.7796
1.97114e+014	0.162388	19.0281
1.97238e+014	0.161694	19.2764
1.97363e+014	0.161016	19.5246
1.97488e+014	0.160361	19.7727
1.97613e+014	0.159732	20.0207
1.97738e+014	0.159125	20.2688
1.97863e+014	0.158533	20.517
1.97988e+014	0.157948	20.7653
1.98113e+014	0.157363	21.0136
1.98238e+014	0.156774	21.262
1.98363e+014	0.15618	21.5104
1.98488e+014	0.155583	21.7588
1.98613e+014	0.154986	22.0072
1.98737e+014	0.154387	22.2556
1.98862e+014	0.153786	22.504
1.98987e+014	0.153179	22.7524
1.99112e+014	0.15256	23.0008
1.99237e+014	0.151929	23.2492
1.99362e+014	0.151287	23.4974
1.99487e+014	0.15064	23.7455
1.99612e+014	0.149999	23.9934
1.99737e+014	0.149376	24.2412
1.99862e+014	0.14878	24.4888
('port 4',TE,1,'port 2',1,'transmission')
(101,3)
1.8737e+014	0.959183	-0.787158
1.87495e+014	0.959385	-0.481314
1.8762e+014	0.959549	-0.175509
1.87745e+014	0.959693	0.130238
1.8787e+014	0.959844	0.435924
1.87995e+014	0.960025	0.741564
1.8812e+014	0.960245	1.04718
1.88245e+014	0.9605	1.3528
1.8837e+014	0.960767	1.65845
1.88495e+014	0.96102	1.96412
1.88619e+014	0.961234	2.2698
1.88744e+014	0.961398	2.57547
1.88869e+014	0.961515	2.88108
1.88994e+014	0.961608	3.18663
1.89119e+014	0.961704	3.4921
1.89244e+014	0.961832	3.7975
1.89369e+014	0.962009	4.10287
1.89494e+014	0.962236	4.40822
1.89619e+014	0.962499	4.71359
1.89744e+014	0.962775	5.01898
1.89869e+014	0.963039	5.3244
1.89993e+014	0.963273	5.62983
1.90118e+014	0.963471	5.93524
1.90243e+014	0.963636	6.24062
1.90368e+014	0.963782	6.54597
1.90493e+014	0.963922	6.85127
1.90618e+014	0.964066	7.15654
1.90743e+014	0.964216	7.46178
1.90868e+014	0.964367	7.767
1.90993e+014	0.964511	8.07221
1.91118e+014	0.964642	8.37739
1.91243e+014	0.964759	8.68255
1.91368e+014	0.964866	8.98766
1.91492e+014	0.964976	9.29273
1.91617e+014	0.965101	9.59776
1.91742e+014	0.965249	9.90276
1.91867e+014	0.965422	10.2077
1.91992e+014	0.965614	10.5127
1.92117e+014	0.965813	10.8177
1.92242e+014	0.966004	11.1227
1.92367e+014	0.96617	11.4277
1.92492e+014	0.966302	11.7328
1.92617e+014	0.966395	12.0377
1.92742e+014	0.966452	12.3427
1.92866e+014	0.966481	12.6476
1.92991e+014	0.96649	12.9525
1.93116e+014	0.966493	13.2572
1.93241e+014	0.9665	13.562
1.93366e+014	0.96652	13.8667
1.93491e+014	0.96656	14.1713
1.93616e+014	0.966624	14.4759
1.93741e+014	0.96671	14.7805
1.93866e+014	0.966812	15.0851
1.93991e+014	0.966925	15.3896
1.94116e+014	0.967039	15.6942
1.94241e+014	0.967152	15.9987
1.94365e+014	0.967265	16.3032
1.9449e+014	0.967387	16.6076
1.94615e+014	0.967533	16.912
1.9474e+014	0.967718	17.2163
1.94865e+014	0.967951	17.5207
1.9499e+014	0.968233	17.825
1.95115e+014	0.968551	18.1294
1.9524e+014	0.968882	18.4338
1.95365e+014	0.969196	18.7383
1.9549e+014	0.969467	19.0428
1.95615e+014	0.969681	19.3473
1.95739e+014	0.969836	19.6518
1.95864e+014	0.969948	19.9562
1.95989e+014	0.970038	20.2606
1.96114e+014	0.97013	20.5649
1.96239e+014	0.970236	20.8692
1.96364e+014	0.970355	21.1735
1.96489e+014	0.970471	21.4778
1.96614e+014	0.970563	21.782
1.96739e+014	0.970611	22.0863
1.96864e+014	0.970608	22.3905
1.96989e+014	0.970566	22.6946
1.97114e+014	0.970513	22.9987
1.97238e+014	0.970484	23.3027
1.97363e+014	0.970508	23.6065
1.97488e+014	0.970599	23.9104
1.97613e+014	0.970746	24.2143
1.97738e+014	0.970918	24.5182
1.97863e+014	0.971075	24.8221
1.97988e+014	0.971182	25.1261
1.98113e+014	0.971225	25.43
1.98238e+014	0.971214	25.7338
1.98363e+014	0.971189	26.0376
1.98488e+014	0.9712	26.3412
1.98613e+014	0.971292	26.6448
1.98737e+014	0.971489	26.9483
1.98862e+014	0.971785	27.2518
1.98987e+014	0.972141	27.5555
1.99112e+014	0.972501	27.8592
1.99237e+014	0.972807	28.163
1.99362e+014	0.973023	28.4668
1.99487e+014	0.973139	28.7707
1.99612e+014	0.97318	29.0744
1.99737e+014	0.973189	29.3781
1.99862e+014	0.973216	29.6816
('port 1',TE,1,'port 3',1,'transmission')
(101,3)
1.8737e+014	0.960627	-0.0269062
1.87495e+014	0.960801	0.167021
1.8762e+014	0.96096	0.360914
1.87745e+014	0.961112	0.554773
1.8787e+014	0.961266	0.748598
1.87995e+014	0.961427	0.942393
1.8812e+014	0.961601	1.13616
1.88245e+014	0.961789	1.32992
1.8837e+014	0.96199	1.52366
1.88495e+014	0.962201	1.7174
1.88619e+014	0.962417	1.91114
1.88744e+014	0.962635	2.10487
1.88869e+014	0.96285	2.2986
1.88994e+014	0.96306	2.49232
1.89119e+014	0.963263	2.68604
1.89244e+014	0.96346	2.87974
1.89369e+014	0.963651	3.07343
1.89494e+014	0.963839	3.26711
1.89619e+014	0.964025	3.46077
1.89744e+014	0.964211	3.65442
1.89869e+014	0.964396	3.84806
1.89993e+014	0.96458	4.04169
1.90118e+014	0.964761	4.23531
1.90243e+014	0.964939	4.42892
1.90368e+014	0.96511	4.62252
1.90493e+014	0.965273	4.81611
1.90618e+014	0.965428	5.00969
1.90743e+014	0.965574	5.20325
1.90868e+014	0.965712	5.39679
1.90993e+014	0.965844	5.59031
1.91118e+014	0.965973	5.78381
1.91243e+014	0.9661	5.97728
1.91368e+014	0.966231	6.17073
1.91492e+014	0.966366	6.36416
1.91617e+014	0.966509	6.55757
1.91742e+014	0.966661	6.75096
1.91867e+014	0.966824	6.94434
1.91992e+014	0.966998	7.1377
1.92117e+014	0.967181	7.33106
1.92242e+014	0.967374	7.52441
1.92367e+014	0.967572	7.71776
1.92492e+014	0.967775	7.91111
1.92617e+014	0.967977	8.10446
1.92742e+014	0.968176	8.2978
1.92866e+014	0.968369	8.49115
1.92991e+014	0.968553	8.6845
1.93116e+014	0.968724	8.87784
1.93241e+014	0.968882	9.07117
1.93366e+014	0.969025	9.26449
1.93491e+014	0.969154	9.4578
1.93616e+014	0.96927	9.65108
1.93741e+014	0.969376	9.84434
1.93866e+014	0.969473	10.0376
1.93991e+014	0.969567	10.2308
1.94116e+014	0.969662	10.424
1.94241e+014	0.969762	10.6171
1.94365e+014	0.969872	10.8102
1.9449e+014	0.969994	11.0034
1.94615e+014	0.970133	11.1964
1.9474e+014	0.970287	11.3895
1.94865e+014	0.970457	11.5826
1.9499e+014	0.970638	11.7757
1.95115e+014	0.970825	11.9688
1.9524e+014	0.971013	12.1619
1.95365e+014	0.971193	12.355
1.9549e+014	0.971358	12.5481
1.95615e+014	0.971502	12.7412
1.95739e+014	0.971621	12.9343
1.95864e+014	0.971714	13.1274
1.95989e+014	0.971782	13.3205
1.96114e+014	0.971831	13.5135
1.96239e+014	0.971868	13.7065
1.96364e+014	0.971903	13.8994
1.96489e+014	0.971944	14.0924
1.96614e+014	0.972001	14.2852
1.96739e+014	0.972079	14.4781
1.96864e+014	0.972181	14.6709
1.96989e+014	0.972307	14.8638
1.97114e+014	0.972453	15.0566
1.97238e+014	0.97261	15.2494
1.97363e+014	0.97277	15.4423
1.97488e+014	0.972923	15.6351
1.97613e+014	0.973062	15.828
1.97738e+014	0.973179	16.0209
1.97863e+014	0.973273	16.2137
1.97988e+014	0.973343	16.4066
1.98113e+014	0.973393	16.5994
1.98238e+014	0.97343	16.7922
1.98363e+014	0.973462	16.985
1.98488e+014	0.973495	17.1777
1.98613e+014	0.973536	17.3704
1.98737e+014	0.973588	17.563
1.98862e+014	0.973652	17.7557
1.98987e+014	0.973726	17.9483
1.99112e+014	0.973805	18.141
1.99237e+014	0.973885	18.3336
1.99362e+014	0.973959	18.5262
1.99487e+014	0.974025	18.7189
1.99612e+014	0.974081	18.9115
1.99737e+014	0.97413	19.104
1.99862e+014	0.974176	19.2966
('port 2',TE,1,'port 3',1,'transmission')
(101,3)
1.8737e+014	0.224899	-0.40698
1.87495e+014	0.223957	-0.157123
1.8762e+014	0.223018	0.0927036
1.87745e+014	0.222083	0.342499
1.8787e+014	0.221154	0.592266
1.87995e+014	0.220231	0.842006
1.8812e+014	0.219314	1.09173
1.88245e+014	0.218404	1.34143
1.8837e+014	0.2175	1.59112
1.88495e+014	0.216601	1.8408
1.88619e+014	0.215706	2.09048
1.88744e+014	0.214814	2.34014
1.88869e+014	0.213926	2.58979
1.88994e+014	0.21304	2.83942
1.89119e+014	0.212157	3.08903
1.89244e+014	0.211278	3.33862
1.89369e+014	0.210403	3.58818
1.89494e+014	0.209533	3.83773
1.89619e+014	0.208669	4.08726
1.89744e+014	0.20781	4.33677
1.89869e+014	0.206956	4.58626
1.89993e+014	0.206108	4.83575
1.90118e+014	0.205265	5.08523
1.90243e+014	0.204425	5.3347
1.90368e+014	0.203588	5.58417
1.90493e+014	0.202754	5.83363
1.90618e+014	0.201921	6.08307
1.90743e+014	0.20109	6.3325
1.90868e+014	0.200261	6.58191
1.90993e+014	0.199433	6.83129
1.91118e+014	0.198609	7.08065
1.91243e+014	0.197788	7.32997
1.91368e+014	0.196971	7.57927
1.91492e+014	0.196158	7.82855
1.91617e+014	0.195351	8.07779
1.91742e+014	0.19455	8.32702
1.91867e+014	0.193755	8.57622
1.91992e+014	0.192966	8.82541
1.92117e+014	0.192182	9.07459
1.92242e+014	0.191403	9.32375
1.92367e+014	0.190628	9.57291
1.92492e+014	0.189857	9.82207
1.92617e+014	0.189089	10.0712
1.92742e+014	0.188322	10.3204
1.92866e+014	0.187557	10.5695
1.92991e+014	0.186793	10.8186
1.93116e+014	0.18603	11.0677
1.93241e+014	0.185268	11.3167
1.93366e+014	0.184507	11.5658
1.93491e+014	0.183747	11.8148
1.93616e+014	0.182991	12.0637
1.93741e+014	0.182238	12.3126
1.93866e+014	0.18149	12.5615
1.93991e+014	0.180747	12.8103
1.94116e+014	0.180011	13.0591
1.94241e+014	0.179283	13.3079
1.94365e+014	0.178564	13.5567
1.9449e+014	0.177853	13.8054
1.94615e+014	0.17715	14.0541
1.9474e+014	0.176457	14.3028
1.94865e+014	0.17577	14.5515
1.9499e+014	0.17509	14.8003
1.95115e+014	0.174414	15.049
1.9524e+014	0.173741	15.2978
1.95365e+014	0.173068	15.5466
1.9549e+014	0.172394	15.7954
1.95615e+014	0.171718	16.0442
1.95739e+014	0.171038	16.293
1.95864e+014	0.170354	16.5418
1.95989e+014	0.169667	16.7906
1.96114e+014	0.168976	17.0393
1.96239e+014	0.168284	17.288
1.96364e+014	0.167593	17.5367
1.96489e+014	0.166904	17.7853
1.96614e+014	0.166219	18.0338
1.96739e+014	0.16554	18.2823
1.96864e+014	0.164868	18.5307
1.96989e+014	0.164203	18.7791
1.97114e+014	0.163545	19.0275
1.97238e+014	0.162893	19.2759
1.97363e+014	0.162247	19.5243
1.97488e+014	0.161605	19.7727
1.97613e+014	0.160967	20.021
1.97738e+014	0.160331	20.2694
1.97863e+014	0.159698	20.5177
1.97988e+014	0.159067	20.766
1.98113e+014	0.15844	21.0143
1.98238e+014	0.157816	21.2626
1.98363e+014	0.157197	21.5108
1.98488e+014	0.156583	21.759
1.98613e+014	0.155973	22.0073
1.98737e+014	0.155369	22.2555
1.98862e+014	0.154769	22.5037
1.98987e+014	0.154171	22.7519
1.99112e+014	0.153576	23.0001
1.99237e+014	0.15298	23.2483
1.99362e+014	0.152383	23.4966
1.99487e+014	0.151785	23.7448
1.99612e+014	0.151185	23.993
1.99737e+014	0.150583	24.2411
1.99862e+014	0.149982	24.4892
('port 3',TE,1,'port 3',1,'transmission')
(101,3)
1.8737e+014	0.00868658	2.26857
1.87495e+014	0.00920685	2.6083
1.8762e+014	0.0092915	2.96695
1.87745e+014	0.00907239	3.36109
1.8787e+014	0.00877771	3.80492
1.87995e+014	0.00872369	4.29932
1.8812e+014	0.00921696	4.81615
1.88245e+014	0.0103788	5.30799
1.8837e+014	0.012088	5.74493
1.88495e+014	0.0141018	6.12586
1.88619e+014	0.0161741	6.4626
1.88744e+014	0.018097	6.76755
1.88869e+014	0.0197043	7.05014
1.88994e+014	0.0208672	7.31706
1.89119e+014	0.021491	7.57301
1.89244e+014	0.021514	7.82157
1.89369e+014	0.0209054	8.06575
1.89494e+014	0.0196649	8.3086
1.89619e+014	0.0178208	8.554
1.89744e+014	0.0154305	8.80809
1.89869e+014	0.0125839	9.08287
1.89993e+014	0.00942442	9.40726
1.90118e+014	0.00625263	9.86965
1.90243e+014	0.00409688	10.7413
1.90368e+014	0.00516379	11.8275
1.90493e+014	0.00837897	12.4152
1.90618e+014	0.0120608	12.7709
1.90743e+014	0.0157256	13.046
1.90868e+014	0.0191808	13.2862
1.90993e+014	0.0223058	13.5083
1.91118e+014	0.0250088	13.7199
1.91243e+014	0.0272158	13.9253
1.91368e+014	0.0288666	14.1266
1.91492e+014	0.0299147	14.3256
1.91617e+014	0.0303277	14.5234
1.91742e+014	0.0300877	14.7208
1.91867e+014	0.0291925	14.9187
1.91992e+014	0.0276565	15.118
1.92117e+014	0.0255114	15.3194
1.92242e+014	0.022807	15.5242
1.92367e+014	0.0196106	15.7344
1.92492e+014	0.0160075	15.9538
1.92617e+014	0.0121023	16.1909
1.92742e+014	0.00802799	16.4717
1.92866e+014	0.00402979	16.9241
1.92991e+014	0.00200619	18.5427
1.93116e+014	0.00508819	19.6016
1.93241e+014	0.00872244	19.9704
1.93366e+014	0.0120734	20.24
1.93491e+014	0.0149731	20.4812
1.93616e+014	0.0173233	20.7117
1.93741e+014	0.0190567	20.938
1.93866e+014	0.020132	21.1634
1.93991e+014	0.0205345	21.3897
1.94116e+014	0.0202759	21.6186
1.94241e+014	0.0193939	21.8518
1.94365e+014	0.0179518	22.0914
1.9449e+014	0.0160361	22.3403
1.94615e+014	0.0137555	22.6036
1.9474e+014	0.0112399	22.8901
1.94865e+014	0.00864506	23.218
1.9499e+014	0.00617625	23.6287
1.95115e+014	0.0041765	24.2195
1.9524e+014	0.00329146	25.0904
1.95365e+014	0.00380569	25.9323
1.9549e+014	0.00484778	26.5119
1.95615e+014	0.00575201	26.9535
1.95739e+014	0.00629423	27.3501
1.95864e+014	0.00644105	27.7501
1.95989e+014	0.00628494	28.1892
1.96114e+014	0.00606364	28.6985
1.96239e+014	0.00617153	29.2813
1.96364e+014	0.00699477	29.8759
1.96489e+014	0.00861247	30.4022
1.96614e+014	0.0108123	30.8407
1.96739e+014	0.0133189	31.2119
1.96864e+014	0.0158921	31.5389
1.96989e+014	0.0183311	31.838
1.97114e+014	0.0204645	32.1192
1.97238e+014	0.0221462	32.3894
1.97363e+014	0.0232553	32.6533
1.97488e+014	0.0236986	32.9145
1.97613e+014	0.0234144	33.1766
1.97738e+014	0.0223766	33.444
1.97863e+014	0.0206008	33.7224
1.97988e+014	0.0181557	34.022
1.98113e+014	0.0151899	34.3623
1.98238e+014	0.0120109	34.7845
1.98363e+014	0.0093192	35.3704
1.98488e+014	0.00853611	36.1606
1.98613e+014	0.0105956	36.9012
1.98737e+014	0.0144532	37.4259
1.98862e+014	0.0189609	37.8135
1.98987e+014	0.0235321	38.133
1.99112e+014	0.0278388	38.417
1.99237e+014	0.031656	38.6811
1.99362e+014	0.0348117	38.9333
1.99487e+014	0.0371723	39.1781
1.99612e+014	0.038639	39.4185
1.99737e+014	0.0391476	39.6564
1.99862e+014	0.0386696	39.8936
('port 4',TE,1,'port 3',1,'transmission')
(101,3)
1.8737e+014	0.000366625	2.16288
1.87495e+014	0.000223825	3.39161
1.8762e+014	0.000341424	4.76145
1.87745e+014	0.000590218	5.49785
1.8787e+014	0.000865886	6.03895
1.87995e+014	0.00114663	6.51964
1.8812e+014	0.00142397	6.97587
1.88245e+014	0.00169242	7.42057
1.8837e+014	0.00194768	7.85943
1.88495e+014	0.00218608	8.29536
1.88619e+014	0.00240446	8.73002
1.88744e+014	0.00260009	9.16442
1.88869e+014	0.00277073	9.59927
1.88994e+014	0.00291457	10.0351
1.89119e+014	0.00303029	10.4724
1.89244e+014	0.0031171	10.9115
1.89369e+014	0.00317475	11.3529
1.89494e+014	0.00320356	11.797
1.89619e+014	0.00320441	12.2443
1.89744e+014	0.00317876	12.6953
1.89869e+014	0.00312859	13.1506
1.89993e+014	0.00305641	13.6108
1.90118e+014	0.00296517	14.0766
1.90243e+014	0.00285827	14.5489
1.90368e+014	0.00273944	15.0284
1.90493e+014	0.00261273	15.516
1.90618e+014	0.0024824	16.0127
1.90743e+014	0.00235287	16.5191
1.90868e+014	0.00222861	17.0361
1.90993e+014	0.00211392	17.5639
1.91118e+014	0.00201275	18.1021
1.91243e+014	0.00192835	18.6498
1.91368e+014	0.00186301	19.2051
1.91492e+014	0.00181773	19.7657
1.91617e+014	0.00179218	20.3286
1.91742e+014	0.00178483	20.8911
1.91867e+014	0.00179335	21.451
1.91992e+014	0.00181509	22.0069
1.92117e+014	0.00184756	22.5579
1.92242e+014	0.00188875	23.104
1.92367e+014	0.00193735	23.6451
1.92492e+014	0.00199264	24.1814
1.92617e+014	0.00205442	24.7129
1.92742e+014	0.00212272	25.2395
1.92866e+014	0.00219748	25.7606
1.92991e+014	0.00227833	26.2759
1.93116e+014	0.00236437	26.7848
1.93241e+014	0.00245406	27.2866
1.93366e+014	0.00254525	27.781
1.93491e+014	0.00263523	28.2679
1.93616e+014	0.00272093	28.747
1.93741e+014	0.00279909	29.2184
1.93866e+014	0.00286642	29.6823
1.93991e+014	0.00291983	30.1388
1.94116e+014	0.00295651	30.5881
1.94241e+014	0.00297409	31.03
1.94365e+014	0.00297071	31.4645
1.9449e+014	0.00294511	31.8913
1.94615e+014	0.00289671	32.3097
1.9474e+014	0.00282574	32.719
1.94865e+014	0.00273336	33.1179
1.9499e+014	0.00262193	33.5045
1.95115e+014	0.0024953	33.8765
1.9524e+014	0.00235929	34.2308
1.95365e+014	0.00222231	34.5639
1.9549e+014	0.00209592	34.8723
1.95615e+014	0.00199505	35.1539
1.95739e+014	0.00193688	35.4107
1.95864e+014	0.00193761	35.6508
1.95989e+014	0.00200755	35.8881
1.96114e+014	0.00214753	36.1371
1.96239e+014	0.00234959	36.4078
1.96364e+014	0.00260098	36.7035
1.96489e+014	0.00288799	37.023
1.96614e+014	0.00319821	37.3629
1.96739e+014	0.0035212	37.7197
1.96864e+014	0.00384844	38.09
1.96989e+014	0.00417306	38.4713
1.97114e+014	0.00448954	38.8615
1.97238e+014	0.00479344	39.2589
1.97363e+014	0.00508119	39.6623
1.97488e+014	0.00534986	40.0707
1.97613e+014	0.00559703	40.4831
1.97738e+014	0.00582066	40.899
1.97863e+014	0.0060189	41.3177
1.97988e+014	0.0061901	41.7387
1.98113e+014	0.00633272	42.1618
1.98238e+014	0.00644536	42.5866
1.98363e+014	0.00652682	43.0128
1.98488e+014	0.00657614	43.4405
1.98613e+014	0.00659273	43.8696
1.98737e+014	0.00657646	44.3001
1.98862e+014	0.00652772	44.732
1.98987e+014	0.0064475	45.1654
1.99112e+014	0.00633736	45.6005
1.99237e+014	0.00619938	46.0374
1.99362e+014	0.00603607	46.4761
1.99487e+014	0.00585019	46.9166
1.99612e+014	0.00564456	47.3589
1.99737e+014	0.00542189	47.8031
1.99862e+014	0.00518457	48.2488
('port 1',TE,1,'port 4',1,'transmission')
(101,3)
1.8737e+014	0.223367	2.73474
1.87495e+014	0.222419	2.98465
1.8762e+014	0.221466	3.23451
1.87745e+014	0.220515	3.48428
1.8787e+014	0.219574	3.73398
1.87995e+014	0.218649	3.98362
1.8812e+014	0.217743	4.23324
1.88245e+014	0.216855	4.48287
1.8837e+014	0.215978	4.73255
1.88495e+014	0.215106	4.98227
1.88619e+014	0.214229	5.23204
1.88744e+014	0.213344	5.48182
1.88869e+014	0.212451	5.73157
1.88994e+014	0.211551	5.98127
1.89119e+014	0.210652	6.23089
1.89244e+014	0.20976	6.48045
1.89369e+014	0.20888	6.72995
1.89494e+014	0.208013	6.97942
1.89619e+014	0.207159	7.22888
1.89744e+014	0.206316	7.47835
1.89869e+014	0.205479	7.72783
1.89993e+014	0.204645	7.97731
1.90118e+014	0.203814	8.2268
1.90243e+014	0.202985	8.47628
1.90368e+014	0.202159	8.72575
1.90493e+014	0.201337	8.97521
1.90618e+014	0.200518	9.22466
1.90743e+014	0.199701	9.47412
1.90868e+014	0.198882	9.72359
1.90993e+014	0.198059	9.97303
1.91118e+014	0.197232	10.2225
1.91243e+014	0.196401	10.4718
1.91368e+014	0.19557	10.7211
1.91492e+014	0.194744	10.9703
1.91617e+014	0.193929	11.2194
1.91742e+014	0.193129	11.4685
1.91867e+014	0.192347	11.7176
1.91992e+014	0.191581	11.9666
1.92117e+014	0.190829	12.2157
1.92242e+014	0.190086	12.4649
1.92367e+014	0.189346	12.714
1.92492e+014	0.188603	12.9633
1.92617e+014	0.187854	13.2125
1.92742e+014	0.187096	13.4618
1.92866e+014	0.186329	13.7111
1.92991e+014	0.185553	13.9603
1.93116e+014	0.184771	14.2094
1.93241e+014	0.183988	14.4585
1.93366e+014	0.183207	14.7075
1.93491e+014	0.182434	14.9564
1.93616e+014	0.181673	15.2052
1.93741e+014	0.180925	15.454
1.93866e+014	0.180191	15.7027
1.93991e+014	0.179471	15.9515
1.94116e+014	0.178762	16.2002
1.94241e+014	0.178059	16.449
1.94365e+014	0.177362	16.6978
1.9449e+014	0.176666	16.9467
1.94615e+014	0.175972	17.1955
1.9474e+014	0.175279	17.4443
1.94865e+014	0.174588	17.6931
1.9499e+014	0.173899	17.942
1.95115e+014	0.173211	18.1908
1.9524e+014	0.172523	18.4396
1.95365e+014	0.171834	18.6884
1.9549e+014	0.171143	18.9372
1.95615e+014	0.170452	19.1859
1.95739e+014	0.169763	19.4346
1.95864e+014	0.16908	19.6832
1.95989e+014	0.168406	19.9318
1.96114e+014	0.167744	20.1804
1.96239e+014	0.167092	20.429
1.96364e+014	0.166446	20.6777
1.96489e+014	0.165799	20.9264
1.96614e+014	0.165142	21.1751
1.96739e+014	0.164472	21.4239
1.96864e+014	0.163787	21.6726
1.96989e+014	0.16309	21.9212
1.97114e+014	0.162388	22.1697
1.97238e+014	0.161694	22.418
1.97363e+014	0.161016	22.6662
1.97488e+014	0.160361	22.9143
1.97613e+014	0.159732	23.1623
1.97738e+014	0.159125	23.4104
1.97863e+014	0.158533	23.6586
1.97988e+014	0.157948	23.9069
1.98113e+014	0.157363	24.1552
1.98238e+014	0.156774	24.4036
1.98363e+014	0.15618	24.652
1.98488e+014	0.155583	24.9004
1.98613e+014	0.154986	25.1488
1.98737e+014	0.154387	25.3972
1.98862e+014	0.153786	25.6456
1.98987e+014	0.153179	25.894
1.99112e+014	0.15256	26.1424
1.99237e+014	0.151929	26.3908
1.99362e+014	0.151287	26.639
1.99487e+014	0.15064	26.8871
1.99612e+014	0.149999	27.135
1.99737e+014	0.149376	27.3828
1.99862e+014	0.14878	27.6304
('port 2',TE,1,'port 4',1,'transmission')
(101,3)
1.8737e+014	0.959183	-0.787158
1.87495e+014	0.959385	-0.481314
1.8762e+014	0.959549	-0.175509
1.87745e+014	0.959693	0.130238
1.8787e+014	0.959844	0.435924
1.87995e+014	0.960025	0.741564
1.8812e+014	0.960245	1.04718
1.88245e+014	0.9605	1.3528
1.8837e+014	0.960767	1.65845
1.88495e+014	0.96102	1.96412
1.88619e+014	0.961234	2.2698
1.88744e+014	0.961398	2.57547
1.88869e+014	0.961515	2.88108
1.88994e+014	0.961608	3.18663
1.89119e+014	0.961704	3.4921
1.89244e+014	0.961832	3.7975
1.89369e+014	0.962009	4.10287
1.89494e+014	0.962236	4.40822
1.89619e+014	0.962499	4.71359
1.89744e+014	0.962775	5.01898
1.89869e+014	0.963039	5.3244
1.89993e+014	0.963273	5.62983
1.90118e+014	0.963471	5.93524
1.90243e+014	0.963636	6.24062
1.90368e+014	0.963782	6.54597
1.90493e+014	0.963922	6.85127
1.90618e+014	0.964066	7.15654
1.90743e+014	0.964216	7.46178
1.90868e+014	0.964367	7.767
1.90993e+014	0.964511	8.07221
1.91118e+014	0.964642	8.37739
1.91243e+014	0.964759	8.68255
1.91368e+014	0.964866	8.98766
1.91492e+014	0.964976	9.29273
1.91617e+014	0.965101	9.59776
1.91742e+014	0.965249	9.90276
1.91867e+014	0.965422	10.2077
1.91992e+014	0.965614	10.5127
1.92117e+014	0.965813	10.8177
1.92242e+014	0.966004	11.1227
1.92367e+014	0.96617	11.4277
1.92492e+014	0.966302	11.7328
1.92617e+014	0.966395	12.0377
1.92742e+014	0.966452	12.3427
1.92866e+014	0.966481	12.6476
1.92991e+014	0.96649	12.9525
1.93116e+014	0.966493	13.2572
1.93241e+014	0.9665	13.562
1.93366e+014	0.96652	13.8667
1.93491e+014	0.96656	14.1713
1.93616e+014	0.966624	14.4759
1.93741e+014	0.96671	14.7805
1.93866e+014	0.966812	15.0851
1.93991e+014	0.966925	15.3896
1.94116e+014	0.967039	15.6942
1.94241e+014	0.967152	15.9987
1.94365e+014	0.967265	16.3032
1.9449e+014	0.967387	16.6076
1.94615e+014	0.967533	16.912
1.9474e+014	0.967718	17.2163
1.94865e+014	0.967951	17.5207
1.9499e+014	0.968233	17.825
1.95115e+014	0.968551	18.1294
1.9524e+014	0.968882	18.4338
1.95365e+014	0.969196	18.7383
1.9549e+014	0.969467	19.0428
1.95615e+014	0.969681	19.3473
1.95739e+014	0.969836	19.6518
1.95864e+014	0.969948	19.9562
1.95989e+014	0.970038	20.2606
1.96114e+014	0.97013	20.5649
1.96239e+014	0.970236	20.8692
1.96364e+014	0.970355	21.1735
1.96489e+014	0.970471	21.4778
1.96614e+014	0.970563	21.782
1.96739e+014	0.970611	22.0863
1.96864e+014	0.970608	22.3905
1.96989e+014	0.970566	22.6946
1.97114e+014	0.970513	22.9987
1.97238e+014	0.970484	23.3027
1.97363e+014	0.970508	23.6065
1.97488e+014	0.970599	23.9104
1.97613e+014	0.970746	24.2143
1.97738e+014	0.970918	24.5182
1.97863e+014	0.971075	24.8221
1.97988e+014	0.971182	25.1261
1.98113e+014	0.971225	25.43
1.98238e+014	0.971214	25.7338
1.98363e+014	0.971189	26.0376
1.98488e+014	0.9712	26.3412
1.98613e+014	0.971292	26.6448
1.98737e+014	0.971489	26.9483
1.98862e+014	0.971785	27.2518
1.98987e+014	0.972141	27.5555
1.99112e+014	0.972501	27.8592
1.99237e+014	0.972807	28.163
1.99362e+014	0.973023	28.4668
1.99487e+014	0.973139	28.7707
1.99612e+014	0.97318	29.0744
1.99737e+014	0.973189	29.3781
1.99862e+014	0.973216	29.6816
('port 3',TE,1,'port 4',1,'transmission')
(101,3)
1.8737e+014	0.00261382	0.69837
1.87495e+014	0.00242705	1.19404
1.8762e+014	0.00219235	1.69761
1.87745e+014	0.00191705	2.21565
1.8787e+014	0.00161172	2.75994
1.87995e+014	0.00129317	3.35384
1.8812e+014	0.000993088	4.04586
1.88245e+014	0.00077992	4.91593
1.8837e+014	0.000763744	5.93652
1.88495e+014	0.000963629	6.84332
1.88619e+014	0.00127779	7.56009
1.88744e+014	0.00163022	8.16547
1.88869e+014	0.0019856	8.71428
1.88994e+014	0.00232615	9.23298
1.89119e+014	0.00264147	9.73468
1.89244e+014	0.0029249	10.2264
1.89369e+014	0.00317205	10.7122
1.89494e+014	0.00338024	11.1948
1.89619e+014	0.00354806	11.6759
1.89744e+014	0.0036752	12.1568
1.89869e+014	0.0037623	12.6385
1.89993e+014	0.00381092	13.1217
1.90118e+014	0.00382343	13.6072
1.90243e+014	0.00380303	14.0959
1.90368e+014	0.00375366	14.5884
1.90493e+014	0.00367992	15.0856
1.90618e+014	0.00358703	15.5882
1.90743e+014	0.00348072	16.097
1.90868e+014	0.003367	16.6127
1.90993e+014	0.00325201	17.1356
1.91118e+014	0.00314162	17.6658
1.91243e+014	0.00304109	18.2028
1.91368e+014	0.00295462	18.7459
1.91492e+014	0.00288504	19.2937
1.91617e+014	0.00283365	19.8447
1.91742e+014	0.00280035	20.3973
1.91867e+014	0.00278395	20.9502
1.91992e+014	0.00278273	21.5022
1.92117e+014	0.00279494	22.053
1.92242e+014	0.00281923	22.602
1.92367e+014	0.00285494	23.1492
1.92492e+014	0.00290207	23.6943
1.92617e+014	0.00296115	24.2373
1.92742e+014	0.00303292	24.7776
1.92866e+014	0.00311801	25.3147
1.92991e+014	0.00321659	25.8479
1.93116e+014	0.00332816	26.3765
1.93241e+014	0.00345138	26.8999
1.93366e+014	0.00358408	27.4177
1.93491e+014	0.00372334	27.9296
1.93616e+014	0.00386556	28.4355
1.93741e+014	0.0040066	28.9354
1.93866e+014	0.00414188	29.4296
1.93991e+014	0.00426649	29.9182
1.94116e+014	0.00437527	30.4016
1.94241e+014	0.00446294	30.8799
1.94365e+014	0.00452419	31.3535
1.9449e+014	0.00455384	31.8227
1.94615e+014	0.00454694	32.2877
1.9474e+014	0.00449892	32.7488
1.94865e+014	0.00440573	33.2061
1.9499e+014	0.00426399	33.6599
1.95115e+014	0.00407111	34.11
1.9524e+014	0.0038255	34.5565
1.95365e+014	0.00352668	34.9988
1.9549e+014	0.00317546	35.4359
1.95615e+014	0.00277406	35.8657
1.95739e+014	0.00232634	36.2839
1.95864e+014	0.00183846	36.6808
1.95989e+014	0.00132152	37.0296
1.96114e+014	0.000805732	37.2316
1.96239e+014	0.00045834	36.843
1.96364e+014	0.000726709	36.2656
1.96489e+014	0.001294	36.4003
1.96614e+014	0.00192049	36.7323
1.96739e+014	0.002564	37.1241
1.96864e+014	0.00320951	37.5411
1.96989e+014	0.00384747	37.9711
1.97114e+014	0.00447017	38.4087
1.97238e+014	0.00507076	38.8513
1.97363e+014	0.00564289	39.2974
1.97488e+014	0.00618052	39.7461
1.97613e+014	0.00667789	40.197
1.97738e+014	0.0071295	40.6498
1.97863e+014	0.00753024	41.1041
1.97988e+014	0.00787563	41.5598
1.98113e+014	0.00816209	42.0169
1.98238e+014	0.00838713	42.4753
1.98363e+014	0.00854947	42.935
1.98488e+014	0.00864892	43.3959
1.98613e+014	0.00868628	43.8582
1.98737e+014	0.00866306	44.322
1.98862e+014	0.00858135	44.7875
1.98987e+014	0.0084437	45.2547
1.99112e+014	0.00825313	45.7239
1.99237e+014	0.0080132	46.195
1.99362e+014	0.00772799	46.6681
1.99487e+014	0.00740208	47.1433
1.99612e+014	0.00704038	47.6208
1.99737e+014	0.00664794	48.1006
1.99862e+014	0.00622969	48.5831
('port 4',TE,1,'port 4',1,'transmission')
(101,3)
1.8737e+014	0.00236558	0.774213
1.87495e+014	0.00225975	1.19887
1.8762e+014	0.00201433	1.6405
1.87745e+014	0.00165459	2.12531
1.8787e+014	0.00123785	2.71482
1.87995e+014	0.000899793	3.54951
1.8812e+014	0.000897397	4.62387
1.88245e+014	0.00124203	5.465
1.8837e+014	0.0016783	6.0519
1.88495e+014	0.00206178	6.5271
1.88619e+014	0.00232604	6.95376
1.88744e+014	0.00243662	7.35848
1.88869e+014	0.00237959	7.75566
1.88994e+014	0.00215895	8.15712
1.89119e+014	0.00179605	8.57952
1.89244e+014	0.00133217	9.06027
1.89369e+014	0.000848279	9.71922
1.89494e+014	0.000583965	10.8841
1.89619e+014	0.000841519	12.0337
1.89744e+014	0.00129162	12.6798
1.89869e+014	0.00170469	13.1483
1.89993e+014	0.00201232	13.5546
1.90118e+014	0.00218773	13.9336
1.90243e+014	0.0022248	14.2985
1.90368e+014	0.00213318	14.6555
1.90493e+014	0.0019356	15.0069
1.90618e+014	0.00166465	15.3521
1.90743e+014	0.00135922	15.6862
1.90868e+014	0.00106099	15.9944
1.90993e+014	0.00081308	16.2449
1.91118e+014	0.000663302	16.3959
1.91243e+014	0.000659773	16.48
1.91368e+014	0.00081482	16.6312
1.91492e+014	0.00110216	16.8901
1.91617e+014	0.00149303	17.2096
1.91742e+014	0.00195819	17.5506
1.91867e+014	0.00246035	17.8953
1.91992e+014	0.00295362	18.2376
1.92117e+014	0.00338689	18.5759
1.92242e+014	0.0037085	18.9105
1.92367e+014	0.00387105	19.2425
1.92492e+014	0.00383599	19.5732
1.92617e+014	0.00357754	19.905
1.92742e+014	0.00308576	20.2417
1.92866e+014	0.00236897	20.5934
1.92991e+014	0.00145782	20.9983
1.93116e+014	0.000465864	21.8632
1.93241e+014	0.000921264	24.1842
1.93366e+014	0.00212255	24.7057
1.93491e+014	0.00331724	25.0754
1.93616e+014	0.00441124	25.4139
1.93741e+014	0.00533146	25.7411
1.93866e+014	0.00601635	26.0635
1.93991e+014	0.00641908	26.3837
1.94116e+014	0.006511	26.7034
1.94241e+014	0.00628422	27.0239
1.94365e+014	0.00575268	27.3465
1.9449e+014	0.00495165	27.6733
1.94615e+014	0.00393556	28.0084
1.9474e+014	0.00277495	28.3625
1.94865e+014	0.00155563	28.778
1.9499e+014	0.000448225	29.7277
1.95115e+014	0.000896212	31.9623
1.9524e+014	0.00182483	32.4872
1.95365e+014	0.00255606	32.8706
1.9549e+014	0.00303232	33.2267
1.95615e+014	0.00323482	33.5767
1.95739e+014	0.00317097	33.9289
1.95864e+014	0.00287222	34.2901
1.95989e+014	0.00239143	34.6695
1.96114e+014	0.00179968	35.0862
1.96239e+014	0.00118561	35.5893
1.96364e+014	0.000672947	36.336
1.96489e+014	0.000479973	37.5613
1.96614e+014	0.000587911	38.5728
1.96739e+014	0.000636363	39.2439
1.96864e+014	0.000504321	39.9337
1.96989e+014	0.000340986	41.2973
1.97114e+014	0.00074604	42.6852
1.97238e+014	0.00151016	43.2993
1.97363e+014	0.00241374	43.7411
1.97488e+014	0.00335653	44.1297
1.97613e+014	0.00424738	44.4955
1.97738e+014	0.00499934	44.8498
1.97863e+014	0.00553539	45.1981
1.97988e+014	0.00579519	45.5438
1.98113e+014	0.00574097	45.8893
1.98238e+014	0.00536162	46.2374
1.98363e+014	0.00467446	46.5923
1.98488e+014	0.00372499	46.9627
1.98613e+014	0.00258697	47.3734
1.98737e+014	0.00138057	47.9351
1.98862e+014	0.000632574	49.4872
1.98987e+014	0.00144934	50.8277
1.99112e+014	0.00245546	51.3558
1.99237e+014	0.00326117	51.7625
1.99362e+014	0.0037808	52.1361
1.99487e+014	0.00397695	52.4986
1.99612e+014	0.00384537	52.8596
1.99737e+014	0.00341228	53.227
1.99862e+014	0.00273196	53.6126
