('port 1',TE,1,'port 1',1,'transmission')
(101,3)
1.8737e+014	0.00822321	2.38263
1.87495e+014	0.00839302	2.49425
1.8762e+014	0.00850325	2.60626
1.87745e+014	0.0085567	2.71928
1.8787e+014	0.00855702	2.83396
1.87995e+014	0.00850872	2.95091
1.8812e+014	0.0084172	3.07076
1.88245e+014	0.00828879	3.19416
1.8837e+014	0.00813076	3.32178
1.88495e+014	0.00795142	3.45429
1.88619e+014	0.00776008	3.59231
1.88744e+014	0.00756704	3.73637
1.88869e+014	0.00738347	3.88683
1.88994e+014	0.0072211	4.04373
1.89119e+014	0.00709179	4.20667
1.89244e+014	0.00700677	4.37471
1.89369e+014	0.00697582	4.54633
1.89494e+014	0.00700633	4.7195
1.89619e+014	0.00710256	4.89189
1.89744e+014	0.00726528	5.06117
1.89869e+014	0.007492	5.22529
1.89993e+014	0.00777747	5.38272
1.90118e+014	0.00811462	5.53248
1.90243e+014	0.00849537	5.67418
1.90368e+014	0.00891135	5.80783
1.90493e+014	0.00935451	5.93375
1.90618e+014	0.00981735	6.05245
1.90743e+014	0.0102931	6.16455
1.90868e+014	0.010776	6.27066
1.90993e+014	0.0112607	6.3714
1.91118e+014	0.011743	6.46737
1.91243e+014	0.012219	6.5591
1.91368e+014	0.0126855	6.64708
1.91492e+014	0.0131398	6.73176
1.91617e+014	0.0135796	6.81355
1.91742e+014	0.0140028	6.89283
1.91867e+014	0.0144074	6.96993
1.91992e+014	0.0147919	7.04516
1.92117e+014	0.0151546	7.11881
1.92242e+014	0.0154938	7.19116
1.92367e+014	0.015808	7.26245
1.92492e+014	0.0160953	7.33293
1.92617e+014	0.016354	7.4028
1.92742e+014	0.016582	7.4723
1.92866e+014	0.0167774	7.54161
1.92991e+014	0.0169379	7.61094
1.93116e+014	0.017061	7.68047
1.93241e+014	0.0171443	7.75038
1.93366e+014	0.0171852	7.82087
1.93491e+014	0.0171811	7.8921
1.93616e+014	0.0171292	7.96426
1.93741e+014	0.0170271	8.03755
1.93866e+014	0.016872	8.11216
1.93991e+014	0.0166617	8.18832
1.94116e+014	0.0163941	8.26629
1.94241e+014	0.0160673	8.34634
1.94365e+014	0.01568	8.42882
1.9449e+014	0.0152314	8.51413
1.94615e+014	0.0147213	8.60278
1.9474e+014	0.0141505	8.69541
1.94865e+014	0.0135209	8.79284
1.9499e+014	0.0128359	8.89611
1.95115e+014	0.0121008	9.00664
1.9524e+014	0.0113236	9.12629
1.95365e+014	0.0105163	9.25757
1.9549e+014	0.00969602	9.40383
1.95615e+014	0.00888804	9.56945
1.95739e+014	0.00812887	9.75972
1.95864e+014	0.00747	9.98003
1.95989e+014	0.0069793	10.2333
1.96114e+014	0.0067338	10.5155
1.96239e+014	0.0067982	10.8121
1.96364e+014	0.00719762	11.1018
1.96489e+014	0.00790874	11.3669
1.96614e+014	0.00887792	11.6003
1.96739e+014	0.0100458	11.8031
1.96864e+014	0.011361	11.9801
1.96989e+014	0.0127832	12.1371
1.97114e+014	0.0142816	12.2785
1.97238e+014	0.0158321	12.4081
1.97363e+014	0.0174156	12.5287
1.97488e+014	0.0190158	12.6422
1.97613e+014	0.0206188	12.7503
1.97738e+014	0.022212	12.8541
1.97863e+014	0.0237842	12.9544
1.97988e+014	0.0253247	13.0519
1.98113e+014	0.0268235	13.1471
1.98238e+014	0.0282713	13.2405
1.98363e+014	0.029659	13.3323
1.98488e+014	0.0309782	13.4228
1.98613e+014	0.0322209	13.5123
1.98737e+014	0.0333796	13.6008
1.98862e+014	0.0344473	13.6886
1.98987e+014	0.0354174	13.7757
1.99112e+014	0.0362841	13.8623
1.99237e+014	0.0370418	13.9484
1.99362e+014	0.0376859	14.0341
1.99487e+014	0.0382121	14.1194
1.99612e+014	0.0386169	14.2045
1.99737e+014	0.0388976	14.2893
1.99862e+014	0.0390519	14.3739
('port 2',TE,1,'port 1',1,'transmission')
(101,3)
1.8737e+014	0.00169496	0.622838
1.87495e+014	0.00163845	0.816922
1.8762e+014	0.00158501	1.01433
1.87745e+014	0.00153535	1.21507
1.8787e+014	0.00149016	1.41906
1.87995e+014	0.00145004	1.62605
1.8812e+014	0.00141551	1.83562
1.88245e+014	0.00138692	2.04724
1.8837e+014	0.0013645	2.26021
1.88495e+014	0.00134825	2.47374
1.88619e+014	0.00133801	2.68704
1.88744e+014	0.00133343	2.89931
1.88869e+014	0.00133401	3.10983
1.88994e+014	0.00133913	3.31802
1.89119e+014	0.00134808	3.52341
1.89244e+014	0.00136013	3.72571
1.89369e+014	0.00137454	3.92477
1.89494e+014	0.00139059	4.12055
1.89619e+014	0.00140762	4.31311
1.89744e+014	0.00142503	4.5026
1.89869e+014	0.0014423	4.6892
1.89993e+014	0.00145898	4.87311
1.90118e+014	0.00147471	5.05457
1.90243e+014	0.00148917	5.2338
1.90368e+014	0.00150215	5.41102
1.90493e+014	0.00151346	5.58641
1.90618e+014	0.00152299	5.76016
1.90743e+014	0.00153065	5.93242
1.90868e+014	0.00153641	6.10333
1.90993e+014	0.00154024	6.27299
1.91118e+014	0.00154216	6.44148
1.91243e+014	0.00154217	6.60886
1.91368e+014	0.00154031	6.77517
1.91492e+014	0.00153661	6.94044
1.91617e+014	0.00153109	7.10465
1.91742e+014	0.00152376	7.26779
1.91867e+014	0.00151463	7.42984
1.91992e+014	0.00150372	7.59074
1.92117e+014	0.00149099	7.75045
1.92242e+014	0.00147644	7.90889
1.92367e+014	0.00146002	8.06599
1.92492e+014	0.0014417	8.22168
1.92617e+014	0.00142143	8.37586
1.92742e+014	0.00139916	8.52843
1.92866e+014	0.00137484	8.6793
1.92991e+014	0.00134844	8.82835
1.93116e+014	0.00131992	8.97545
1.93241e+014	0.00128927	9.12046
1.93366e+014	0.00125648	9.26322
1.93491e+014	0.00122159	9.40355
1.93616e+014	0.00118464	9.54123
1.93741e+014	0.00114572	9.67602
1.93866e+014	0.00110497	9.8076
1.93991e+014	0.00106254	9.93562
1.94116e+014	0.00101866	10.0596
1.94241e+014	0.000973612	10.1792
1.94365e+014	0.000927757	10.2935
1.9449e+014	0.000881529	10.402
1.94615e+014	0.000835467	10.5038
1.9474e+014	0.000790223	10.5978
1.94865e+014	0.000746589	10.683
1.9499e+014	0.000705508	10.7583
1.95115e+014	0.000668084	10.8227
1.9524e+014	0.00063557	10.8758
1.95365e+014	0.000609311	10.9176
1.9549e+014	0.000590633	10.9496
1.95615e+014	0.000580682	10.9744
1.95739e+014	0.00058023	10.996
1.95864e+014	0.000589524	11.019
1.95989e+014	0.000608257	11.0477
1.96114e+014	0.000635653	11.0855
1.96239e+014	0.000670642	11.1343
1.96364e+014	0.000712048	11.1948
1.96489e+014	0.000758726	11.2667
1.96614e+014	0.000809646	11.3493
1.96739e+014	0.000863929	11.4413
1.96864e+014	0.00092085	11.5417
1.96989e+014	0.000979822	11.6493
1.97114e+014	0.00104038	11.7632
1.97238e+014	0.00110216	11.8825
1.97363e+014	0.00116487	12.0063
1.97488e+014	0.00122831	12.1342
1.97613e+014	0.0012923	12.2655
1.97738e+014	0.00135671	12.3997
1.97863e+014	0.00142145	12.5364
1.97988e+014	0.00148644	12.6753
1.98113e+014	0.0015516	12.816
1.98238e+014	0.00161689	12.9583
1.98363e+014	0.00168224	13.1019
1.98488e+014	0.00174757	13.2467
1.98613e+014	0.00181282	13.3923
1.98737e+014	0.0018779	13.5387
1.98862e+014	0.00194269	13.6857
1.98987e+014	0.00200709	13.8332
1.99112e+014	0.00207095	13.9811
1.99237e+014	0.00213412	14.1291
1.99362e+014	0.00219643	14.2774
1.99487e+014	0.00225768	14.4258
1.99612e+014	0.00231768	14.5742
1.99737e+014	0.00237621	14.7226
1.99862e+014	0.00243305	14.871
('port 3',TE,1,'port 1',1,'transmission')
(101,3)
1.8737e+014	0.977039	-0.021662
1.87495e+014	0.977116	0.042853
1.8762e+014	0.977192	0.107363
1.87745e+014	0.977267	0.171867
1.8787e+014	0.977342	0.236366
1.87995e+014	0.977416	0.30086
1.8812e+014	0.977491	0.365349
1.88245e+014	0.977565	0.429834
1.8837e+014	0.97764	0.494313
1.88495e+014	0.977715	0.558789
1.88619e+014	0.977791	0.62326
1.88744e+014	0.977866	0.687727
1.88869e+014	0.977941	0.752191
1.88994e+014	0.978017	0.816651
1.89119e+014	0.978092	0.881108
1.89244e+014	0.978167	0.945561
1.89369e+014	0.978241	1.01001
1.89494e+014	0.978315	1.07446
1.89619e+014	0.978387	1.1389
1.89744e+014	0.978458	1.20334
1.89869e+014	0.978528	1.26778
1.89993e+014	0.978596	1.33222
1.90118e+014	0.978662	1.39665
1.90243e+014	0.978726	1.46107
1.90368e+014	0.978788	1.52549
1.90493e+014	0.978848	1.58991
1.90618e+014	0.978905	1.65433
1.90743e+014	0.97896	1.71873
1.90868e+014	0.979014	1.78314
1.90993e+014	0.979065	1.84753
1.91118e+014	0.979115	1.91192
1.91243e+014	0.979163	1.97631
1.91368e+014	0.979211	2.04069
1.91492e+014	0.979257	2.10506
1.91617e+014	0.979303	2.16943
1.91742e+014	0.979349	2.23379
1.91867e+014	0.979395	2.29814
1.91992e+014	0.979442	2.36249
1.92117e+014	0.97949	2.42683
1.92242e+014	0.979539	2.49116
1.92367e+014	0.97959	2.55549
1.92492e+014	0.979643	2.61982
1.92617e+014	0.979698	2.68413
1.92742e+014	0.979754	2.74845
1.92866e+014	0.979813	2.81276
1.92991e+014	0.979874	2.87707
1.93116e+014	0.979938	2.94137
1.93241e+014	0.980003	3.00567
1.93366e+014	0.980069	3.06997
1.93491e+014	0.980137	3.13427
1.93616e+014	0.980206	3.19857
1.93741e+014	0.980276	3.26286
1.93866e+014	0.980346	3.32715
1.93991e+014	0.980415	3.39144
1.94116e+014	0.980484	3.45573
1.94241e+014	0.980551	3.52002
1.94365e+014	0.980617	3.58431
1.9449e+014	0.98068	3.6486
1.94615e+014	0.980741	3.71288
1.9474e+014	0.980799	3.77717
1.94865e+014	0.980854	3.84145
1.9499e+014	0.980905	3.90573
1.95115e+014	0.980952	3.97
1.9524e+014	0.980996	4.03427
1.95365e+014	0.981036	4.09854
1.9549e+014	0.981071	4.1628
1.95615e+014	0.981103	4.22705
1.95739e+014	0.981132	4.29131
1.95864e+014	0.981157	4.35555
1.95989e+014	0.981179	4.41979
1.96114e+014	0.981198	4.48402
1.96239e+014	0.981215	4.54824
1.96364e+014	0.98123	4.61246
1.96489e+014	0.981243	4.67667
1.96614e+014	0.981255	4.74087
1.96739e+014	0.981267	4.80506
1.96864e+014	0.981278	4.86925
1.96989e+014	0.981289	4.93343
1.97114e+014	0.981301	4.9976
1.97238e+014	0.981313	5.06177
1.97363e+014	0.981327	5.12593
1.97488e+014	0.981341	5.19008
1.97613e+014	0.981356	5.25423
1.97738e+014	0.981373	5.31837
1.97863e+014	0.98139	5.38251
1.97988e+014	0.981409	5.44664
1.98113e+014	0.981429	5.51077
1.98238e+014	0.981449	5.57489
1.98363e+014	0.98147	5.63901
1.98488e+014	0.981492	5.70313
1.98613e+014	0.981513	5.76724
1.98737e+014	0.981535	5.83135
1.98862e+014	0.981556	5.89545
1.98987e+014	0.981577	5.95955
1.99112e+014	0.981597	6.02364
1.99237e+014	0.981616	6.08773
1.99362e+014	0.981635	6.15182
1.99487e+014	0.981652	6.2159
1.99612e+014	0.981669	6.27998
1.99737e+014	0.981684	6.34405
1.99862e+014	0.981699	6.40811
('port 4',TE,1,'port 1',1,'transmission')
(101,3)
1.8737e+014	0.137979	2.01669
1.87495e+014	0.137408	2.09984
1.8762e+014	0.136838	2.18298
1.87745e+014	0.136271	2.26612
1.8787e+014	0.135707	2.34925
1.87995e+014	0.135145	2.43238
1.8812e+014	0.134586	2.51549
1.88245e+014	0.134029	2.5986
1.8837e+014	0.133475	2.6817
1.88495e+014	0.132924	2.76479
1.88619e+014	0.132375	2.84788
1.88744e+014	0.131829	2.93096
1.88869e+014	0.131285	3.01403
1.88994e+014	0.130745	3.09709
1.89119e+014	0.130207	3.18015
1.89244e+014	0.129671	3.2632
1.89369e+014	0.129138	3.34625
1.89494e+014	0.128608	3.42929
1.89619e+014	0.128081	3.51232
1.89744e+014	0.127556	3.59535
1.89869e+014	0.127033	3.67838
1.89993e+014	0.126513	3.76139
1.90118e+014	0.125996	3.84441
1.90243e+014	0.125481	3.92742
1.90368e+014	0.124968	4.01042
1.90493e+014	0.124458	4.09342
1.90618e+014	0.123951	4.17641
1.90743e+014	0.123445	4.2594
1.90868e+014	0.122942	4.34238
1.90993e+014	0.122442	4.42535
1.91118e+014	0.121943	4.50832
1.91243e+014	0.121448	4.59129
1.91368e+014	0.120954	4.67425
1.91492e+014	0.120463	4.75721
1.91617e+014	0.119974	4.84016
1.91742e+014	0.119487	4.9231
1.91867e+014	0.119003	5.00604
1.91992e+014	0.118521	5.08897
1.92117e+014	0.118042	5.1719
1.92242e+014	0.117565	5.25483
1.92367e+014	0.11709	5.33775
1.92492e+014	0.116617	5.42067
1.92617e+014	0.116147	5.50358
1.92742e+014	0.115679	5.58649
1.92866e+014	0.115213	5.66939
1.92991e+014	0.11475	5.7523
1.93116e+014	0.114288	5.8352
1.93241e+014	0.113829	5.91809
1.93366e+014	0.113372	6.00099
1.93491e+014	0.112917	6.08388
1.93616e+014	0.112464	6.16677
1.93741e+014	0.112012	6.24966
1.93866e+014	0.111563	6.33254
1.93991e+014	0.111116	6.41543
1.94116e+014	0.11067	6.49831
1.94241e+014	0.110226	6.58118
1.94365e+014	0.109784	6.66406
1.9449e+014	0.109343	6.74693
1.94615e+014	0.108905	6.8298
1.9474e+014	0.108467	6.91266
1.94865e+014	0.108032	6.99552
1.9499e+014	0.107598	7.07837
1.95115e+014	0.107166	7.16122
1.9524e+014	0.106735	7.24406
1.95365e+014	0.106306	7.3269
1.9549e+014	0.105879	7.40973
1.95615e+014	0.105453	7.49255
1.95739e+014	0.10503	7.57536
1.95864e+014	0.104608	7.65817
1.95989e+014	0.104188	7.74097
1.96114e+014	0.10377	7.82376
1.96239e+014	0.103354	7.90654
1.96364e+014	0.10294	7.98932
1.96489e+014	0.102528	8.07209
1.96614e+014	0.102118	8.15485
1.96739e+014	0.101711	8.23761
1.96864e+014	0.101305	8.32036
1.96989e+014	0.100902	8.4031
1.97114e+014	0.100501	8.48584
1.97238e+014	0.100102	8.56857
1.97363e+014	0.099706	8.6513
1.97488e+014	0.0993118	8.73403
1.97613e+014	0.0989198	8.81675
1.97738e+014	0.09853	8.89947
1.97863e+014	0.0981423	8.98219
1.97988e+014	0.0977568	9.0649
1.98113e+014	0.0973733	9.14762
1.98238e+014	0.0969919	9.23033
1.98363e+014	0.0966124	9.31304
1.98488e+014	0.0962348	9.39575
1.98613e+014	0.095859	9.47846
1.98737e+014	0.095485	9.56117
1.98862e+014	0.0951128	9.64388
1.98987e+014	0.0947422	9.72658
1.99112e+014	0.0943732	9.80928
1.99237e+014	0.0940059	9.89198
1.99362e+014	0.0936401	9.97468
1.99487e+014	0.0932758	10.0574
1.99612e+014	0.0929131	10.1401
1.99737e+014	0.0925518	10.2227
1.99862e+014	0.0921921	10.3054
('port 1',TE,1,'port 2',1,'transmission')
(101,3)
1.8737e+014	0.0014707	1.11344
1.87495e+014	0.00143641	1.32242
1.8762e+014	0.00140573	1.52987
1.87745e+014	0.001378	1.73555
1.8787e+014	0.0013526	1.93927
1.87995e+014	0.001329	2.14097
1.8812e+014	0.00130674	2.34063
1.88245e+014	0.00128544	2.53828
1.8837e+014	0.00126484	2.734
1.88495e+014	0.00124475	2.92791
1.88619e+014	0.00122508	3.12009
1.88744e+014	0.00120579	3.31066
1.88869e+014	0.00118692	3.49971
1.88994e+014	0.00116855	3.68728
1.89119e+014	0.00115079	3.87341
1.89244e+014	0.00113378	4.05808
1.89369e+014	0.00111766	4.24126
1.89494e+014	0.00110257	4.42285
1.89619e+014	0.00108864	4.60272
1.89744e+014	0.00107597	4.78075
1.89869e+014	0.00106465	4.95675
1.89993e+014	0.00105473	5.13054
1.90118e+014	0.00104623	5.30195
1.90243e+014	0.00103915	5.4708
1.90368e+014	0.00103346	5.63693
1.90493e+014	0.00102911	5.80022
1.90618e+014	0.00102602	5.96058
1.90743e+014	0.00102411	6.11796
1.90868e+014	0.00102331	6.27234
1.90993e+014	0.0010235	6.42376
1.91118e+014	0.00102459	6.57228
1.91243e+014	0.00102648	6.71804
1.91368e+014	0.00102907	6.86116
1.91492e+014	0.00103225	7.00183
1.91617e+014	0.00103592	7.14024
1.91742e+014	0.00103997	7.27662
1.91867e+014	0.00104428	7.4112
1.91992e+014	0.00104873	7.54421
1.92117e+014	0.00105319	7.67589
1.92242e+014	0.00105753	7.80646
1.92367e+014	0.0010616	7.93615
1.92492e+014	0.00106526	8.06515
1.92617e+014	0.00106836	8.19367
1.92742e+014	0.00107075	8.32185
1.92866e+014	0.00107227	8.44985
1.92991e+014	0.00107279	8.57779
1.93116e+014	0.00107215	8.70574
1.93241e+014	0.00107024	8.83378
1.93366e+014	0.00106694	8.96196
1.93491e+014	0.00106215	9.09026
1.93616e+014	0.00105579	9.21869
1.93741e+014	0.00104781	9.34719
1.93866e+014	0.00103818	9.47569
1.93991e+014	0.00102686	9.60407
1.94116e+014	0.00101389	9.73219
1.94241e+014	0.000999303	9.85988
1.94365e+014	0.000983156	9.98691
1.9449e+014	0.000965549	10.113
1.94615e+014	0.000946603	10.2379
1.9474e+014	0.000926477	10.3613
1.94865e+014	0.00090536	10.4827
1.9499e+014	0.000883485	10.6016
1.95115e+014	0.000861128	10.7177
1.9524e+014	0.000838621	10.8303
1.95365e+014	0.000816354	10.9388
1.9549e+014	0.000794793	11.0427
1.95615e+014	0.00077448	11.1414
1.95739e+014	0.000756046	11.2345
1.95864e+014	0.00074021	11.3215
1.95989e+014	0.000727768	11.4024
1.96114e+014	0.000719573	11.4775
1.96239e+014	0.000716493	11.5475
1.96364e+014	0.000719354	11.6136
1.96489e+014	0.000728873	11.6773
1.96614e+014	0.000745595	11.7404
1.96739e+014	0.000769848	11.805
1.96864e+014	0.000801722	11.8727
1.96989e+014	0.000841083	11.9449
1.97114e+014	0.000887611	12.0226
1.97238e+014	0.000940845	12.1063
1.97363e+014	0.00100023	12.1962
1.97488e+014	0.00106517	12.2922
1.97613e+014	0.00113503	12.3939
1.97738e+014	0.00120917	12.5008
1.97863e+014	0.00128696	12.6126
1.97988e+014	0.00136777	12.7287
1.98113e+014	0.00145101	12.8487
1.98238e+014	0.00153608	12.972
1.98363e+014	0.00162239	13.0985
1.98488e+014	0.00170937	13.2277
1.98613e+014	0.00179649	13.3593
1.98737e+014	0.0018832	13.4932
1.98862e+014	0.00196898	13.629
1.98987e+014	0.00205335	13.7667
1.99112e+014	0.00213584	13.906
1.99237e+014	0.00221599	14.0469
1.99362e+014	0.00229341	14.1893
1.99487e+014	0.00236772	14.3331
1.99612e+014	0.00243857	14.4781
1.99737e+014	0.00250567	14.6245
1.99862e+014	0.00256876	14.7721
('port 2',TE,1,'port 2',1,'transmission')
(101,3)
1.8737e+014	0.00109618	-2.83244
1.87495e+014	0.00105491	-2.71411
1.8762e+014	0.00100119	-2.59514
1.87745e+014	0.000936298	-2.47539
1.8787e+014	0.000861631	-2.35462
1.87995e+014	0.000778673	-2.23247
1.8812e+014	0.000688974	-2.10836
1.88245e+014	0.000594125	-1.98134
1.8837e+014	0.000495744	-1.84966
1.88495e+014	0.000395472	-1.70989
1.88619e+014	0.000295016	-1.55412
1.88744e+014	0.000196364	-1.35938
1.88869e+014	0.000103307	-1.02376
1.88994e+014	4.4828e-005	0.247581
1.89119e+014	0.000101572	1.44778
1.89244e+014	0.000180729	1.77248
1.89369e+014	0.000256263	1.96628
1.89494e+014	0.0003252	2.12362
1.89619e+014	0.000386455	2.26647
1.89744e+014	0.000439436	2.40265
1.89869e+014	0.000483812	2.53577
1.89993e+014	0.000519461	2.66789
1.90118e+014	0.00054644	2.80043
1.90243e+014	0.000564988	2.93456
1.90368e+014	0.000575516	3.0714
1.90493e+014	0.000578614	3.21214
1.90618e+014	0.000575057	3.35811
1.90743e+014	0.000565824	3.51088
1.90868e+014	0.000552125	3.67224
1.90993e+014	0.000535435	3.84419
1.91118e+014	0.000517541	4.02881
1.91243e+014	0.000500562	4.22786
1.91368e+014	0.000486939	4.44213
1.91492e+014	0.000479298	4.67054
1.91617e+014	0.000480169	4.90938
1.91742e+014	0.000491568	5.1523
1.91867e+014	0.000514617	5.39168
1.91992e+014	0.000549396	5.62074
1.92117e+014	0.000595123	5.83512
1.92242e+014	0.000650494	6.03324
1.92367e+014	0.000714017	6.21562
1.92492e+014	0.000784225	6.38394
1.92617e+014	0.000859762	6.54036
1.92742e+014	0.000939405	6.68698
1.92866e+014	0.00102204	6.82575
1.92991e+014	0.00110661	6.95831
1.93116e+014	0.00119212	7.08605
1.93241e+014	0.00127758	7.2101
1.93366e+014	0.00136199	7.3314
1.93491e+014	0.00144437	7.45072
1.93616e+014	0.00152368	7.56866
1.93741e+014	0.00159889	7.68576
1.93866e+014	0.00166896	7.80243
1.93991e+014	0.00173286	7.91902
1.94116e+014	0.00178956	8.03584
1.94241e+014	0.00183807	8.15314
1.94365e+014	0.00187747	8.27115
1.9449e+014	0.00190688	8.39007
1.94615e+014	0.00192552	8.51011
1.9474e+014	0.00193271	8.63145
1.94865e+014	0.00192791	8.7543
1.9499e+014	0.0019107	8.87889
1.95115e+014	0.00188082	9.00546
1.9524e+014	0.00183818	9.13433
1.95365e+014	0.00178287	9.26586
1.9549e+014	0.0017152	9.40053
1.95615e+014	0.00163565	9.53896
1.95739e+014	0.00154496	9.68195
1.95864e+014	0.00144411	9.83063
1.95989e+014	0.00133437	9.98654
1.96114e+014	0.00121735	10.1519
1.96239e+014	0.00109512	10.3298
1.96364e+014	0.000970382	10.5251
1.96489e+014	0.000846837	10.745
1.96614e+014	0.000729751	10.9997
1.96739e+014	0.000626893	11.3032
1.96864e+014	0.000549344	11.6674
1.96989e+014	0.000510028	12.0867
1.97114e+014	0.000516913	12.5212
1.97238e+014	0.000565773	12.9195
1.97363e+014	0.000643454	13.2584
1.97488e+014	0.000736569	13.5435
1.97613e+014	0.000835333	13.7889
1.97738e+014	0.000933266	14.0071
1.97863e+014	0.00102607	14.2069
1.97988e+014	0.0011108	14.3943
1.98113e+014	0.00118537	14.5734
1.98238e+014	0.00124832	14.747
1.98363e+014	0.00129864	14.9174
1.98488e+014	0.00133569	15.086
1.98613e+014	0.00135918	15.2542
1.98737e+014	0.00136915	15.4232
1.98862e+014	0.00136592	15.5939
1.98987e+014	0.00135013	15.7675
1.99112e+014	0.00132273	15.9451
1.99237e+014	0.00128496	16.1279
1.99362e+014	0.0012384	16.3171
1.99487e+014	0.00118497	16.5144
1.99612e+014	0.00112694	16.7214
1.99737e+014	0.00106693	16.9399
1.99862e+014	0.00100794	17.1714
('port 3',TE,1,'port 2',1,'transmission')
(101,3)
1.8737e+014	0.137176	-1.12551
1.87495e+014	0.136606	-1.04241
1.8762e+014	0.13604	-0.959321
1.87745e+014	0.135478	-0.876232
1.8787e+014	0.134919	-0.793144
1.87995e+014	0.134363	-0.710057
1.8812e+014	0.13381	-0.626969
1.88245e+014	0.13326	-0.543879
1.8837e+014	0.132713	-0.460789
1.88495e+014	0.132169	-0.377696
1.88619e+014	0.131627	-0.294602
1.88744e+014	0.131087	-0.211507
1.88869e+014	0.130549	-0.128412
1.88994e+014	0.130013	-0.0453173
1.89119e+014	0.129479	0.0377753
1.89244e+014	0.128946	0.120865
1.89369e+014	0.128416	0.20395
1.89494e+014	0.127887	0.28703
1.89619e+014	0.12736	0.370103
1.89744e+014	0.126835	0.453168
1.89869e+014	0.126312	0.536226
1.89993e+014	0.125791	0.619274
1.90118e+014	0.125272	0.702313
1.90243e+014	0.124756	0.785342
1.90368e+014	0.124242	0.868362
1.90493e+014	0.123731	0.951373
1.90618e+014	0.123222	1.03437
1.90743e+014	0.122716	1.11737
1.90868e+014	0.122213	1.20035
1.90993e+014	0.121712	1.28333
1.91118e+014	0.121215	1.36631
1.91243e+014	0.12072	1.44928
1.91368e+014	0.120227	1.53224
1.91492e+014	0.119738	1.6152
1.91617e+014	0.119251	1.69815
1.91742e+014	0.118767	1.78111
1.91867e+014	0.118285	1.86406
1.91992e+014	0.117805	1.947
1.92117e+014	0.117328	2.02995
1.92242e+014	0.116854	2.11289
1.92367e+014	0.116381	2.19583
1.92492e+014	0.115911	2.27876
1.92617e+014	0.115443	2.3617
1.92742e+014	0.114977	2.44462
1.92866e+014	0.114513	2.52755
1.92991e+014	0.114051	2.61047
1.93116e+014	0.113591	2.69339
1.93241e+014	0.113134	2.77631
1.93366e+014	0.112678	2.85922
1.93491e+014	0.112225	2.94212
1.93616e+014	0.111773	3.02503
1.93741e+014	0.111323	3.10793
1.93866e+014	0.110876	3.19082
1.93991e+014	0.11043	3.27371
1.94116e+014	0.109987	3.35659
1.94241e+014	0.109545	3.43947
1.94365e+014	0.109105	3.52235
1.9449e+014	0.108667	3.60521
1.94615e+014	0.108231	3.68807
1.9474e+014	0.107797	3.77093
1.94865e+014	0.107365	3.85378
1.9499e+014	0.106935	3.93661
1.95115e+014	0.106507	4.01945
1.9524e+014	0.106081	4.10227
1.95365e+014	0.105658	4.18509
1.9549e+014	0.105237	4.26789
1.95615e+014	0.104818	4.3507
1.95739e+014	0.104402	4.43349
1.95864e+014	0.103988	4.51628
1.95989e+014	0.103576	4.59907
1.96114e+014	0.103168	4.68185
1.96239e+014	0.102761	4.76463
1.96364e+014	0.102357	4.84741
1.96489e+014	0.101955	4.93019
1.96614e+014	0.101555	5.01297
1.96739e+014	0.101158	5.09575
1.96864e+014	0.100762	5.17854
1.96989e+014	0.100367	5.26132
1.97114e+014	0.0999745	5.34411
1.97238e+014	0.0995829	5.4269
1.97363e+014	0.0991925	5.50969
1.97488e+014	0.0988029	5.59248
1.97613e+014	0.0984142	5.67526
1.97738e+014	0.0980262	5.75804
1.97863e+014	0.0976388	5.84082
1.97988e+014	0.097252	5.92358
1.98113e+014	0.0968659	6.00633
1.98238e+014	0.0964806	6.08906
1.98363e+014	0.0960961	6.17178
1.98488e+014	0.0957127	6.25448
1.98613e+014	0.0953306	6.33716
1.98737e+014	0.0949499	6.41981
1.98862e+014	0.0945711	6.50244
1.98987e+014	0.0941942	6.58505
1.99112e+014	0.0938196	6.66764
1.99237e+014	0.0934475	6.7502
1.99362e+014	0.0930781	6.83274
1.99487e+014	0.0927117	6.91526
1.99612e+014	0.0923484	6.99777
1.99737e+014	0.0919882	7.08026
1.99862e+014	0.0916312	7.16274
('port 4',TE,1,'port 2',1,'transmission')
(101,3)
1.8737e+014	0.97251	-2.23225
1.87495e+014	0.972603	-2.13047
1.8762e+014	0.972698	-2.0287
1.87745e+014	0.972794	-1.92694
1.8787e+014	0.972892	-1.82518
1.87995e+014	0.972992	-1.72343
1.8812e+014	0.973093	-1.62168
1.88245e+014	0.973194	-1.51994
1.8837e+014	0.973296	-1.41819
1.88495e+014	0.973397	-1.31646
1.88619e+014	0.973496	-1.21472
1.88744e+014	0.973595	-1.11299
1.88869e+014	0.973691	-1.01126
1.88994e+014	0.973785	-0.909542
1.89119e+014	0.973876	-0.807825
1.89244e+014	0.973965	-0.706113
1.89369e+014	0.974051	-0.604408
1.89494e+014	0.974135	-0.502709
1.89619e+014	0.974217	-0.401017
1.89744e+014	0.974297	-0.299333
1.89869e+014	0.974376	-0.197655
1.89993e+014	0.974455	-0.0959858
1.90118e+014	0.974532	0.00567662
1.90243e+014	0.97461	0.107332
1.90368e+014	0.974689	0.20898
1.90493e+014	0.974768	0.310622
1.90618e+014	0.974848	0.412259
1.90743e+014	0.974928	0.513889
1.90868e+014	0.975009	0.615515
1.90993e+014	0.975091	0.717135
1.91118e+014	0.975172	0.818752
1.91243e+014	0.975253	0.920364
1.91368e+014	0.975332	1.02197
1.91492e+014	0.97541	1.12358
1.91617e+014	0.975487	1.22517
1.91742e+014	0.975561	1.32677
1.91867e+014	0.975632	1.42836
1.91992e+014	0.975701	1.52994
1.92117e+014	0.975766	1.63152
1.92242e+014	0.975829	1.73309
1.92367e+014	0.975889	1.83465
1.92492e+014	0.975947	1.93621
1.92617e+014	0.976003	2.03775
1.92742e+014	0.976057	2.13929
1.92866e+014	0.976111	2.24082
1.92991e+014	0.976164	2.34234
1.93116e+014	0.976217	2.44385
1.93241e+014	0.976271	2.54536
1.93366e+014	0.976325	2.64686
1.93491e+014	0.97638	2.74835
1.93616e+014	0.976437	2.84983
1.93741e+014	0.976495	2.95131
1.93866e+014	0.976553	3.05278
1.93991e+014	0.976613	3.15424
1.94116e+014	0.976673	3.2557
1.94241e+014	0.976733	3.35716
1.94365e+014	0.976792	3.45861
1.9449e+014	0.976851	3.56005
1.94615e+014	0.976909	3.66149
1.9474e+014	0.976966	3.76293
1.94865e+014	0.977021	3.86435
1.9499e+014	0.977074	3.96577
1.95115e+014	0.977127	4.06719
1.9524e+014	0.977178	4.16859
1.95365e+014	0.977228	4.26999
1.9549e+014	0.977278	4.37139
1.95615e+014	0.977328	4.47277
1.95739e+014	0.977378	4.57415
1.95864e+014	0.97743	4.67552
1.95989e+014	0.977483	4.77688
1.96114e+014	0.977539	4.87823
1.96239e+014	0.977596	4.97958
1.96364e+014	0.977656	5.08093
1.96489e+014	0.977718	5.18227
1.96614e+014	0.977781	5.2836
1.96739e+014	0.977846	5.38494
1.96864e+014	0.977912	5.48627
1.96989e+014	0.977977	5.5876
1.97114e+014	0.978041	5.68893
1.97238e+014	0.978102	5.79026
1.97363e+014	0.97816	5.89158
1.97488e+014	0.978214	5.99291
1.97613e+014	0.978262	6.09423
1.97738e+014	0.978304	6.19555
1.97863e+014	0.97834	6.29686
1.97988e+014	0.978368	6.39816
1.98113e+014	0.97839	6.49946
1.98238e+014	0.978405	6.60075
1.98363e+014	0.978414	6.70203
1.98488e+014	0.978419	6.8033
1.98613e+014	0.978419	6.90455
1.98737e+014	0.978417	7.00579
1.98862e+014	0.978414	7.10702
1.98987e+014	0.978412	7.20824
1.99112e+014	0.978411	7.30944
1.99237e+014	0.978414	7.41063
1.99362e+014	0.978421	7.51182
1.99487e+014	0.978434	7.61299
1.99612e+014	0.978453	7.71415
1.99737e+014	0.978478	7.81531
1.99862e+014	0.978509	7.91646
('port 1',TE,1,'port 3',1,'transmission')
(101,3)
1.8737e+014	0.977039	-0.021662
1.87495e+014	0.977116	0.042853
1.8762e+014	0.977192	0.107363
1.87745e+014	0.977267	0.171867
1.8787e+014	0.977342	0.236366
1.87995e+014	0.977416	0.30086
1.8812e+014	0.977491	0.365349
1.88245e+014	0.977565	0.429834
1.8837e+014	0.97764	0.494313
1.88495e+014	0.977715	0.558789
1.88619e+014	0.977791	0.62326
1.88744e+014	0.977866	0.687727
1.88869e+014	0.977941	0.752191
1.88994e+014	0.978017	0.816651
1.89119e+014	0.978092	0.881108
1.89244e+014	0.978167	0.945561
1.89369e+014	0.978241	1.01001
1.89494e+014	0.978315	1.07446
1.89619e+014	0.978387	1.1389
1.89744e+014	0.978458	1.20334
1.89869e+014	0.978528	1.26778
1.89993e+014	0.978596	1.33222
1.90118e+014	0.978662	1.39665
1.90243e+014	0.978726	1.46107
1.90368e+014	0.978788	1.52549
1.90493e+014	0.978848	1.58991
1.90618e+014	0.978905	1.65433
1.90743e+014	0.97896	1.71873
1.90868e+014	0.979014	1.78314
1.90993e+014	0.979065	1.84753
1.91118e+014	0.979115	1.91192
1.91243e+014	0.979163	1.97631
1.91368e+014	0.979211	2.04069
1.91492e+014	0.979257	2.10506
1.91617e+014	0.979303	2.16943
1.91742e+014	0.979349	2.23379
1.91867e+014	0.979395	2.29814
1.91992e+014	0.979442	2.36249
1.92117e+014	0.97949	2.42683
1.92242e+014	0.979539	2.49116
1.92367e+014	0.97959	2.55549
1.92492e+014	0.979643	2.61982
1.92617e+014	0.979698	2.68413
1.92742e+014	0.979754	2.74845
1.92866e+014	0.979813	2.81276
1.92991e+014	0.979874	2.87707
1.93116e+014	0.979938	2.94137
1.93241e+014	0.980003	3.00567
1.93366e+014	0.980069	3.06997
1.93491e+014	0.980137	3.13427
1.93616e+014	0.980206	3.19857
1.93741e+014	0.980276	3.26286
1.93866e+014	0.980346	3.32715
1.93991e+014	0.980415	3.39144
1.94116e+014	0.980484	3.45573
1.94241e+014	0.980551	3.52002
1.94365e+014	0.980617	3.58431
1.9449e+014	0.98068	3.6486
1.94615e+014	0.980741	3.71288
1.9474e+014	0.980799	3.77717
1.94865e+014	0.980854	3.84145
1.9499e+014	0.980905	3.90573
1.95115e+014	0.980952	3.97
1.9524e+014	0.980996	4.03427
1.95365e+014	0.981036	4.09854
1.9549e+014	0.981071	4.1628
1.95615e+014	0.981103	4.22705
1.95739e+014	0.981132	4.29131
1.95864e+014	0.981157	4.35555
1.95989e+014	0.981179	4.41979
1.96114e+014	0.981198	4.48402
1.96239e+014	0.981215	4.54824
1.96364e+014	0.98123	4.61246
1.96489e+014	0.981243	4.67667
1.96614e+014	0.981255	4.74087
1.96739e+014	0.981267	4.80506
1.96864e+014	0.981278	4.86925
1.96989e+014	0.981289	4.93343
1.97114e+014	0.981301	4.9976
1.97238e+014	0.981313	5.06177
1.97363e+014	0.981327	5.12593
1.97488e+014	0.981341	5.19008
1.97613e+014	0.981356	5.25423
1.97738e+014	0.981373	5.31837
1.97863e+014	0.98139	5.38251
1.97988e+014	0.981409	5.44664
1.98113e+014	0.981429	5.51077
1.98238e+014	0.981449	5.57489
1.98363e+014	0.98147	5.63901
1.98488e+014	0.981492	5.70313
1.98613e+014	0.981513	5.76724
1.98737e+014	0.981535	5.83135
1.98862e+014	0.981556	5.89545
1.98987e+014	0.981577	5.95955
1.99112e+014	0.981597	6.02364
1.99237e+014	0.981616	6.08773
1.99362e+014	0.981635	6.15182
1.99487e+014	0.981652	6.2159
1.99612e+014	0.981669	6.27998
1.99737e+014	0.981684	6.34405
1.99862e+014	0.981699	6.40811
('port 2',TE,1,'port 3',1,'transmission')
(101,3)
1.8737e+014	0.137979	-1.12491
1.87495e+014	0.137408	-1.04175
1.8762e+014	0.136838	-0.958608
1.87745e+014	0.136271	-0.87547
1.8787e+014	0.135707	-0.792339
1.87995e+014	0.135145	-0.709216
1.8812e+014	0.134586	-0.626101
1.88245e+014	0.134029	-0.542993
1.8837e+014	0.133475	-0.459893
1.88495e+014	0.132924	-0.376801
1.88619e+014	0.132375	-0.293715
1.88744e+014	0.131829	-0.210637
1.88869e+014	0.131285	-0.127566
1.88994e+014	0.130745	-0.0445011
1.89119e+014	0.130207	0.0385572
1.89244e+014	0.129671	0.121609
1.89369e+014	0.129138	0.204655
1.89494e+014	0.128608	0.287695
1.89619e+014	0.128081	0.37073
1.89744e+014	0.127556	0.453759
1.89869e+014	0.127033	0.536783
1.89993e+014	0.126513	0.619801
1.90118e+014	0.125996	0.702814
1.90243e+014	0.125481	0.785823
1.90368e+014	0.124968	0.868825
1.90493e+014	0.124458	0.951823
1.90618e+014	0.123951	1.03482
1.90743e+014	0.123445	1.1178
1.90868e+014	0.122942	1.20078
1.90993e+014	0.122442	1.28376
1.91118e+014	0.121943	1.36673
1.91243e+014	0.121448	1.4497
1.91368e+014	0.120954	1.53266
1.91492e+014	0.120463	1.61561
1.91617e+014	0.119974	1.69856
1.91742e+014	0.119487	1.78151
1.91867e+014	0.119003	1.86445
1.91992e+014	0.118521	1.94738
1.92117e+014	0.118042	2.03031
1.92242e+014	0.117565	2.11324
1.92367e+014	0.11709	2.19616
1.92492e+014	0.116617	2.27907
1.92617e+014	0.116147	2.36199
1.92742e+014	0.115679	2.44489
1.92866e+014	0.115213	2.5278
1.92991e+014	0.11475	2.6107
1.93116e+014	0.114288	2.6936
1.93241e+014	0.113829	2.7765
1.93366e+014	0.113372	2.85939
1.93491e+014	0.112917	2.94229
1.93616e+014	0.112464	3.02518
1.93741e+014	0.112012	3.10807
1.93866e+014	0.111563	3.19095
1.93991e+014	0.111116	3.27383
1.94116e+014	0.11067	3.35671
1.94241e+014	0.110226	3.43959
1.94365e+014	0.109784	3.52247
1.9449e+014	0.109343	3.60534
1.94615e+014	0.108905	3.6882
1.9474e+014	0.108467	3.77107
1.94865e+014	0.108032	3.85393
1.9499e+014	0.107598	3.93678
1.95115e+014	0.107166	4.01963
1.9524e+014	0.106735	4.10247
1.95365e+014	0.106306	4.1853
1.9549e+014	0.105879	4.26813
1.95615e+014	0.105453	4.35096
1.95739e+014	0.10503	4.43377
1.95864e+014	0.104608	4.51658
1.95989e+014	0.104188	4.59938
1.96114e+014	0.10377	4.68217
1.96239e+014	0.103354	4.76495
1.96364e+014	0.10294	4.84773
1.96489e+014	0.102528	4.9305
1.96614e+014	0.102118	5.01326
1.96739e+014	0.101711	5.09602
1.96864e+014	0.101305	5.17876
1.96989e+014	0.100902	5.26151
1.97114e+014	0.100501	5.34425
1.97238e+014	0.100102	5.42698
1.97363e+014	0.099706	5.50971
1.97488e+014	0.0993118	5.59243
1.97613e+014	0.0989198	5.67516
1.97738e+014	0.09853	5.75788
1.97863e+014	0.0981423	5.84059
1.97988e+014	0.0977568	5.92331
1.98113e+014	0.0973733	6.00602
1.98238e+014	0.0969919	6.08874
1.98363e+014	0.0966124	6.17145
1.98488e+014	0.0962348	6.25416
1.98613e+014	0.095859	6.33687
1.98737e+014	0.095485	6.41958
1.98862e+014	0.0951128	6.50228
1.98987e+014	0.0947422	6.58499
1.99112e+014	0.0943732	6.66769
1.99237e+014	0.0940059	6.75039
1.99362e+014	0.0936401	6.83309
1.99487e+014	0.0932758	6.91578
1.99612e+014	0.0929131	6.99847
1.99737e+014	0.0925518	7.08116
1.99862e+014	0.0921921	7.16383
('port 3',TE,1,'port 3',1,'transmission')
(101,3)
1.8737e+014	0.00822321	2.38263
1.87495e+014	0.00839302	2.49425
1.8762e+014	0.00850325	2.60626
1.87745e+014	0.0085567	2.71928
1.8787e+014	0.00855702	2.83396
1.87995e+014	0.00850872	2.95091
1.8812e+014	0.0084172	3.07076
1.88245e+014	0.00828879	3.19416
1.8837e+014	0.00813076	3.32178
1.88495e+014	0.00795142	3.45429
1.88619e+014	0.00776008	3.59231
1.88744e+014	0.00756704	3.73637
1.88869e+014	0.00738347	3.88683
1.88994e+014	0.0072211	4.04373
1.89119e+014	0.00709179	4.20667
1.89244e+014	0.00700677	4.37471
1.89369e+014	0.00697582	4.54633
1.89494e+014	0.00700633	4.7195
1.89619e+014	0.00710256	4.89189
1.89744e+014	0.00726528	5.06117
1.89869e+014	0.007492	5.22529
1.89993e+014	0.00777747	5.38272
1.90118e+014	0.00811462	5.53248
1.90243e+014	0.00849537	5.67418
1.90368e+014	0.00891135	5.80783
1.90493e+014	0.00935451	5.93375
1.90618e+014	0.00981735	6.05245
1.90743e+014	0.0102931	6.16455
1.90868e+014	0.010776	6.27066
1.90993e+014	0.0112607	6.3714
1.91118e+014	0.011743	6.46737
1.91243e+014	0.012219	6.5591
1.91368e+014	0.0126855	6.64708
1.91492e+014	0.0131398	6.73176
1.91617e+014	0.0135796	6.81355
1.91742e+014	0.0140028	6.89283
1.91867e+014	0.0144074	6.96993
1.91992e+014	0.0147919	7.04516
1.92117e+014	0.0151546	7.11881
1.92242e+014	0.0154938	7.19116
1.92367e+014	0.015808	7.26245
1.92492e+014	0.0160953	7.33293
1.92617e+014	0.016354	7.4028
1.92742e+014	0.016582	7.4723
1.92866e+014	0.0167774	7.54161
1.92991e+014	0.0169379	7.61094
1.93116e+014	0.017061	7.68047
1.93241e+014	0.0171443	7.75038
1.93366e+014	0.0171852	7.82087
1.93491e+014	0.0171811	7.8921
1.93616e+014	0.0171292	7.96426
1.93741e+014	0.0170271	8.03755
1.93866e+014	0.016872	8.11216
1.93991e+014	0.0166617	8.18832
1.94116e+014	0.0163941	8.26629
1.94241e+014	0.0160673	8.34634
1.94365e+014	0.01568	8.42882
1.9449e+014	0.0152314	8.51413
1.94615e+014	0.0147213	8.60278
1.9474e+014	0.0141505	8.69541
1.94865e+014	0.0135209	8.79284
1.9499e+014	0.0128359	8.89611
1.95115e+014	0.0121008	9.00664
1.9524e+014	0.0113236	9.12629
1.95365e+014	0.0105163	9.25757
1.9549e+014	0.00969602	9.40383
1.95615e+014	0.00888804	9.56945
1.95739e+014	0.00812887	9.75972
1.95864e+014	0.00747	9.98003
1.95989e+014	0.0069793	10.2333
1.96114e+014	0.0067338	10.5155
1.96239e+014	0.0067982	10.8121
1.96364e+014	0.00719762	11.1018
1.96489e+014	0.00790874	11.3669
1.96614e+014	0.00887792	11.6003
1.96739e+014	0.0100458	11.8031
1.96864e+014	0.011361	11.9801
1.96989e+014	0.0127832	12.1371
1.97114e+014	0.0142816	12.2785
1.97238e+014	0.0158321	12.4081
1.97363e+014	0.0174156	12.5287
1.97488e+014	0.0190158	12.6422
1.97613e+014	0.0206188	12.7503
1.97738e+014	0.022212	12.8541
1.97863e+014	0.0237842	12.9544
1.97988e+014	0.0253247	13.0519
1.98113e+014	0.0268235	13.1471
1.98238e+014	0.0282713	13.2405
1.98363e+014	0.029659	13.3323
1.98488e+014	0.0309782	13.4228
1.98613e+014	0.0322209	13.5123
1.98737e+014	0.0333796	13.6008
1.98862e+014	0.0344473	13.6886
1.98987e+014	0.0354174	13.7757
1.99112e+014	0.0362841	13.8623
1.99237e+014	0.0370418	13.9484
1.99362e+014	0.0376859	14.0341
1.99487e+014	0.0382121	14.1194
1.99612e+014	0.0386169	14.2045
1.99737e+014	0.0388976	14.2893
1.99862e+014	0.0390519	14.3739
('port 4',TE,1,'port 3',1,'transmission')
(101,3)
1.8737e+014	0.00169496	-2.51875
1.87495e+014	0.00163845	-2.32467
1.8762e+014	0.00158501	-2.12727
1.87745e+014	0.00153535	-1.92652
1.8787e+014	0.00149016	-1.72253
1.87995e+014	0.00145004	-1.51555
1.8812e+014	0.00141551	-1.30597
1.88245e+014	0.00138692	-1.09435
1.8837e+014	0.0013645	-0.881387
1.88495e+014	0.00134825	-0.667848
1.88619e+014	0.00133801	-0.454548
1.88744e+014	0.00133343	-0.24228
1.88869e+014	0.00133401	-0.0317581
1.88994e+014	0.00133913	0.176423
1.89119e+014	0.00134808	0.381815
1.89244e+014	0.00136013	0.584118
1.89369e+014	0.00137454	0.783176
1.89494e+014	0.00139059	0.978955
1.89619e+014	0.00140762	1.17152
1.89744e+014	0.00142503	1.36101
1.89869e+014	0.0014423	1.5476
1.89993e+014	0.00145898	1.73152
1.90118e+014	0.00147471	1.91298
1.90243e+014	0.00148917	2.09221
1.90368e+014	0.00150215	2.26942
1.90493e+014	0.00151346	2.44482
1.90618e+014	0.00152299	2.61857
1.90743e+014	0.00153065	2.79083
1.90868e+014	0.00153641	2.96174
1.90993e+014	0.00154024	3.13139
1.91118e+014	0.00154216	3.29988
1.91243e+014	0.00154217	3.46727
1.91368e+014	0.00154031	3.63358
1.91492e+014	0.00153661	3.79884
1.91617e+014	0.00153109	3.96306
1.91742e+014	0.00152376	4.1262
1.91867e+014	0.00151463	4.28825
1.91992e+014	0.00150372	4.44915
1.92117e+014	0.00149099	4.60886
1.92242e+014	0.00147644	4.7673
1.92367e+014	0.00146002	4.9244
1.92492e+014	0.0014417	5.08008
1.92617e+014	0.00142143	5.23426
1.92742e+014	0.00139916	5.38684
1.92866e+014	0.00137484	5.53771
1.92991e+014	0.00134844	5.68675
1.93116e+014	0.00131992	5.83385
1.93241e+014	0.00128927	5.97886
1.93366e+014	0.00125648	6.12163
1.93491e+014	0.00122159	6.26196
1.93616e+014	0.00118464	6.39964
1.93741e+014	0.00114572	6.53443
1.93866e+014	0.00110497	6.66601
1.93991e+014	0.00106254	6.79403
1.94116e+014	0.00101866	6.91806
1.94241e+014	0.000973612	7.03757
1.94365e+014	0.000927757	7.15194
1.9449e+014	0.000881529	7.26044
1.94615e+014	0.000835467	7.36219
1.9474e+014	0.000790223	7.45621
1.94865e+014	0.000746589	7.54142
1.9499e+014	0.000705508	7.61671
1.95115e+014	0.000668084	7.68115
1.9524e+014	0.00063557	7.73418
1.95365e+014	0.000609311	7.776
1.9549e+014	0.000590633	7.80797
1.95615e+014	0.000580682	7.83277
1.95739e+014	0.00058023	7.85437
1.95864e+014	0.000589524	7.87736
1.95989e+014	0.000608257	7.90608
1.96114e+014	0.000635653	7.94387
1.96239e+014	0.000670642	7.99268
1.96364e+014	0.000712048	8.0532
1.96489e+014	0.000758726	8.12515
1.96614e+014	0.000809646	8.2077
1.96739e+014	0.000863929	8.29974
1.96864e+014	0.00092085	8.40013
1.96989e+014	0.000979822	8.50775
1.97114e+014	0.00104038	8.62163
1.97238e+014	0.00110216	8.74088
1.97363e+014	0.00116487	8.86476
1.97488e+014	0.00122831	8.9926
1.97613e+014	0.0012923	9.12386
1.97738e+014	0.00135671	9.25806
1.97863e+014	0.00142145	9.39479
1.97988e+014	0.00148644	9.53367
1.98113e+014	0.0015516	9.67441
1.98238e+014	0.00161689	9.81671
1.98363e+014	0.00168224	9.96034
1.98488e+014	0.00174757	10.1051
1.98613e+014	0.00181282	10.2507
1.98737e+014	0.0018779	10.3971
1.98862e+014	0.00194269	10.5442
1.98987e+014	0.00200709	10.6916
1.99112e+014	0.00207095	10.8395
1.99237e+014	0.00213412	10.9875
1.99362e+014	0.00219643	11.1358
1.99487e+014	0.00225768	11.2842
1.99612e+014	0.00231768	11.4326
1.99737e+014	0.00237621	11.581
1.99862e+014	0.00243305	11.7294
('port 1',TE,1,'port 4',1,'transmission')
(101,3)
1.8737e+014	0.137176	2.01608
1.87495e+014	0.136606	2.09918
1.8762e+014	0.13604	2.18227
1.87745e+014	0.135478	2.26536
1.8787e+014	0.134919	2.34845
1.87995e+014	0.134363	2.43154
1.8812e+014	0.13381	2.51462
1.88245e+014	0.13326	2.59771
1.8837e+014	0.132713	2.6808
1.88495e+014	0.132169	2.7639
1.88619e+014	0.131627	2.84699
1.88744e+014	0.131087	2.93009
1.88869e+014	0.130549	3.01318
1.88994e+014	0.130013	3.09628
1.89119e+014	0.129479	3.17937
1.89244e+014	0.128946	3.26246
1.89369e+014	0.128416	3.34554
1.89494e+014	0.127887	3.42862
1.89619e+014	0.12736	3.5117
1.89744e+014	0.126835	3.59476
1.89869e+014	0.126312	3.67782
1.89993e+014	0.125791	3.76087
1.90118e+014	0.125272	3.84391
1.90243e+014	0.124756	3.92693
1.90368e+014	0.124242	4.00995
1.90493e+014	0.123731	4.09297
1.90618e+014	0.123222	4.17597
1.90743e+014	0.122716	4.25896
1.90868e+014	0.122213	4.34195
1.90993e+014	0.121712	4.42493
1.91118e+014	0.121215	4.5079
1.91243e+014	0.12072	4.59087
1.91368e+014	0.120227	4.67383
1.91492e+014	0.119738	4.75679
1.91617e+014	0.119251	4.83975
1.91742e+014	0.118767	4.9227
1.91867e+014	0.118285	5.00565
1.91992e+014	0.117805	5.0886
1.92117e+014	0.117328	5.17154
1.92242e+014	0.116854	5.25448
1.92367e+014	0.116381	5.33742
1.92492e+014	0.115911	5.42036
1.92617e+014	0.115443	5.50329
1.92742e+014	0.114977	5.58622
1.92866e+014	0.114513	5.66914
1.92991e+014	0.114051	5.75207
1.93116e+014	0.113591	5.83498
1.93241e+014	0.113134	5.9179
1.93366e+014	0.112678	6.00081
1.93491e+014	0.112225	6.08372
1.93616e+014	0.111773	6.16662
1.93741e+014	0.111323	6.24952
1.93866e+014	0.110876	6.33241
1.93991e+014	0.11043	6.4153
1.94116e+014	0.109987	6.49819
1.94241e+014	0.109545	6.58106
1.94365e+014	0.109105	6.66394
1.9449e+014	0.108667	6.74681
1.94615e+014	0.108231	6.82967
1.9474e+014	0.107797	6.91252
1.94865e+014	0.107365	6.99537
1.9499e+014	0.106935	7.07821
1.95115e+014	0.106507	7.16104
1.9524e+014	0.106081	7.24386
1.95365e+014	0.105658	7.32668
1.9549e+014	0.105237	7.40949
1.95615e+014	0.104818	7.49229
1.95739e+014	0.104402	7.57508
1.95864e+014	0.103988	7.65787
1.95989e+014	0.103576	7.74066
1.96114e+014	0.103168	7.82344
1.96239e+014	0.102761	7.90622
1.96364e+014	0.102357	7.989
1.96489e+014	0.101955	8.07178
1.96614e+014	0.101555	8.15456
1.96739e+014	0.101158	8.23734
1.96864e+014	0.100762	8.32013
1.96989e+014	0.100367	8.40291
1.97114e+014	0.0999745	8.4857
1.97238e+014	0.0995829	8.56849
1.97363e+014	0.0991925	8.65128
1.97488e+014	0.0988029	8.73407
1.97613e+014	0.0984142	8.81686
1.97738e+014	0.0980262	8.89964
1.97863e+014	0.0976388	8.98241
1.97988e+014	0.097252	9.06517
1.98113e+014	0.0968659	9.14792
1.98238e+014	0.0964806	9.23066
1.98363e+014	0.0960961	9.31338
1.98488e+014	0.0957127	9.39607
1.98613e+014	0.0953306	9.47875
1.98737e+014	0.0949499	9.56141
1.98862e+014	0.0945711	9.64404
1.98987e+014	0.0941942	9.72664
1.99112e+014	0.0938196	9.80923
1.99237e+014	0.0934475	9.89179
1.99362e+014	0.0930781	9.97433
1.99487e+014	0.0927117	10.0569
1.99612e+014	0.0923484	10.1394
1.99737e+014	0.0919882	10.2219
1.99862e+014	0.0916312	10.3043
('port 2',TE,1,'port 4',1,'transmission')
(101,3)
1.8737e+014	0.97251	-2.23225
1.87495e+014	0.972603	-2.13047
1.8762e+014	0.972698	-2.0287
1.87745e+014	0.972794	-1.92694
1.8787e+014	0.972892	-1.82518
1.87995e+014	0.972992	-1.72343
1.8812e+014	0.973093	-1.62168
1.88245e+014	0.973194	-1.51994
1.8837e+014	0.973296	-1.41819
1.88495e+014	0.973397	-1.31646
1.88619e+014	0.973496	-1.21472
1.88744e+014	0.973595	-1.11299
1.88869e+014	0.973691	-1.01126
1.88994e+014	0.973785	-0.909542
1.89119e+014	0.973876	-0.807825
1.89244e+014	0.973965	-0.706113
1.89369e+014	0.974051	-0.604408
1.89494e+014	0.974135	-0.502709
1.89619e+014	0.974217	-0.401017
1.89744e+014	0.974297	-0.299333
1.89869e+014	0.974376	-0.197655
1.89993e+014	0.974455	-0.0959858
1.90118e+014	0.974532	0.00567662
1.90243e+014	0.97461	0.107332
1.90368e+014	0.974689	0.20898
1.90493e+014	0.974768	0.310622
1.90618e+014	0.974848	0.412259
1.90743e+014	0.974928	0.513889
1.90868e+014	0.975009	0.615515
1.90993e+014	0.975091	0.717135
1.91118e+014	0.975172	0.818752
1.91243e+014	0.975253	0.920364
1.91368e+014	0.975332	1.02197
1.91492e+014	0.97541	1.12358
1.91617e+014	0.975487	1.22517
1.91742e+014	0.975561	1.32677
1.91867e+014	0.975632	1.42836
1.91992e+014	0.975701	1.52994
1.92117e+014	0.975766	1.63152
1.92242e+014	0.975829	1.73309
1.92367e+014	0.975889	1.83465
1.92492e+014	0.975947	1.93621
1.92617e+014	0.976003	2.03775
1.92742e+014	0.976057	2.13929
1.92866e+014	0.976111	2.24082
1.92991e+014	0.976164	2.34234
1.93116e+014	0.976217	2.44385
1.93241e+014	0.976271	2.54536
1.93366e+014	0.976325	2.64686
1.93491e+014	0.97638	2.74835
1.93616e+014	0.976437	2.84983
1.93741e+014	0.976495	2.95131
1.93866e+014	0.976553	3.05278
1.93991e+014	0.976613	3.15424
1.94116e+014	0.976673	3.2557
1.94241e+014	0.976733	3.35716
1.94365e+014	0.976792	3.45861
1.9449e+014	0.976851	3.56005
1.94615e+014	0.976909	3.66149
1.9474e+014	0.976966	3.76293
1.94865e+014	0.977021	3.86435
1.9499e+014	0.977074	3.96577
1.95115e+014	0.977127	4.06719
1.9524e+014	0.977178	4.16859
1.95365e+014	0.977228	4.26999
1.9549e+014	0.977278	4.37139
1.95615e+014	0.977328	4.47277
1.95739e+014	0.977378	4.57415
1.95864e+014	0.97743	4.67552
1.95989e+014	0.977483	4.77688
1.96114e+014	0.977539	4.87823
1.96239e+014	0.977596	4.97958
1.96364e+014	0.977656	5.08093
1.96489e+014	0.977718	5.18227
1.96614e+014	0.977781	5.2836
1.96739e+014	0.977846	5.38494
1.96864e+014	0.977912	5.48627
1.96989e+014	0.977977	5.5876
1.97114e+014	0.978041	5.68893
1.97238e+014	0.978102	5.79026
1.97363e+014	0.97816	5.89158
1.97488e+014	0.978214	5.99291
1.97613e+014	0.978262	6.09423
1.97738e+014	0.978304	6.19555
1.97863e+014	0.97834	6.29686
1.97988e+014	0.978368	6.39816
1.98113e+014	0.97839	6.49946
1.98238e+014	0.978405	6.60075
1.98363e+014	0.978414	6.70203
1.98488e+014	0.978419	6.8033
1.98613e+014	0.978419	6.90455
1.98737e+014	0.978417	7.00579
1.98862e+014	0.978414	7.10702
1.98987e+014	0.978412	7.20824
1.99112e+014	0.978411	7.30944
1.99237e+014	0.978414	7.41063
1.99362e+014	0.978421	7.51182
1.99487e+014	0.978434	7.61299
1.99612e+014	0.978453	7.71415
1.99737e+014	0.978478	7.81531
1.99862e+014	0.978509	7.91646
('port 3',TE,1,'port 4',1,'transmission')
(101,3)
1.8737e+014	0.0014707	-2.02815
1.87495e+014	0.00143641	-1.81917
1.8762e+014	0.00140573	-1.61172
1.87745e+014	0.001378	-1.40605
1.8787e+014	0.0013526	-1.20232
1.87995e+014	0.001329	-1.00062
1.8812e+014	0.00130674	-0.800967
1.88245e+014	0.00128544	-0.603316
1.8837e+014	0.00126484	-0.40759
1.88495e+014	0.00124475	-0.213687
1.88619e+014	0.00122508	-0.0215002
1.88744e+014	0.00120579	0.169072
1.88869e+014	0.00118692	0.358115
1.88994e+014	0.00116855	0.545688
1.89119e+014	0.00115079	0.731817
1.89244e+014	0.00113378	0.916492
1.89369e+014	0.00111766	1.09967
1.89494e+014	0.00110257	1.28125
1.89619e+014	0.00108864	1.46113
1.89744e+014	0.00107597	1.63916
1.89869e+014	0.00106465	1.81515
1.89993e+014	0.00105473	1.98895
1.90118e+014	0.00104623	2.16036
1.90243e+014	0.00103915	2.3292
1.90368e+014	0.00103346	2.49534
1.90493e+014	0.00102911	2.65863
1.90618e+014	0.00102602	2.81899
1.90743e+014	0.00102411	2.97636
1.90868e+014	0.00102331	3.13075
1.90993e+014	0.0010235	3.28216
1.91118e+014	0.00102459	3.43069
1.91243e+014	0.00102648	3.57644
1.91368e+014	0.00102907	3.71957
1.91492e+014	0.00103225	3.86023
1.91617e+014	0.00103592	3.99865
1.91742e+014	0.00103997	4.13503
1.91867e+014	0.00104428	4.26961
1.91992e+014	0.00104873	4.40262
1.92117e+014	0.00105319	4.53429
1.92242e+014	0.00105753	4.66487
1.92367e+014	0.0010616	4.79455
1.92492e+014	0.00106526	4.92356
1.92617e+014	0.00106836	5.05208
1.92742e+014	0.00107075	5.18026
1.92866e+014	0.00107227	5.30826
1.92991e+014	0.00107279	5.43619
1.93116e+014	0.00107215	5.56415
1.93241e+014	0.00107024	5.69219
1.93366e+014	0.00106694	5.82036
1.93491e+014	0.00106215	5.94867
1.93616e+014	0.00105579	6.0771
1.93741e+014	0.00104781	6.2056
1.93866e+014	0.00103818	6.33409
1.93991e+014	0.00102686	6.46247
1.94116e+014	0.00101389	6.5906
1.94241e+014	0.000999303	6.71828
1.94365e+014	0.000983156	6.84532
1.9449e+014	0.000965549	6.97144
1.94615e+014	0.000946603	7.09635
1.9474e+014	0.000926477	7.2197
1.94865e+014	0.00090536	7.34109
1.9499e+014	0.000883485	7.46005
1.95115e+014	0.000861128	7.5761
1.9524e+014	0.000838621	7.68869
1.95365e+014	0.000816354	7.79723
1.9549e+014	0.000794793	7.90113
1.95615e+014	0.00077448	7.99984
1.95739e+014	0.000756046	8.09286
1.95864e+014	0.00074021	8.17988
1.95989e+014	0.000727768	8.26082
1.96114e+014	0.000719573	8.33594
1.96239e+014	0.000716493	8.40594
1.96364e+014	0.000719354	8.472
1.96489e+014	0.000728873	8.53569
1.96614e+014	0.000745595	8.59885
1.96739e+014	0.000769848	8.66339
1.96864e+014	0.000801722	8.73107
1.96989e+014	0.000841083	8.80327
1.97114e+014	0.000887611	8.88098
1.97238e+014	0.000940845	8.96472
1.97363e+014	0.00100023	9.05464
1.97488e+014	0.00106517	9.1506
1.97613e+014	0.00113503	9.25228
1.97738e+014	0.00120917	9.35925
1.97863e+014	0.00128696	9.47102
1.97988e+014	0.00136777	9.58711
1.98113e+014	0.00145101	9.70706
1.98238e+014	0.00153608	9.83046
1.98363e+014	0.00162239	9.95692
1.98488e+014	0.00170937	10.0861
1.98613e+014	0.00179649	10.2178
1.98737e+014	0.0018832	10.3516
1.98862e+014	0.00196898	10.4874
1.98987e+014	0.00205335	10.6251
1.99112e+014	0.00213584	10.7644
1.99237e+014	0.00221599	10.9053
1.99362e+014	0.00229341	11.0477
1.99487e+014	0.00236772	11.1915
1.99612e+014	0.00243857	11.3365
1.99737e+014	0.00250567	11.4829
1.99862e+014	0.00256876	11.6305
('port 4',TE,1,'port 4',1,'transmission')
(101,3)
1.8737e+014	0.00109618	-2.83244
1.87495e+014	0.00105491	-2.71411
1.8762e+014	0.00100119	-2.59514
1.87745e+014	0.000936298	-2.47539
1.8787e+014	0.000861631	-2.35462
1.87995e+014	0.000778673	-2.23247
1.8812e+014	0.000688974	-2.10836
1.88245e+014	0.000594125	-1.98134
1.8837e+014	0.000495744	-1.84966
1.88495e+014	0.000395472	-1.70989
1.88619e+014	0.000295016	-1.55412
1.88744e+014	0.000196364	-1.35938
1.88869e+014	0.000103307	-1.02376
1.88994e+014	4.4828e-005	0.247581
1.89119e+014	0.000101572	1.44778
1.89244e+014	0.000180729	1.77248
1.89369e+014	0.000256263	1.96628
1.89494e+014	0.0003252	2.12362
1.89619e+014	0.000386455	2.26647
1.89744e+014	0.000439436	2.40265
1.89869e+014	0.000483812	2.53577
1.89993e+014	0.000519461	2.66789
1.90118e+014	0.00054644	2.80043
1.90243e+014	0.000564988	2.93456
1.90368e+014	0.000575516	3.0714
1.90493e+014	0.000578614	3.21214
1.90618e+014	0.000575057	3.35811
1.90743e+014	0.000565824	3.51088
1.90868e+014	0.000552125	3.67224
1.90993e+014	0.000535435	3.84419
1.91118e+014	0.000517541	4.02881
1.91243e+014	0.000500562	4.22786
1.91368e+014	0.000486939	4.44213
1.91492e+014	0.000479298	4.67054
1.91617e+014	0.000480169	4.90938
1.91742e+014	0.000491568	5.1523
1.91867e+014	0.000514617	5.39168
1.91992e+014	0.000549396	5.62074
1.92117e+014	0.000595123	5.83512
1.92242e+014	0.000650494	6.03324
1.92367e+014	0.000714017	6.21562
1.92492e+014	0.000784225	6.38394
1.92617e+014	0.000859762	6.54036
1.92742e+014	0.000939405	6.68698
1.92866e+014	0.00102204	6.82575
1.92991e+014	0.00110661	6.95831
1.93116e+014	0.00119212	7.08605
1.93241e+014	0.00127758	7.2101
1.93366e+014	0.00136199	7.3314
1.93491e+014	0.00144437	7.45072
1.93616e+014	0.00152368	7.56866
1.93741e+014	0.00159889	7.68576
1.93866e+014	0.00166896	7.80243
1.93991e+014	0.00173286	7.91902
1.94116e+014	0.00178956	8.03584
1.94241e+014	0.00183807	8.15314
1.94365e+014	0.00187747	8.27115
1.9449e+014	0.00190688	8.39007
1.94615e+014	0.00192552	8.51011
1.9474e+014	0.00193271	8.63145
1.94865e+014	0.00192791	8.7543
1.9499e+014	0.0019107	8.87889
1.95115e+014	0.00188082	9.00546
1.9524e+014	0.00183818	9.13433
1.95365e+014	0.00178287	9.26586
1.9549e+014	0.0017152	9.40053
1.95615e+014	0.00163565	9.53896
1.95739e+014	0.00154496	9.68195
1.95864e+014	0.00144411	9.83063
1.95989e+014	0.00133437	9.98654
1.96114e+014	0.00121735	10.1519
1.96239e+014	0.00109512	10.3298
1.96364e+014	0.000970382	10.5251
1.96489e+014	0.000846837	10.745
1.96614e+014	0.000729751	10.9997
1.96739e+014	0.000626893	11.3032
1.96864e+014	0.000549344	11.6674
1.96989e+014	0.000510028	12.0867
1.97114e+014	0.000516913	12.5212
1.97238e+014	0.000565773	12.9195
1.97363e+014	0.000643454	13.2584
1.97488e+014	0.000736569	13.5435
1.97613e+014	0.000835333	13.7889
1.97738e+014	0.000933266	14.0071
1.97863e+014	0.00102607	14.2069
1.97988e+014	0.0011108	14.3943
1.98113e+014	0.00118537	14.5734
1.98238e+014	0.00124832	14.747
1.98363e+014	0.00129864	14.9174
1.98488e+014	0.00133569	15.086
1.98613e+014	0.00135918	15.2542
1.98737e+014	0.00136915	15.4232
1.98862e+014	0.00136592	15.5939
1.98987e+014	0.00135013	15.7675
1.99112e+014	0.00132273	15.9451
1.99237e+014	0.00128496	16.1279
1.99362e+014	0.0012384	16.3171
1.99487e+014	0.00118497	16.5144
1.99612e+014	0.00112694	16.7214
1.99737e+014	0.00106693	16.9399
1.99862e+014	0.00100794	17.1714
