187370286250000.0	0.02384327233628902	1.880981351735632	0.9961385381976886	-1.290846921742931	0.9961385381976886	-1.290846921742931	0.02384327233628902	1.880981351735632
187496461526936.0	0.02386854079281783	1.876569353499279	0.9961315675339014	-1.187421056342578	0.9961315675339014	-1.187421056342578	0.02386854079281783	1.876569353499279
187622636803872.1	0.02389154237991811	1.872293634108399	0.9961259640603511	-1.083996781488564	0.9961259640603511	-1.083996781488564	0.02389154237991811	1.872293634108399
187748812080808.1	0.02391200169918205	1.868133335986428	0.9961216621810587	-0.9805740365713328	0.9961216621810587	-0.9805740365713328	0.02391200169918205	1.868133335986428
187874987357744.1	0.02392973031424494	1.864066595849633	0.9961185939934887	-0.8771527668372285	0.9961185939934887	-0.8771527668372285	0.02392973031424494	1.864066595849633
188001162634680.1	0.02394462891452634	1.860071154143566	0.9961166897629509	-0.7737329232777862	0.9961166897629509	-0.7737329232777862	0.02394462891452634	1.860071154143566
188127337911616.2	0.02395668705860338	1.856124959754838	0.9961158783550992	-0.6703144624900866	0.9961158783550992	-0.6703144624900866	0.02395668705860338	1.856124959754838
188253513188552.2	0.02396598054948580	1.852206756926173	0.9961160876259921	-0.5668973465140268	0.9961160876259921	-0.5668973465140268	0.02396598054948580	1.852206756926173
188379688465488.2	0.02397266654256153	1.848296642011476	0.9961172447702530	-0.4634815426546753	0.9961172447702530	-0.4634815426546753	0.02397266654256153	1.848296642011476
188505863742424.3	0.02397697653289644	1.844376578346461	0.9961192766286673	-0.3600670232951533	0.9961192766286673	-0.3600670232951533	0.02397697653289644	1.844376578346461
188632039019360.3	0.02397920741209158	1.840430858122089	0.9961221099576545	-0.2566537657064696	0.9961221099576545	-0.2566537657064696	0.02397920741209158	1.840430858122089
188758214296296.3	0.02397971082613144	1.836446500792501	0.9961256716633974	-0.1532417518594587	0.9961256716633974	-0.1532417518594587	0.02397971082613144	1.836446500792501
188884389573232.3	0.02397888110408231	1.832413578328497	0.9961298890044120	-0.04983096824302770	0.9961298890044120	-0.04983096824302770	0.02397888110408231	1.832413578328497
189010564850168.3	0.02397714206313124	1.828325458604234	0.9961346897667541	0.05357859430673966	0.9961346897667541	0.05357859430673966	0.02397714206313124	1.828325458604234
189136740127104.4	0.02397493302630853	1.824178959506482	0.9961400024161153	0.1569869407647263	0.9961400024161153	0.1569869407647263	0.02397493302630853	1.824178959506482
189262915404040.4	0.02397269441506081	1.819974408017510	0.9961457562318344	0.2603940720591387	0.9961457562318344	0.2603940720591387	0.02397269441506081	1.819974408017510
189389090680976.4	0.02397085329725342	1.815715600602037	0.9961518814274254	0.3637999851977679	0.9961518814274254	0.3637999851977679	0.02397085329725342	1.815715600602037
189515265957912.5	0.02396980928105653	1.811409663717297	0.9961583092625398	0.4672046733770667	0.9961583092625398	0.4672046733770667	0.02396980928105653	1.811409663717297
189641441234848.5	0.02396992114462268	1.807066816114378	0.9961649721508966	0.5706081260750183	0.9961649721508966	0.5706081260750183	0.02396992114462268	1.807066816114378
189767616511784.5	0.02397149457948969	1.802700037703221	0.9961718037685406	0.6740103291291009	0.9961718037685406	0.6740103291291009	0.02397149457948969	1.802700037703221
189893791788720.5	0.02397477140117972	1.798324652971774	0.9961787391663550	0.7774112648007545	0.9961787391663550	0.7774112648007545	0.02397477140117972	1.798324652971774
190019967065656.6	0.02397992054359546	1.793957840096115	0.9961857148902138	0.8808109118297628	0.9961857148902138	0.8808109118297628	0.02397992054359546	1.793957840096115
190146142342592.6	0.02398703110493241	1.789618079747611	0.9961926691116694	0.9842092454810656	0.9961926691116694	0.9842092454810656	0.02398703110493241	1.789618079747611
190272317619528.6	0.02399610765356624	1.785324560000503	0.9961995417712894	1.087606237587817	0.9961995417712894	1.087606237587817	0.02399610765356624	1.785324560000503
190398492896464.7	0.02400706793481460	1.781096555484126	0.9962062747362512	1.191001856594489	0.9962062747362512	1.191001856594489	0.02400706793481460	1.781096555484126
190524668173400.7	0.02401974304638869	1.776952799875253	0.9962128119727907	1.294396067603923	0.9962128119727907	1.294396067603923	0.02401974304638869	1.776952799875253
190650843450336.7	0.02403388007538266	1.772910870913259	0.9962190997336884	1.397788832433059	0.9962190997336884	1.397788832433059	0.02403388007538266	1.772910870913259
190777018727272.7	0.02404914711569640	1.768986606339489	0.9962250867599481	1.501180109680352	0.9962250867599481	1.501180109680352	0.02404914711569640	1.768986606339489
190903194004208.8	0.02406514051578186	1.765193567575285	0.9962307244952272	1.604569854809868	0.9962307244952272	1.604569854809868	0.02406514051578186	1.765193567575285
191029369281144.8	0.02408139414514986	1.761542565694811	0.9962359673109285	1.707958020255050	0.9962359673109285	1.707958020255050	0.02408139414514986	1.761542565694811
191155544558080.8	0.02409739041650456	1.758041261492877	0.9962407727391288	1.811344555545648	0.9962407727391288	1.811344555545648	0.02409739041650456	1.758041261492877
191281719835016.8	0.02411257276065336	1.754693848402166	0.9962451017100320	1.914729407460523	0.9962451017100320	1.914729407460523	0.02411257276065336	1.754693848402166
191407895111952.8	0.02412635922355343	1.751500823898216	0.9962489187901206	2.018112520208617	0.9962489187901206	2.018112520208617	0.02412635922355343	1.751500823898216
191534070388888.9	0.02413815683960268	1.748458852032385	0.9962521924167911	2.121493835639650	0.9962521924167911	2.121493835639650	0.02413815683960268	1.748458852032385
191660245665824.9	0.02414737643113240	1.745560717032166	0.9962548951249657	2.224873293485491	0.9962548951249657	2.224873293485491	0.02414737643113240	1.745560717032166
191786420942760.9	0.02415344749002104	1.742795365622664	0.9962570037609658	2.328250831632427	0.9962570037609658	2.328250831632427	0.02415344749002104	1.742795365622664
191912596219697.0	0.02415583281135681	1.740148033925922	0.9962584996789667	2.431626386423712	0.9962584996789667	2.431626386423712	0.02415583281135681	1.740148033925922
192038771496633.0	0.02415404256927418	1.737600453510768	0.9962593689151414	2.534999892991363	0.9962593689151414	2.534999892991363	0.02415404256927418	1.737600453510768
192164946773569.0	0.02414764754947132	1.735131130372529	0.9962596023350205	2.638371285614812	0.9962596023350205	2.638371285614812	0.02414764754947132	1.735131130372529
192291122050505.0	0.02413629127952949	1.732715690251801	0.9962591957497413	2.741740498103986	0.9962591957497413	2.741740498103986	0.02413629127952949	1.732715690251801
192417297327441.1	0.02411970082563203	1.730327283668901	0.9962581499971429	2.845107464203485	0.9962581499971429	2.845107464203485	0.02411970082563203	1.730327283668901
192543472604377.1	0.02409769605127445	1.727937044239936	0.9962564709842444	2.948472118013202	0.9962564709842444	2.948472118013202	0.02409769605127445	1.727937044239936
192669647881313.1	0.02407019715936130	1.725514594135239	0.9962541696881017	3.051834394421951	0.9962541696881017	3.051834394421951	0.02407019715936130	1.725514594135239
192795823158249.2	0.02403723036340725	1.723028590815075	0.9962512621127303	3.155194229547964	0.9962512621127303	3.155194229547964	0.02403723036340725	1.723028590815075
192921998435185.2	0.02399893155641839	1.720447309324746	0.9962477692004089	3.258551561181487	0.9962477692004089	3.258551561181487	0.02399893155641839	1.720447309324746
193048173712121.2	0.02395554786789250	1.717739254340103	0.9962437166964036	3.361906329223699	0.9962437166964036	3.361906329223699	0.02395554786789250	1.717739254340103
193174348989057.3	0.02390743702118486	1.714873795753150	0.9962391349670446	3.465258476115968	0.9962391349670446	3.465258476115968	0.02390743702118486	1.714873795753150
193300524265993.3	0.02385506442613038	1.711821820811476	0.9962340587716999	3.568607947253659	0.9962340587716999	3.568607947253659	0.02385506442613038	1.711821820811476
193426699542929.3	0.02379899796670598	1.708556394654345	0.9962285269901631	3.671954691378790	0.9962285269901631	3.671954691378790	0.02379899796670598	1.708556394654345
193552874819865.3	0.02373990047203548	1.705053419531399	0.9962225823076327	3.775298660945293	0.9962225823076327	3.775298660945293	0.02373990047203548	1.705053419531399
193679050096801.3	0.02367851989234654	1.701292281100151	0.9962162708603326	3.878639812452333	0.9962162708603326	3.878639812452333	0.02367851989234654	1.701292281100151
193805225373737.4	0.02361567724082821	1.697256468090124	0.9962096418454621	3.981978106739727	0.9962096418454621	3.981978106739727	0.02361567724082821	1.697256468090124
193931400650673.4	0.02355225240864147	1.692934149438788	0.9962027470999002	4.085313509241800	0.9962027470999002	4.085313509241800	0.02355225240864147	1.692934149438788
194057575927609.4	0.02348916801336161	1.688318690967850	0.9961956406526481	4.188645990194893	0.9961956406526481	4.188645990194893	0.02348916801336161	1.688318690967850
194183751204545.4	0.02342737150100543	1.683409092029537	0.9961883782565449	4.291975524795674	0.9961883782565449	4.291975524795674	0.02342737150100543	1.683409092029537
194309926481481.5	0.02336781578661198	1.678210321596898	0.9961810169052504	4.395302093307674	0.9961810169052504	4.395302093307674	0.02336781578661198	1.678210321596898
194436101758417.5	0.02331143878597621	1.672733533298526	0.9961736143417632	4.498625681113648	0.9961736143417632	4.498625681113648	0.02331143878597621	1.672733533298526
194562277035353.5	0.02325914225816541	1.666996140174096	0.9961662285650107	4.601946278713526	0.9961662285650107	4.601946278713526	0.02325914225816541	1.666996140174096
194688452312289.6	0.02321177044033035	1.661021732660231	0.9961589173412465	4.705263881667205	0.9961589173412465	4.705263881667205	0.02321177044033035	1.661021732660231
194814627589225.6	0.02317008900818693	1.654839827607990	0.9961517377268239	4.808578490483100	0.9961517377268239	4.808578490483100	0.02317008900818693	1.654839827607990
194940802866161.6	0.02313476493209387	1.648485441933173	0.9961447456090021	4.911890110453872	0.9961447456090021	4.911890110453872	0.02313476493209387	1.648485441933173
195066978143097.6	0.02310634781438892	1.641998491596042	0.9961379952710916	5.015198751442086	0.9961379952710916	5.015198751442086	0.02310634781438892	1.641998491596042
195193153420033.7	0.02308525328534021	1.635423024595472	0.9961315389880044	5.118504427618624	0.9961315389880044	5.118504427618624	0.02308525328534021	1.635423024595472
195319328696969.7	0.02307174899853472	1.628806304988125	0.9961254266577635	5.221807157157818	0.9961254266577635	5.221807157157818	0.02307174899853472	1.628806304988125
195445503973905.7	0.02306594370290252	1.622197772930187	0.9961197054740791	5.325106961894477	0.9961197054740791	5.325106961894477	0.02306594370290252	1.622197772930187
195571679250841.8	0.02306777977833938	1.615647912686885	0.9961144196443972	5.428403866947649	0.9961144196443972	5.428403866947649	0.02306777977833938	1.615647912686885
195697854527777.8	0.02307702950991365	1.609207065784091	0.9961096101572151	5.531697900317261	0.9961096101572151	5.531697900317261	0.02307702950991365	1.609207065784091
195824029804713.8	0.02309329524833489	1.602924229479729	0.9961053146016002	5.634989092459894	0.9961053146016002	5.634989092459894	0.02309329524833489	1.602924229479729
195950205081649.8	0.02311601346969067	1.596845881194139	0.9961015670410589	5.738277475850429	0.9961015670410589	5.738277475850429	0.02311601346969067	1.596845881194139
196076380358585.8	0.02314446261424702	1.591014867400739	0.9960983979430940	5.841563084536577	0.9960983979430940	5.841563084536577	0.02314446261424702	1.591014867400739
196202555635521.9	0.02317777446102212	1.585469390981664	0.9960958341647599	5.944845953693244	0.9960958341647599	5.944845953693244	0.02317777446102212	1.585469390981664
196328730912457.9	0.02321494868930019	1.580242124632119	0.9960938989937621	6.048126119184039	0.9960938989937621	6.048126119184039	0.02321494868930019	1.580242124632119
196454906189393.9	0.02325487019595452	1.575359470191416	0.9960926122436387	6.151403617136773	0.9960926122436387	6.151403617136773	0.02325487019595452	1.575359470191416
196581081466330.0	0.02329632868174134	1.570840975502252	0.9960919904006517	6.254678483539854	0.9960919904006517	6.254678483539854	0.02329632868174134	1.570840975502252
196707256743266.0	0.02333803999128220	1.566698912242006	0.9960920468193822	6.357950753865952	0.9960920468193822	6.357950753865952	0.02333803999128220	1.566698912242006
196833432020202.0	0.02337866868922845	1.562938010777667	0.9960927919627842	6.461220462729106	0.9960927919627842	6.461220462729106	0.02337866868922845	1.562938010777667
196959607297138.0	0.02341685137530871	1.559555341916058	0.9960942336821579	6.564487643580591	0.9960942336821579	6.564487643580591	0.02341685137530871	1.559555341916058
197085782574074.1	0.02345122027951763	1.556540330781297	0.9960963775315285	6.667752328448502	0.9960963775315285	6.667752328448502	0.02345122027951763	1.556540330781297
197211957851010.1	0.02348042673010703	1.553874885066105	0.9960992271104122	6.771014547725153	0.9960992271104122	6.771014547725153	0.02348042673010703	1.553874885066105
197338133127946.1	0.02350316414595759	1.551533618548415	0.9961027844284789	6.874274330005570	0.9961027844284789	6.874274330005570	0.02350316414595759	1.551533618548415
197464308404882.2	0.02351819026662554	1.549484150900348	0.9961070502851648	6.977531701979643	0.9961070502851648	6.977531701979643	0.02351819026662554	1.549484150900348
197590483681818.2	0.02352434839340403	1.547687466207495	0.9961120246570424	7.080786688379383	0.9961120246570424	7.080786688379383	0.02352434839340403	1.547687466207495
197716658958754.2	0.02352058746972804	1.546098315010653	0.9961177070856102	7.184039311981975	0.9961177070856102	7.184039311981975	0.02352058746972804	1.546098315010653
197842834235690.2	0.02350598087690979	1.544665647815231	0.9961240970580256	7.287289593668439	0.9961240970580256	7.287289593668439	0.02350598087690979	1.544665647815231
197969009512626.3	0.02347974385952291	1.543333071635162	0.9961311943735191	7.390537552536141	0.9961311943735191	7.390537552536141	0.02347974385952291	1.543333071635162
198095184789562.3	0.02344124952292342	1.542039325053632	0.9961389994882663	7.493783206063612	0.9961389994882663	7.493783206063612	0.02344124952292342	1.542039325053632
198221360066498.3	0.02339004336293458	1.540718771322053	0.9961475138319702	7.597026570323815	0.9961475138319702	7.597026570323815	0.02339004336293458	1.540718771322053
198347535343434.3	0.02332585629440801	1.539301913053834	0.9961567400896442	7.700267660242654	0.9961567400896442	7.700267660242654	0.02332585629440801	1.539301913053834
198473710620370.4	0.02324861614130189	1.537715936004215	0.9961666824429654	7.803506489897065	0.9961666824429654	7.803506489897065	0.02324861614130189	1.537715936004215
198599885897306.4	0.02315845753640467	1.535885293169511	0.9961773467656564	7.906743072847611	0.9961773467656564	7.906743072847611	0.02315845753640467	1.535885293169511
198726061174242.4	0.02305573015398536	1.533732343888246	0.9961887407686959	8.009977422499583	0.9961887407686959	8.009977422499583	0.02305573015398536	1.533732343888246
198852236451178.4	0.02294100516400545	1.531178065662922	0.9962008740915831	8.113209552485143	0.9962008740915831	8.113209552485143	0.02294100516400545	1.531178065662922
198978411728114.5	0.02281507975250640	1.528142858845916	0.9962137583368395	8.216439477060046	0.9962137583368395	8.216439477060046	0.02281507975250640	1.528142858845916
199104587005050.5	0.02267897950049257	1.524547465899350	0.9962274070459402	8.319667211506994	0.9962274070459402	8.319667211506994	0.02267897950049257	1.524547465899350
199230762281986.5	0.02253395835443883	1.520314027280116	0.9962418356157587	8.422892772538010	0.9962418356157587	8.422892772538010	0.02253395835443883	1.520314027280116
199356937558922.6	0.02238149585813904	1.515367294641958	0.9962570611556451	8.526116178687818	0.9962570611556451	8.526116178687818	0.02238149585813904	1.515367294641958
199483112835858.6	0.02222329125199566	1.509636018421292	0.9962731022862432	8.629337450690894	0.9962731022862432	8.629337450690894	0.02222329125199566	1.509636018421292
199609288112794.6	0.02206125398744713	1.503054520301909	0.9962899788821470	8.732556611834108	0.9962899788821470	8.732556611834108	0.02206125398744713	1.503054520301909
199735463389730.6	0.02189749015968515	1.495564450871128	0.9963077117614413	8.835773688277676	0.9963077117614413	8.835773688277676	0.02189749015968515	1.495564450871128
199861638666666.7	0.02173428434106687	1.487116718380388	0.9963263223261082	8.938988709337874	0.9963263223261082	8.938988709337874	0.02173428434106687	1.487116718380388
