187370286250000.0	0.02207575781737169	1.630388851028824	0.8088640841098506	0.9451613074260272	0.8088640841098506	0.9451613074260272	0.02207575781737169	1.630388851028824
187496461526936.0	0.02229886618781081	1.634674371758051	0.8087538098176814	0.9859168426352254	0.8087538098176814	0.9859168426352254	0.02229886618781081	1.634674371758051
187622636803872.1	0.02251280069191528	1.639171327265229	0.8086453584558031	1.026670836291423	0.8086453584558031	1.026670836291423	0.02251280069191528	1.639171327265229
187748812080808.1	0.02271753201273852	1.643858172613328	0.8085386555034080	1.067423367966902	0.8085386555034080	1.067423367966902	0.02271753201273852	1.643858172613328
187874987357744.1	0.02291305279774572	1.648715099890691	0.8084336220285846	1.108174510782421	0.8084336220285846	1.108174510782421	0.02291305279774572	1.648715099890691
188001162634680.1	0.02309937535309973	1.653723926997963	0.8083301751908449	1.148924331224325	0.8083301751908449	1.148924331224325	0.02309937535309973	1.653723926997963
188127337911616.2	0.02327652943118232	1.658867992520349	0.8082282287375360	1.189672889007974	0.8082282287375360	1.189672889007974	0.02327652943118232	1.658867992520349
188253513188552.2	0.02344456011122456	1.664132056330841	0.8081276934919019	1.230420236985328	0.8081276934919019	1.230420236985328	0.02344456011122456	1.664132056330841
188379688465488.2	0.02360352577346406	1.669502205547227	0.8080284778307250	1.271166421094432	0.8080284778307250	1.271166421094432	0.02360352577346406	1.669502205547227
188505863742424.3	0.02375349616729335	1.674965765453884	0.8079304881497934	1.311911480348353	0.8079304881497934	1.311911480348353	0.02375349616729335	1.674965765453884
188632039019360.3	0.02389455057450510	1.680511215004246	0.8078336293155009	1.352655446861409	0.8078336293155009	1.352655446861409	0.02389455057450510	1.680511215004246
188758214296296.3	0.02402677606848754	1.686128106532115	0.8077378051012145	1.393398345909936	0.8077378051012145	1.393398345909936	0.02402677606848754	1.686128106532115
188884389573232.3	0.02415026587061755	1.691806989317989	0.8076429186071866	1.434140196025423	0.8076429186071866	1.434140196025423	0.02415026587061755	1.691806989317989
189010564850168.3	0.02426511780499396	1.697539336683360	0.8075488726629193	1.474881009117252	0.8075488726629193	1.474881009117252	0.02426511780499396	1.697539336683360
189136740127104.4	0.02437143285263029	1.703317476309178	0.8074555702111649	1.515620790623004	0.8074555702111649	1.515620790623004	0.02437143285263029	1.703317476309178
189262915404040.4	0.02446931380614103	1.709134523503960	0.8073629146728049	1.556359539683536	0.8073629146728049	1.556359539683536	0.02446931380614103	1.709134523503960
189389090680976.4	0.02455886402574434	1.714984317177991	0.8072708102920945	1.597097249340707	0.8072708102920945	1.597097249340707	0.02455886402574434	1.714984317177991
189515265957912.5	0.02464018629725416	1.720861358301997	0.8071791624618345	1.637833906755335	0.8071791624618345	1.637833906755335	0.02464018629725416	1.720861358301997
189641441234848.5	0.02471338179237681	1.726760750662967	0.8070878780282053	1.678569493443149	0.8070878780282053	1.678569493443149	0.02471338179237681	1.726760750662967
189767616511784.5	0.02477854913146094	1.732678143749250	0.8069968655751061	1.719303985526712	0.8069968655751061	1.719303985526712	0.02477854913146094	1.732678143749250
189893791788720.5	0.02483578354834910	1.738609677625482	0.8069060356879915	1.760037354000938	0.8069060356879915	1.760037354000938	0.02483578354834910	1.738609677625482
190019967065656.6	0.02488517615677395	1.744551929675099	0.8068153011972116	1.800769565010410	0.8068153011972116	1.800769565010410	0.02488517615677395	1.744551929675099
190146142342592.6	0.02492681331726769	1.750501863113232	0.8067245774011066	1.841500580136640	0.8067245774011066	1.841500580136640	0.02492681331726769	1.750501863113232
190272317619528.6	0.02496077610318919	1.756456777182547	0.8066337822690171	1.882230356693187	0.8066337822690171	1.882230356693187	0.02496077610318919	1.756456777182547
190398492896464.7	0.02498713986408387	1.762414258966389	0.8065428366245983	1.922958848027158	0.8065428366245983	1.922958848027158	0.02498713986408387	1.762414258966389
190524668173400.7	0.02500597388426226	1.768372136759296	0.8064516643098021	1.963686003825337	0.8064516643098021	1.963686003825337	0.02500597388426226	1.768372136759296
190650843450336.7	0.02501734113390220	1.774328434948656	0.8063601923300064	2.004411770423443	0.8063601923300064	2.004411770423443	0.02501734113390220	1.774328434948656
190777018727272.7	0.02502129810991240	1.780281330365857	0.8062683509807651	2.045136091117090	0.8062683509807651	2.045136091117090	0.02502129810991240	1.780281330365857
190903194004208.8	0.02501789476316789	1.786229110069405	0.8061760739567604	2.085858906473134	0.8061760739567604	2.085858906473134	0.02501789476316789	1.786229110069405
191029369281144.8	0.02500717450856956	1.792170130527178	0.8060832984435469	2.126580154640055	0.8060832984435469	2.126580154640055	0.02500717450856956	1.792170130527178
191155544558080.8	0.02498917431406409	1.798102778162595	0.8059899651926574	2.167299771656485	0.8059899651926574	2.167299771656485	0.02498917431406409	1.798102778162595
191281719835016.8	0.02496392486443052	1.804025431227523	0.8058960185808201	2.208017691756500	0.8058960185808201	2.208017691756500	0.02496392486443052	1.804025431227523
191407895111952.8	0.02493145079554010	1.809936422962665	0.8058014066538255	2.248733847670976	0.8058014066538255	2.248733847670976	0.02493145079554010	1.809936422962665
191534070388888.9	0.02489177099450173	1.815834005999688	0.8057060811558297	2.289448170924007	0.8057060811558297	2.289448170924007	0.02489177099450173	1.815834005999688
191660245665824.9	0.02484489896104752	1.821716317951407	0.8056099975447293	2.330160592123611	0.8056099975447293	2.330160592123611	0.02484489896104752	1.821716317951407
191786420942760.9	0.02479084322539372	1.827581348129721	0.8055131149942979	2.370871041246074	0.8055131149942979	2.370871041246074	0.02479084322539372	1.827581348129721
191912596219697.0	0.02472960781774875	1.833426905320633	0.8054153963838303	2.411579447913142	0.8054153963838303	2.411579447913142	0.02472960781774875	1.833426905320633
192038771496633.0	0.02466119278466512	1.839250586535672	0.8053168082759249	2.452285741661656	0.8053168082759249	2.452285741661656	0.02466119278466512	1.839250586535672
192164946773569.0	0.02458559474745434	1.845049746647899	0.8052173208831407	2.492989852205106	0.8052173208831407	2.492989852205106	0.02458559474745434	1.845049746647899
192291122050505.0	0.02450280749795165	1.850821468808404	0.8051169080241875	2.533691709686517	0.8051169080241875	2.533691709686517	0.02450280749795165	1.850821468808404
192417297327441.1	0.02441282262709280	1.856562535528527	0.8050155470703345	2.574391244922552	0.8050155470703345	2.574391244922552	0.02441282262709280	1.856562535528527
192543472604377.1	0.02431563018183741	1.862269400297926	0.8049132188826748	2.615088389638158	0.8049132188826748	2.615088389638158	0.02431563018183741	1.862269400297926
192669647881313.1	0.02421121934626984	1.867938159598670	0.8048099077408994	2.655783076691962	0.8048099077408994	2.655783076691962	0.02421121934626984	1.867938159598670
192795823158249.2	0.02409957914286588	1.873564525159499	0.8047056012642444	2.696475240291733	0.8047056012642444	2.696475240291733	0.02409957914286588	1.873564525159499
192921998435185.2	0.02398069915022195	1.879143796283655	0.8046002903251290	2.737164816200072	0.8046002903251290	2.737164816200072	0.02398069915022195	1.879143796283655
193048173712121.2	0.02385457023380400	1.884670832068108	0.8044939689562044	2.777851741929955	0.8044939689562044	2.777851741929955	0.02385457023380400	1.884670832068108
193174348989057.3	0.02372118528661829	1.890140023320507	0.8043866342512566	2.818535956930333	0.8043866342512566	2.818535956930333	0.02372118528661829	1.890140023320507
193300524265993.3	0.02358053997704861	1.895545263964098	0.8042782862606189	2.859217402761400	0.8042782862606189	2.859217402761400	0.02358053997704861	1.895545263964098
193426699542929.3	0.02343263350144101	1.900879921710205	0.8041689278815798	2.899896023259821	0.8041689278815798	2.899896023259821	0.02343263350144101	1.900879921710205
193552874819865.3	0.02327746933942445	1.906136807760308	0.8040585647442954	2.940571764693572	0.8040585647442954	2.940571764693572	0.02327746933942445	1.906136807760308
193679050096801.3	0.02311505601038544	1.911308145288450	0.8039472050937143	2.981244575906903	0.8039472050937143	2.981244575906903	0.02311505601038544	1.911308145288450
193805225373737.4	0.02294540782985017	1.916385536439887	0.8038348596680035	3.021914408454988	0.8038348596680035	3.021914408454988	0.02294540782985017	1.916385536439887
193931400650673.4	0.02276854566507283	1.921359927565537	0.8037215415738614	3.062581216728722	0.8037215415738614	3.062581216728722	0.02276854566507283	1.921359927565537
194057575927609.4	0.02258449768947175	1.926221572400041	0.8036072661592457	3.103244958069464	0.8036072661592457	3.103244958069464	0.02258449768947175	1.926221572400041
194183751204545.4	0.02239330013609966	1.930959992874252	0.8034920508838407	3.143905592874144	0.8034920508838407	3.143905592874144	0.02239330013609966	1.930959992874252
194309926481481.5	0.02219499805077528	1.935563937240824	0.8033759151876958	3.184563084690653	0.8033759151876958	3.184563084690653	0.02219499805077528	1.935563937240824
194436101758417.5	0.02198964604595779	1.940021335173718	0.8032588803584106	3.225217400303651	0.8032588803584106	3.225217400303651	0.02198964604595779	1.940021335173718
194562277035353.5	0.02177730905709697	1.944319249494872	0.8031409693971986	3.265868509811083	0.8031409693971986	3.265868509811083	0.02177730905709697	1.944319249494872
194688452312289.6	0.02155806310351675	1.948443824163083	0.8030222068841887	3.306516386691562	0.8030222068841887	3.306516386691562	0.02155806310351675	1.948443824163083
194814627589225.6	0.02133199605662709	1.952380228153863	0.8029026188432556	3.347161007862640	0.8029026188432556	3.347161007862640	0.02133199605662709	1.952380228153863
194940802866161.6	0.02109920841867070	1.956112594851556	0.8027822326067073	3.387802353730308	0.8027822326067073	3.387802353730308	0.02109920841867070	1.956112594851556
195066978143097.6	0.02085981411596158	1.959623956570340	0.8026610766800880	3.428440408229766	0.8026610766800880	3.428440408229766	0.02085981411596158	1.959623956570340
195193153420033.7	0.02061394131101515	1.962896173826870	0.8025391806073785	3.469075158857954	0.8025391806073785	3.469075158857954	0.02061394131101515	1.962896173826870
195319328696969.7	0.02036173323878837	1.965909858996291	0.8024165748368628	3.509706596697559	0.8024165748368628	3.509706596697559	0.02036173323878837	1.965909858996291
195445503973905.7	0.02010334907273088	1.968644294009199	0.8022932905878359	3.550334716433176	0.8022932905878359	3.550334716433176	0.02010334907273088	1.968644294009199
195571679250841.8	0.01983896482722703	1.971077341783206	0.8021693597184679	3.590959516359491	0.8021693597184679	3.590959516359491	0.01983896482722703	1.971077341783206
195697854527777.8	0.01956877430356409	1.973185351143431	0.8020448145949705	3.631580998381950	0.8020448145949705	3.631580998381950	0.01956877430356409	1.973185351143431
195824029804713.8	0.01929299008735668	1.974943055071495	0.8019196879622652	3.672199168009874	0.8019196879622652	3.672199168009874	0.01929299008735668	1.974943055071495
195950205081649.8	0.01901184460614555	1.976323462241350	0.8017940128163863	3.712814034342361	0.8017940128163863	3.712814034342361	0.01901184460614555	1.976323462241350
196076380358585.8	0.01872559125638565	1.977297741966621	0.8016678222787350	3.753425610047226	0.8016678222787350	3.753425610047226	0.01872559125638565	1.977297741966621
196202555635521.9	0.01843450561003025	1.977835102907561	0.8015411494723890	3.794033911333018	0.8015411494723890	3.794033911333018	0.01843450561003025	1.977835102907561
196328730912457.9	0.01813888671117644	1.977902666178427	0.8014140274006051	3.834638957914486	0.8014140274006051	3.834638957914486	0.01813888671117644	1.977902666178427
196454906189393.9	0.01783905847398624	1.977465333888538	0.8012864888276484	3.875240772971611	0.8012864888276484	3.875240772971611	0.01783905847398624	1.977465333888538
196581081466330.0	0.01753537119310231	1.976485654653314	0.8011585661621115	3.915839383102339	0.8011585661621115	3.915839383102339	0.01753537119310231	1.976485654653314
196707256743266.0	0.01722820317799156	1.974923688264064	0.8010302913428100	3.956434818269447	0.8010302913428100	3.956434818269447	0.01722820317799156	1.974923688264064
196833432020202.0	0.01691796252200498	1.972736872535915	0.8009016957273994	3.997027111741413	0.8009016957273994	3.997027111741413	0.01691796252200498	1.972736872535915
196959607297138.0	0.01660508901597284	1.969879896405650	0.8007728099838123	4.037616300027832	0.8007728099838123	4.037616300027832	0.01660508901597284	1.969879896405650
197085782574074.1	0.01629005621432008	1.966304584671936	0.8006436639846251	4.078202422809136	0.8006436639846251	4.078202422809136	0.01629005621432008	1.966304584671936
197211957851010.1	0.01597337365866227	1.961959801408790	0.8005142867044177	4.118785522861367	0.8005142867044177	4.118785522861367	0.01597337365866227	1.961959801408790
197338133127946.1	0.01565558925953799	1.956791381097821	0.8003847061202606	4.159365645975665	0.8003847061202606	4.159365645975665	0.01565558925953799	1.956791381097821
197464308404882.2	0.01533729183056672	1.950742098973111	0.8002549491153911	4.199942840872982	0.8002549491153911	4.199942840872982	0.01533729183056672	1.950742098973111
197590483681818.2	0.01501911376060169	1.943751694992808	0.8001250413861281	4.240517159114020	0.8001250413861281	4.240517159114020	0.01501911376060169	1.943751694992808
197716658958754.2	0.01470173379768633	1.935756969295761	0.7999950073521340	4.281088655004766	0.7999950073521340	4.281088655004766	0.01470173379768633	1.935756969295761
197842834235690.2	0.01438587990288019	1.926691970943879	0.7998648700700782	4.321657385497630	0.7998648700700782	4.321657385497630	0.01438587990288019	1.926691970943879
197969009512626.3	0.01407233211164804	1.916488306156470	0.7997346511507604	4.362223410088371	0.7997346511507604	4.362223410088371	0.01407233211164804	1.916488306156470
198095184789562.3	0.01376192531470961	1.905075596948975	0.7996043706797344	4.402786790709076	0.7996043706797344	4.402786790709076	0.01376192531470961	1.905075596948975
198221360066498.3	0.01345555183776397	1.892382125826053	0.7994740471415196	4.443347591617410	0.7994740471415196	4.443347591617410	0.01345555183776397	1.892382125826053
198347535343434.3	0.01315416366027344	1.878335706476606	0.7993436973474176	4.483905879282069	0.7993436973474176	4.483905879282069	0.01315416366027344	1.878335706476606
198473710620370.4	0.01285877406694618	1.862864823556280	0.7992133363670022	4.524461722264865	0.7992133363670022	4.524461722264865	0.01285877406694618	1.862864823556280
198599885897306.4	0.01257045847243640	1.845900085598552	0.7990829774632975	4.565015191099384	0.7990829774632975	4.565015191099384	0.01257045847243640	1.845900085598552
198726061174242.4	0.01229035410187055	1.827376032458509	0.7989526320317273	4.605566358166684	0.7989526320317273	4.605566358166684	0.01229035410187055	1.827376032458509
198852236451178.4	0.01201965815077830	1.807233330706636	0.7988223095428115	4.646115297567773	0.7988223095428115	4.646115297567773	0.01201965815077830	1.807233330706636
198978411728114.5	0.01175962399393876	1.785421374971369	0.7986920174887147	4.686662084993416	0.7986920174887147	4.686662084993416	0.01175962399393876	1.785421374971369
199104587005050.5	0.01151155497249573	1.761901288239093	0.7985617613336099	4.727206797591182	0.7985617613336099	4.727206797591182	0.01151155497249573	1.761901288239093
199230762281986.5	0.01127679527512560	1.736649277702513	0.7984315444679477	4.767749513830087	0.7984315444679477	4.767749513830087	0.01127679527512560	1.736649277702513
199356937558922.6	0.01105671745730008	1.709660254086558	0.7983013681666156	4.808290313362741	0.7983013681666156	4.808290313362741	0.01105671745730008	1.709660254086558
199483112835858.6	0.01085270623040935	1.680951562436783	0.7981712315510332	4.848829276885388	0.7981712315510332	4.848829276885388	0.01085270623040935	1.680951562436783
199609288112794.6	0.01066613831602732	1.650566605135478	0.7980411315552132	4.889366485995864	0.7980411315552132	4.889366485995864	0.01066613831602732	1.650566605135478
199735463389730.6	0.01049835841164473	1.618578071027229	0.7979110628958052	4.929902023049653	0.7979110628958052	4.929902023049653	0.01049835841164473	1.618578071027229
199861638666666.7	0.01035065165316615	1.585090429956650	0.7977810180461639	4.970435971014187	0.7977810180461639	4.970435971014187	0.01035065165316615	1.585090429956650
