187370286250000.0	0.02544814663682773	1.945893138554242	0.9387248411580769	-2.050333141788136	0.9387248411580769	-2.050333141788136	0.02544814663682773	1.945893138554242
187496461526936.0	0.02532987107725132	1.943796690808806	0.9386100035883491	-1.987005002160093	0.9386100035883491	-1.987005002160093	0.02532987107725132	1.943796690808806
187622636803872.1	0.02521033593290263	1.941489583250715	0.9384971788104387	-1.923677832036146	0.9384971788104387	-1.923677832036146	0.02521033593290263	1.941489583250715
187748812080808.1	0.02508992907095345	1.938965621562927	0.9383863297431352	-1.860351550142922	0.9383863297431352	-1.860351550142922	0.02508992907095345	1.938965621562927
187874987357744.1	0.02496904398738973	1.936219975860967	0.9382774141941305	-1.797026080151523	0.9382774141941305	-1.797026080151523	0.02496904398738973	1.936219975860967
188001162634680.1	0.02484807571466342	1.933249222538593	0.9381703852783382	-1.733701350933244	0.9381703852783382	-1.733701350933244	0.02484807571466342	1.933249222538593
188127337911616.2	0.02472741679094292	1.930051369594477	0.9380651918417740	-1.670377296781162	0.9380651918417740	-1.670377296781162	0.02472741679094292	1.930051369594477
188253513188552.2	0.02460745334133951	1.926625864738604	0.9379617788890661	-1.607053857597326	0.9379617788890661	-1.607053857597326	0.02460745334133951	1.926625864738604
188379688465488.2	0.02448856132046255	1.922973585768452	0.9378600880125948	-1.543730979046780	0.9378600880125948	-1.543730979046780	0.02448856132046255	1.922973585768452
188505863742424.3	0.02437110296398903	1.919096812936620	0.9377600578213999	-1.480408612678614	0.9377600578213999	-1.480408612678614	0.02437110296398903	1.919096812936620
188632039019360.3	0.02425542349463242	1.914999183306364	0.9376616243680356	-1.417086716014901	0.9376616243680356	-1.417086716014901	0.02425542349463242	1.914999183306364
188758214296296.3	0.02414184812487212	1.910685627397630	0.9375647215715965	-1.353765252608216	0.9375647215715965	-1.353765252608216	0.02414184812487212	1.910685627397630
188884389573232.3	0.02403067939483175	1.906162288772391	0.9374692816353537	-1.290444192068764	0.9374692816353537	-1.290444192068764	0.02403067939483175	1.906162288772391
189010564850168.3	0.02392219487933529	1.901436427552401	0.9373752354572579	-1.227123510062040	0.9373752354572579	-1.227123510062040	0.02392219487933529	1.901436427552401
189136740127104.4	0.02381664529252104	1.896516309232561	0.9372825130318946	-1.163803188277856	0.9372825130318946	-1.163803188277856	0.02381664529252104	1.896516309232561
189262915404040.4	0.02371425301256069	1.891411080502002	0.9371910438423937	-1.100483214372205	0.9371910438423937	-1.100483214372205	0.02371425301256069	1.891411080502002
189389090680976.4	0.02361521104221006	1.886130634113355	0.9371007572409617	-1.037163581882729	0.9371007572409617	-1.037163581882729	0.02361521104221006	1.886130634113355
189515265957912.5	0.02351968241388924	1.880685465133672	0.9370115828167533	-0.9738442901194208	0.9370115828167533	-0.9738442901194208	0.02351968241388924	1.880685465133672
189641441234848.5	0.02342780004043489	1.875086521149703	0.9369234507498444	-0.9105253440316186	0.9369234507498444	-0.9105253440316186	0.02342780004043489	1.875086521149703
189767616511784.5	0.02333966700514543	1.869345049177324	0.9368362921502894	-0.8472067540526336	0.9368362921502894	-0.8472067540526336	0.02333966700514543	1.869345049177324
189893791788720.5	0.02325535727713702	1.863472442129844	0.9367500393811220	-0.7838885359237098	0.9367500393811220	-0.7838885359237098	0.02325535727713702	1.863472442129844
190019967065656.6	0.02317491683080794	1.857480087726709	0.9366646263645018	-0.7205707104983719	0.9366646263645018	-0.7205707104983719	0.02317491683080794	1.857480087726709
190146142342592.6	0.02309836514130449	1.851379222670775	0.9365799888700737	-0.6572533035289425	0.9365799888700737	-0.6572533035289425	0.02309836514130449	1.851379222670775
190272317619528.6	0.02302569702177029	1.845180794790877	0.9364960647848925	-0.5939363454366546	0.9364960647848925	-0.5939363454366546	0.02302569702177029	1.845180794790877
190398492896464.7	0.02295688476276029	1.838895335640921	0.9364127943641845	-0.5306198710668902	0.9364127943641845	-0.5306198710668902	0.02295688476276029	1.838895335640921
190524668173400.7	0.02289188052968954	1.832532845778105	0.9363301204624986	-0.4673039194312939	0.9363301204624986	-0.4673039194312939	0.02289188052968954	1.832532845778105
190650843450336.7	0.02283061897088795	1.826102694617683	0.9362479887447552	-0.4039885334379282	0.9362479887447552	-0.4039885334379282	0.02283061897088795	1.826102694617683
190777018727272.7	0.02277301998635841	1.819613536400490	0.9361663478768750	-0.3406737596117465	0.9361663478768750	-0.3406737596117465	0.02277301998635841	1.819613536400490
190903194004208.8	0.02271899160618457	1.813073243417839	0.9360851496957398	-0.2773596478062851	0.9360851496957398	-0.2773596478062851	0.02271899160618457	1.813073243417839
191029369281144.8	0.02266843292734590	1.806488857236601	0.9360043493583848	-0.2140462509086507	0.9360043493583848	-0.2140462509086507	0.02266843292734590	1.806488857236601
191155544558080.8	0.02262123705848977	1.799866558269569	0.9359239054703287	-0.1507336245391412	0.9359239054703287	-0.1507336245391412	0.02262123705848977	1.799866558269569
191281719835016.8	0.02257729402405964	1.793211653644694	0.9358437801931718	-0.08742182674718509	0.9358437801931718	-0.08742182674718509	0.02257729402405964	1.793211653644694
191407895111952.8	0.02253649358169290	1.786528582972119	0.9357639393315498	-0.02411091770505927	0.9357639393315498	-0.02411091770505927	0.02253649358169290	1.786528582972119
191534070388888.9	0.02249872791013833	1.779820941272754	0.9356843523997641	0.03919904059908200	0.9356843523997641	0.03919904059908200	0.02249872791013833	1.779820941272754
191660245665824.9	0.02246389412872358	1.773091518044687	0.9356049926683657	0.1025079846674082	0.9356049926683657	0.1025079846674082	0.02246389412872358	1.773091518044687
191786420942760.9	0.02243189661372350	1.766342351193488	0.9355258371911690	0.1658158497964448	0.9355258371911690	0.1658158497964448	0.02243189661372350	1.766342351193488
191912596219697.0	0.02240264908151885	1.759574794347864	0.9354468668131725	0.2291225703775290	0.9354468668131725	0.2291225703775290	0.02240264908151885	1.759574794347864
192038771496633.0	0.02237607641316739	1.752789595916541	0.9353680661600227	0.2924280801924883	0.9353680661600227	0.2924280801924883	0.02237607641316739	1.752789595916541
192164946773569.0	0.02235211619989531	1.745986988120149	0.9352894236096285	0.3557323127031886	0.9352894236096285	0.3557323127031886	0.02235211619989531	1.745986988120149
192291122050505.0	0.02233071999378703	1.739166784145605	0.9352109312466890	0.4190352013338272	0.9352109312466890	0.4190352013338272	0.02233071999378703	1.739166784145605
192417297327441.1	0.02231185425274014	1.732328481515442	0.9351325848009545	0.4823366797450097	0.9351325848009545	0.4823366797450097	0.02231185425274014	1.732328481515442
192543472604377.1	0.02229550097336985	1.725471369740239	0.9350543835700210	0.5456366820981653	0.9350543835700210	0.5456366820981653	0.02229550097336985	1.725471369740239
192669647881313.1	0.02228165800999428	1.718594640323652	0.9349763303276091	0.6089351433100649	0.9349763303276091	0.6089351433100649	0.02228165800999428	1.718594640323652
192795823158249.2	0.02227033908210861	1.711697497209279	0.9348984312182672	0.6722319992958767	0.9348984312182672	0.6722319992958767	0.02227033908210861	1.711697497209279
192921998435185.2	0.02226157347683724	1.704779265800434	0.9348206956394705	0.7355271872004435	0.9348206956394705	0.7355271872004435	0.02226157347683724	1.704779265800434
193048173712121.2	0.02225540545664380	1.697839498740367	0.9347431361121591	0.7988206456169275	0.9347431361121591	0.7988206456169275	0.02225540545664380	1.697839498740367
193174348989057.3	0.02225189338627346	1.690878076713197	0.9346657681407536	0.8621123147922936	0.9346657681407536	0.8621123147922936	0.02225189338627346	1.690878076713197
193300524265993.3	0.02225110859624541	1.683895302613582	0.9345886100637294	0.9254021368190685	0.9345886100637294	0.9254021368190685	0.02225110859624541	1.683895302613582
193426699542929.3	0.02225313400338977	1.676891987537537	0.9345116828957846	0.9886900558131194	0.9345116828957846	0.9886900558131194	0.02225313400338977	1.676891987537537
193552874819865.3	0.02225806251191243	1.669869527166924	0.9344350101627398	1.051976018076840	0.9344350101627398	1.051976018076840	0.02225806251191243	1.669869527166924
193679050096801.3	0.02226599522104374	1.662829967255503	0.9343586177302198	1.115259972247914	0.9343586177302198	1.115259972247914	0.02226599522104374	1.662829967255503
193805225373737.4	0.02227703946777626	1.655776057087583	0.9342825336271977	1.178541869433097	0.9342825336271977	1.178541869433097	0.02227703946777626	1.655776057087583
193931400650673.4	0.02229130673531216	1.648711289948757	0.9342067878654781	1.241821663327400	0.9342067878654781	1.241821663327400	0.02229130673531216	1.648711289948757
194057575927609.4	0.02230891045947026	1.641639929851691	0.9341314122561236	1.305099310318286	0.9341314122561236	1.305099310318286	0.02230891045947026	1.641639929851691
194183751204545.4	0.02232996376678402	1.634567023973609	0.9340564402238905	1.368374769575238	0.9340564402238905	1.368374769575238	0.02232996376678402	1.634567023973609
194309926481481.5	0.02235457717884829	1.627498400495406	0.9339819066206158	1.431648003124935	0.9339819066206158	1.431648003124935	0.02235457717884829	1.627498400495406
194436101758417.5	0.02238285631796886	1.620440651785243	0.9339078475385247	1.494918975911950	0.9339078475385247	1.494918975911950	0.02238285631796886	1.620440651785243
194562277035353.5	0.02241489964916143	1.613401103127899	0.9338343001243917	1.558187655845786	0.9338343001243917	1.558187655845786	0.02241489964916143	1.613401103127899
194688452312289.6	0.02245079629288367	1.606387767468462	0.9337613023953629	1.621454013834266	0.9337613023953629	1.621454013834266	0.02245079629288367	1.606387767468462
194814627589225.6	0.02249062394179515	1.599409286909225	0.9336888930572989	1.684718023803902	0.9336888930572989	1.684718023803902	0.02249062394179515	1.599409286909225
194940802866161.6	0.02253444691317089	1.592474861952800	0.9336171113263918	1.747979662707650	0.9336171113263918	1.747979662707650	0.02253444691317089	1.592474861952800
195066978143097.6	0.02258231436612258	1.585594169732974	0.9335459967547626	1.811238910520788	0.9335459967547626	1.811238910520788	0.02258231436612258	1.585594169732974
195193153420033.7	0.02263425871039773	1.578777272695648	0.9334755890606904	1.874495750225391	0.9334755890606904	1.874495750225391	0.02263425871039773	1.578777272695648
195319328696969.7	0.02269029422973316	1.572034519380693	0.9334059279640505	1.937750167783871	0.9334059279640505	1.937750167783871	0.02269029422973316	1.572034519380693
195445503973905.7	0.02275041593940015	1.565376439109952	0.9333370530275225	2.001002152102691	0.9333370530275225	2.001002152102691	0.02275041593940015	1.565376439109952
195571679250841.8	0.02281459869340654	1.558813632497875	0.9332690035039852	2.064251694986573	0.9332690035039852	2.064251694986573	0.02281459869340654	1.558813632497875
195697854527777.8	0.02288279655245870	1.552356659760910	0.9332018181905539	2.127498791084090	0.9332018181905539	2.127498791084090	0.02288279655245870	1.552356659760910
195824029804713.8	0.02295494241936788	1.546015928815147	0.9331355352895556	2.190743437825326	0.9331355352895556	2.190743437825326	0.02295494241936788	1.546015928815147
195950205081649.8	0.02303094794409111	1.539801585117860	0.9330701922767355	2.253985635352400	0.9330701922767355	2.253985635352400	0.02303094794409111	1.539801585117860
196076380358585.8	0.02311070369608664	1.533723405115865	0.9330058257769006	2.317225386443536	0.9330058257769006	2.317225386443536	0.02311070369608664	1.533723405115865
196202555635521.9	0.02319407959746890	1.527790695040688	0.9329424714471550	2.380462696431492	0.9329424714471550	2.380462696431492	0.02319407959746890	1.527790695040688
196328730912457.9	0.02328092560639680	1.522012196615694	0.9328801638678035	2.443697573117040	0.9328801638678035	2.443697573117040	0.02328092560639680	1.522012196615694
196454906189393.9	0.02337107263648933	1.516396001040965	0.9328189364409628	2.506930026678267	0.9328189364409628	2.506930026678267	0.02337107263648933	1.516396001040965
196581081466330.0	0.02346433369493826	1.510949472396210	0.9327588212968149	2.570160069576380	0.9327588212968149	2.570160069576380	0.02346433369493826	1.510949472396210
196707256743266.0	0.02356050521909949	1.505679181356476	0.9326998492075186	2.633387716458678	0.9326998492075186	2.633387716458678	0.02356050521909949	1.505679181356476
196833432020202.0	0.02365936858937186	1.500590849871360	0.9326420495085129	2.696612984059428	0.9326420495085129	2.696612984059428	0.02365936858937186	1.500590849871360
196959607297138.0	0.02376069179431545	1.495689307207219	0.9325854500271095	2.759835891099218	0.9325854500271095	2.759835891099218	0.02376069179431545	1.495689307207219
197085782574074.1	0.02386423122295013	1.490978457513523	0.9325300770181445	2.823056458183388	0.9325300770181445	2.823056458183388	0.02386423122295013	1.490978457513523
197211957851010.1	0.02396973355857126	1.486461258852870	0.9324759551064009	2.886274707700107	0.9324759551064009	2.886274707700107	0.02396973355857126	1.486461258852870
197338133127946.1	0.02407693774823669	1.482139713430049	0.9324231072354857	2.949490663718621	0.9324231072354857	2.949490663718621	0.02407693774823669	1.482139713430049
197464308404882.2	0.02418557702247232	1.478014868581217	0.9323715546228558	3.012704351888119	0.9323715546228558	3.012704351888119	0.02418557702247232	1.478014868581217
197590483681818.2	0.02429538094044572	1.474086827931580	0.9323213167205996	3.075915799337671	0.9323213167205996	3.075915799337671	0.02429538094044572	1.474086827931580
197716658958754.2	0.02440607743681525	1.470354772014526	0.9322724111815829	3.139125034577571	0.9322724111815829	3.139125034577571	0.02440607743681525	1.470354772014526
197842834235690.2	0.02451739484788310	1.466816987551499	0.9322248538305443	3.202332087402560	0.9322248538305443	3.202332087402560	0.02451739484788310	1.466816987551499
197969009512626.3	0.02462906389610444	1.463470904530226	0.9321786586397365	3.265536988796856	0.9321786586397365	3.265536988796856	0.02462906389610444	1.463470904530226
198095184789562.3	0.02474081961366809	1.460313140183283	0.9321338377086395	3.328739770841703	0.9321338377086395	3.328739770841703	0.02474081961366809	1.460313140183283
198221360066498.3	0.02485240318763656	1.457339548956508	0.9320904012473041	3.391940466625118	0.9320904012473041	3.391940466625118	0.02485240318763656	1.457339548956508
198347535343434.3	0.02496356371091470	1.454545277562902	0.9320483575629200	3.455139110154452	0.9320483575629200	3.455139110154452	0.02496356371091470	1.454545277562902
198473710620370.4	0.02507405982506692	1.451924824244520	0.9320077130491027	3.518335736271351	0.9320077130491027	3.518335736271351	0.02507405982506692	1.451924824244520
198599885897306.4	0.02518366124282546	1.449472101401284	0.9319684721775088	3.581530380569422	0.9319684721775088	3.581530380569422	0.02518366124282546	1.449472101401284
198726061174242.4	0.02529215013977595	1.447180500794182	0.9319306374913332	3.644723079314612	0.9319306374913332	3.644723079314612	0.02529215013977595	1.447180500794182
198852236451178.4	0.02539932240639520	1.445042960585955	0.9318942096002721	3.707913869367916	0.9318942096002721	3.707913869367916	0.02539932240639520	1.445042960585955
198978411728114.5	0.02550498875308537	1.443052033539553	0.9318591871765908	3.771102788110679	0.9318591871765908	3.771102788110679	0.02550498875308537	1.443052033539553
199104587005050.5	0.02560897566235160	1.441199955754001	0.9318255669518828	3.834289873372030	0.9318255669518828	3.834289873372030	0.02560897566235160	1.441199955754001
199230762281986.5	0.02571112618360271	1.439478715378436	0.9317933437142447	3.897475163358396	0.9317933437142447	3.897475163358396	0.02571112618360271	1.439478715378436
199356937558922.6	0.02581130056727312	1.437880120795953	0.9317625103055073	3.960658696584694	0.9317625103055073	3.960658696584694	0.02581130056727312	1.437880120795953
199483112835858.6	0.02590937673624992	1.436395867825135	0.9317330576182508	4.023840511807201	0.9317330576182508	4.023840511807201	0.02590937673624992	1.436395867825135
199609288112794.6	0.02600525059352651	1.435017605527668	0.9317049745924158	4.087020647957504	0.9317049745924158	4.087020647957504	0.02600525059352651	1.435017605527668
199735463389730.6	0.02609883616622674	1.433737000254368	0.9316782482112538	4.150199144077236	0.9316782482112538	4.150199144077236	0.02609883616622674	1.433737000254368
199861638666666.7	0.02619006558697552	1.432545797592512	0.9316528634965037	4.213376039253463	0.9316528634965037	4.213376039253463	0.02619006558697552	1.432545797592512
