187370286250000.0	0.01549698563436923	1.908174543847093	0.9987429408021639	-2.577594912842820	0.9987429408021639	-2.577594912842820	0.01549698563436923	1.908174543847093
187496461526936.0	0.01557992334478804	1.900865119241772	0.9987299863968534	-2.528458049857447	0.9987299863968534	-2.528458049857447	0.01557992334478804	1.900865119241772
187622636803872.1	0.01566162622006595	1.894031269449671	0.9987188697600749	-2.479321409366196	0.9987188697600749	-2.479321409366196	0.01566162622006595	1.894031269449671
187748812080808.1	0.01574158027619515	1.887646231154410	0.9987094875643880	-2.430184921443549	0.9987094875643880	-2.430184921443549	0.01574158027619515	1.887646231154410
187874987357744.1	0.01581932117692307	1.881681800661430	0.9987017334631153	-2.381048525223960	0.9987017334631153	-2.381048525223960	0.01581932117692307	1.881681800661430
188001162634680.1	0.01589443491711882	1.876108767244490	0.9986954987832351	-2.331912168857995	0.9986954987832351	-2.331912168857995	0.01589443491711882	1.876108767244490
188127337911616.2	0.01596655790385987	1.870897303761450	0.9986906731925210	-2.282775809422893	0.9986906731925210	-2.282775809422893	0.01596655790385987	1.870897303761450
188253513188552.2	0.01603537650681854	1.866017315390010	0.9986871453388004	-2.233639412790512	0.9986871453388004	-2.233639412790512	0.01603537650681854	1.866017315390010
188379688465488.2	0.01610062614486984	1.861438748289738	0.9986848034594550	-2.184502953456760	0.9986848034594550	-2.184502953456760	0.01610062614486984	1.861438748289738
188505863742424.3	0.01616208997052116	1.857131860648440	0.9986835359596830	-2.135366414335775	0.9986835359596830	-2.135366414335775	0.01616208997052116	1.857131860648440
188632039019360.3	0.01621959720831362	1.853067458938070	0.9986832319583777	-2.086229786522366	0.9986832319583777	-2.086229786522366	0.01621959720831362	1.853067458938070
188758214296296.3	0.01627302119773928	1.849217102375891	0.9986837818007019	-2.037093069026208	0.9986837818007019	-2.037093069026208	0.01627302119773928	1.849217102375891
188884389573232.3	0.01632227718611218	1.845553278595645	0.9986850775367668	-1.987956268481055	0.9986850775367668	-1.987956268481055	0.01632227718611218	1.845553278595645
189010564850168.3	0.01636731991189485	1.842049553403997	0.9986870133661293	-1.938819398832406	0.9986870133661293	-1.938819398832406	0.01636731991189485	1.842049553403997
189136740127104.4	0.01640814101480960	1.838680697310652	0.9986894860479442	-1.889682481006462	0.9986894860479442	-1.889682481006462	0.01640814101480960	1.838680697310652
189262915404040.4	0.01644476630516429	1.835422791258106	0.9986923952769405	-1.840545542563611	0.9986923952769405	-1.840545542563611	0.01644476630516429	1.835422791258106
189389090680976.4	0.01647725292175946	1.832253313693244	0.9986956440255711	-1.791408617339180	0.9986956440255711	-1.791408617339180	0.01647725292175946	1.832253313693244
189515265957912.5	0.01650568640486664	1.829151210826548	0.9986991388527969	-1.742271745074215	0.9986991388527969	-1.742271745074215	0.01650568640486664	1.829151210826548
189641441234848.5	0.01653017770882500	1.826096951632900	0.9987027901802087	-1.693134971038773	0.9987027901802087	-1.693134971038773	0.01653017770882500	1.826096951632900
189767616511784.5	0.01655086017683202	1.823072568862683	0.9987065125363599	-1.643998345650105	0.9987065125363599	-1.643998345650105	0.01655086017683202	1.823072568862683
189893791788720.5	0.01656788649938558	1.820061687083977	0.9987102247701093	-1.594861924088185	0.9987102247701093	-1.594861924088185	0.01656788649938558	1.820061687083977
190019967065656.6	0.01658142567664513	1.817049538536841	0.9987138502342041	-1.545725765910122	0.9987138502342041	-1.545725765910122	0.01658142567664513	1.817049538536841
190146142342592.6	0.01659166000444286	1.814022967397346	0.9987173169401056	-1.496589934665910	0.9987173169401056	-1.496589934665910	0.01659166000444286	1.814022967397346
190272317619528.6	0.01659878210296576	1.810970422881214	0.9987205576853283	-1.447454497516877	0.9987205576853283	-1.447454497516877	0.01659878210296576	1.810970422881214
190398492896464.7	0.01660299200693246	1.807881941500885	0.9987235101545627	-1.398319524858517	0.9987235101545627	-1.398319524858517	0.01660299200693246	1.807881941500885
190524668173400.7	0.01660449433560676	1.804749118702490	0.9987261169958681	-1.349185089949083	0.9987261169958681	-1.349185089949083	0.01660449433560676	1.804749118702490
190650843450336.7	0.01660349556083938	1.801565070068308	0.9987283258733188	-1.300051268545155	0.9987283258733188	-1.300051268545155	0.01660349556083938	1.801565070068308
190777018727272.7	0.01660020139092180	1.798324382257119	0.9987300894974267	-1.250918138545413	0.9987300894974267	-1.250918138545413	0.01660020139092180	1.798324382257119
190903194004208.8	0.01659481428759110	1.795023053883894	0.9987313656347316	-1.201785779643368	0.9987313656347316	-1.201785779643368	0.01659481428759110	1.795023053883894
191029369281144.8	0.01658753113297753	1.791658426594121	0.9987321170979028	-1.152654272990044	0.9987321170979028	-1.152654272990044	0.01658753113297753	1.791658426594121
191155544558080.8	0.01657854106246612	1.788229106673338	0.9987323117177068	-1.103523700867230	0.9987323117177068	-1.103523700867230	0.01657854106246612	1.788229106673338
191281719835016.8	0.01656802347850775	1.784734877636417	0.9987319222982303	-1.054394146371891	0.9987319222982303	-1.054394146371891	0.01656802347850775	1.784734877636417
191407895111952.8	0.01655614625909509	1.781176604364394	0.9987309265565094	-1.005265693112213	0.9987309265565094	-1.005265693112213	0.01655614625909509	1.781176604364394
191534070388888.9	0.01654306417322317	1.777556129489939	0.9987293070479838	-0.9561384249155991	0.9987293070479838	-0.9561384249155991	0.01654306417322317	1.777556129489939
191660245665824.9	0.01652891751385174	1.773876162866656	0.9987270510788915	-0.9070124255489640	0.9987270510788915	-0.9070124255489640	0.01652891751385174	1.773876162866656
191786420942760.9	0.01651383095686222	1.770140165094612	0.9987241506068891	-0.8578877784515111	0.9987241506068891	-0.8578877784515111	0.01651383095686222	1.770140165094612
191912596219697.0	0.01649791265250531	1.766352226197520	0.9987206021308613	-0.8087645664798118	0.9987206021308613	-0.8087645664798118	0.01649791265250531	1.766352226197520
192038771496633.0	0.01648125355315569	1.762516940656610	0.9987164065711628	-0.7596428716656665	0.9987164065711628	-0.7596428716656665	0.01648125355315569	1.762516940656610
192164946773569.0	0.01646392697895475	1.758639280096495	0.9987115691412100	-0.7105227749863791	0.9987115691412100	-0.7105227749863791	0.01646392697895475	1.758639280096495
192291122050505.0	0.01644598842015028	1.754724464980958	0.9987060992114284	-0.6614043561474426	0.9987060992114284	-0.6614043561474426	0.01644598842015028	1.754724464980958
192417297327441.1	0.01642747557242387	1.750777836712083	0.9987000101664372	-0.6122876933774574	0.9987000101664372	-0.6122876933774574	0.01642747557242387	1.750777836712083
192543472604377.1	0.01640840859882414	1.746804731530455	0.9986933192563512	-0.5631728632352361	0.9986933192563512	-0.5631728632352361	0.01640840859882414	1.746804731530455
192669647881313.1	0.01638879060949403	1.742810357589106	0.9986860474429724	-0.5140599404286398	0.9986860474429724	-0.5140599404286398	0.01638879060949403	1.742810357589106
192795823158249.2	0.01636860834802888	1.738799676512843	0.9986782192415991	-0.4649489976450659	0.9986782192415991	-0.4649489976450659	0.01636860834802888	1.738799676512843
192921998435185.2	0.01634783307110708	1.734777290672473	0.9986698625591560	-0.4158401053932296	0.9986698625591560	-0.4158401053932296	0.01634783307110708	1.734777290672473
193048173712121.2	0.01632642160630267	1.730747337289829	0.9986610085292736	-0.3667333318559864	0.9986610085292736	-0.3667333318559864	0.01632642160630267	1.730747337289829
193174348989057.3	0.01630431757115865	1.726713390358561	0.9986516913448387	-0.3176287427537985	0.9986516913448387	-0.3176287427537985	0.01630431757115865	1.726713390358561
193300524265993.3	0.01628145273566536	1.722678371216286	0.9986419480886096	-0.2685264012186378	0.9986419480886096	-0.2685264012186378	0.01628145273566536	1.722678371216286
193426699542929.3	0.01625774850896479	1.718644468446702	0.9986318185623403	-0.2194263676778141	0.9986318185623403	-0.2194263676778141	0.01625774850896479	1.718644468446702
193552874819865.3	0.01623311753086694	1.714613067626992	0.9986213451148006	-0.1703286997477717	0.9986213451148006	-0.1703286997477717	0.01623311753086694	1.714613067626992
193679050096801.3	0.01620746534822451	1.710584691270249	0.9986105724691653	-0.1212334521368723	0.9986105724691653	-0.1212334521368723	0.01620746534822451	1.710584691270249
193805225373737.4	0.01618069215640872	1.706558949165062	0.9985995475500314	-0.07214067655758695	0.9985995475500314	-0.07214067655758695	0.01618069215640872	1.706558949165062
193931400650673.4	0.01615269458640463	1.702534499158634	0.9985883193104261	-0.02305042164720828	0.9985883193104261	-0.02305042164720828	0.01615269458640463	1.702534499158634
194057575927609.4	0.01612336751867490	1.698509018309518	0.9985769385590390	0.02603726710291408	0.9985769385590390	0.02603726710291408	0.01612336751867490	1.698509018309518
194183751204545.4	0.01609260590570488	1.694479184218716	0.9985654577879588	0.07512234741005766	0.9985654577879588	0.07512234741005766	0.01609260590570488	1.694479184218716
194309926481481.5	0.01606030658616229	1.690440666258024	0.9985539310010773	0.1242047802550281	0.9985539310010773	0.1242047802550281	0.01606030658616229	1.690440666258024
194436101758417.5	0.01602637007471032	1.686388126347174	0.9985424135433760	0.1732845299293291	0.9985424135433760	0.1732845299293291	0.01602637007471032	1.686388126347174
194562277035353.5	0.01599070231274437	1.682315228878416	0.9985309619312482	0.2223615640752091	0.9985309619312482	0.2223615640752091	0.01599070231274437	1.682315228878416
194688452312289.6	0.01595321636649374	1.678214659367629	0.9985196336840021	0.2714358537185462	0.9985196336840021	0.2714358537185462	0.01595321636649374	1.678214659367629
194814627589225.6	0.01591383406034649	1.674078151401709	0.9985084871566188	0.3205073732948880	0.9985084871566188	0.3205073732948880	0.01591383406034649	1.674078151401709
194940802866161.6	0.01587248753431523	1.669896521466069	0.9984975813739616	0.3695761006688855	0.9984975813739616	0.3695761006688855	0.01587248753431523	1.669896521466069
195066978143097.6	0.01582912071581995	1.665659711268718	0.9984869758664128	0.4186420171472502	0.9984869758664128	0.4186420171472502	0.01582912071581995	1.665659711268718
195193153420033.7	0.01578369069706988	1.661356837216996	0.9984767305071282	0.4677051074855296	0.9984767305071282	0.4677051074855296	0.01578369069706988	1.661356837216996
195319328696969.7	0.01573616901025399	1.656976246763217	0.9984669053508941	0.5167653598885430	0.9984669053508941	0.5167653598885430	0.01573616901025399	1.656976246763217
195445503973905.7	0.01568654279357000	1.652505581392607	0.9984575604747085	0.5658227660051372	0.9984575604747085	0.5658227660051372	0.01568654279357000	1.652505581392607
195571679250841.8	0.01563481584194979	1.647931846097865	0.9984487558201087	0.6148773209168870	0.9984487558201087	0.6148773209168870	0.01563481584194979	1.647931846097865
195697854527777.8	0.01558100953676408	1.643241485247585	0.9984405510373338	0.6639290231211297	0.9984405510373338	0.6639290231211297	0.01558100953676408	1.643241485247585
195824029804713.8	0.01552516364936250	1.638420464825662	0.9984330053313495	0.7129778745083760	0.9984330053313495	0.7129778745083760	0.01552516364936250	1.638420464825662
195950205081649.8	0.01546733701349387	1.633454361066501	0.9984261773098240	0.7620238803341255	0.9984261773098240	0.7620238803341255	0.01546733701349387	1.633454361066501
196076380358585.8	0.01540760806187021	1.628328455569181	0.9984201248330560	0.8110670491853057	0.9984201248330560	0.8110670491853057	0.01540760806187021	1.628328455569181
196202555635521.9	0.01534607522222119	1.623027836992557	0.9984149048659934	0.8601073929411474	0.9984149048659934	0.8601073929411474	0.01534607522222119	1.623027836992557
196328730912457.9	0.01528285716807229	1.617537509457522	0.9984105733323482	0.9091449267288480	0.9984105733323482	0.9091449267288480	0.01528285716807229	1.617537509457522
196454906189393.9	0.01521809291946439	1.611842507762229	0.9984071849709182	0.9581796688738545	0.9984071849709182	0.9581796688738545	0.01521809291946439	1.611842507762229
196581081466330.0	0.01515194178866117	1.605928019488448	0.9984047931941029	1.007211640844946	0.9984047931941029	1.007211640844946	0.01515194178866117	1.605928019488448
196707256743266.0	0.01508458316569847	1.599779514001626	0.9984034499488674	1.056240867194005	0.9984034499488674	1.056240867194005	0.01508458316569847	1.599779514001626
196833432020202.0	0.01501621613862611	1.593382878249845	0.9984032055800445	1.105267375490646	0.9984032055800445	1.105267375490646	0.01501621613862611	1.593382878249845
196959607297138.0	0.01494705894316101	1.586724559125692	0.9984041086962253	1.154291196251742	0.9984041086962253	1.154291196251742	0.01494705894316101	1.586724559125692
197085782574074.1	0.01487734823664287	1.579791711974707	0.9984062060382561	1.203312362865679	0.9984062060382561	1.203312362865679	0.01487734823664287	1.579791711974707
197211957851010.1	0.01480733819142586	1.572572354611636	0.9984095423504972	1.252330911511576	0.9984095423504972	1.252330911511576	0.01480733819142586	1.572572354611636
197338133127946.1	0.01473729940337988	1.565055525946088	0.9984141602549287	1.301346881073501	0.9984141602549287	1.301346881073501	0.01473729940337988	1.565055525946088
197464308404882.2	0.01466751761198719	1.557231448009094	0.9984201001282768	1.350360313049564	0.9984201001282768	1.350360313049564	0.01466751761198719	1.557231448009094
197590483681818.2	0.01459829222967743	1.549091689844135	0.9984273999822607	1.399371251455994	0.9984273999822607	1.399371251455994	0.01459829222967743	1.549091689844135
197716658958754.2	0.01452993467960739	1.540629331344093	0.9984360953471181	1.448379742726286	0.9984360953471181	1.448379742726286	0.01452993467960739	1.540629331344093
197842834235690.2	0.01446276654313426	1.531839124744406	0.9984462191585530	1.497385835605505	0.9984462191585530	1.497385835605505	0.01446276654313426	1.531839124744406
197969009512626.3	0.01439711752066644	1.522717651077320	0.9984578016482931	1.546389581039510	0.9984578016482931	1.546389581039510	0.01439711752066644	1.522717651077320
198095184789562.3	0.01433332321265437	1.513263468524825	0.9984708702383748	1.595391032059627	0.9984708702383748	1.595391032059627	0.01433332321265437	1.513263468524825
198221360066498.3	0.01427172273086301	1.503477249250097	0.9984854494393658	1.644390243662428	0.9984854494393658	1.644390243662428	0.01427172273086301	1.503477249250097
198347535343434.3	0.01421265615409118	1.493361901009863	0.9985015607526928	1.693387272684902	0.9985015607526928	1.693387272684902	0.01421265615409118	1.493361901009863
198473710620370.4	0.01415646184678323	1.482922669630363	0.9985192225772549	1.742382177675051	0.9985192225772549	1.742382177675051	0.01415646184678323	1.482922669630363
198599885897306.4	0.01410347366364026	1.472167218347288	0.9985384501205064	1.791375018757999	0.9985384501205064	1.791375018757999	0.01410347366364026	1.472167218347288
198726061174242.4	0.01405401806810038	1.461105680038693	0.9985592553141965	1.840365857497810	0.9985592553141965	1.840365857497810	0.01405401806810038	1.461105680038693
198852236451178.4	0.01400841119734878	1.449750678590902	0.9985816467349691	1.889354756754922	0.9985816467349691	1.889354756754922	0.01400841119734878	1.449750678590902
198978411728114.5	0.01396695591104930	1.438117316008313	0.9986056295300341	1.938341780539544	0.9986056295300341	1.938341780539544	0.01396695591104930	1.438117316008313
199104587005050.5	0.01392993886511265	1.426223122455550	0.9986312053480557	1.987326993861160	0.9986312053480557	1.987326993861160	0.01392993886511265	1.426223122455550
199230762281986.5	0.01389762765518544	1.414087967166251	0.9986583722754796	2.036310462574066	0.9986583722754796	2.036310462574066	0.01389762765518544	1.414087967166251
199356937558922.6	0.01387026807704351	1.401733929100455	0.9986871247785961	2.085292253219335	0.9986871247785961	2.085292253219335	0.01387026807704351	1.401733929100455
199483112835858.6	0.01384808155229034	1.389185127304921	0.9987174536513107	2.134272432863273	0.9987174536513107	2.134272432863273	0.01384808155229034	1.389185127304921
199609288112794.6	0.01383126276772768	1.376467512140821	0.9987493459690537	2.183251068932660	0.9987493459690537	2.183251068932660	0.01383126276772768	1.376467512140821
199735463389730.6	0.01381997757511110	1.363608619795663	0.9987827850488709	2.232228229046758	0.9987827850488709	2.232228229046758	0.01381997757511110	1.363608619795663
199861638666666.7	0.01381436119490013	1.350637293764213	0.9988177504159588	2.281203980846593	0.9988177504159588	2.281203980846593	0.01381436119490013	1.350637293764213
