187370286250000.0	0.02648859317721138	1.896918781586691	0.9986655997046682	3.131247737494785	0.9986655997046682	3.131247737494785	0.02648859317721138	1.896918781586691
187496461526936.0	0.02652543521707975	1.902061950310829	0.9986368870752148	3.242532835696737	0.9986368870752148	3.242532835696737	0.02652543521707975	1.902061950310829
187622636803872.1	0.02654609193558625	1.907332595467696	0.9986098837006180	3.353815981702296	0.9986098837006180	3.353815981702296	0.02654609193558625	1.907332595467696
187748812080808.1	0.02655042853543704	1.912698045245728	0.9985845463382270	3.465097259351990	0.9985845463382270	3.465097259351990	0.02655042853543704	1.912698045245728
187874987357744.1	0.02653836238573247	1.918125570592152	0.9985608268500607	3.576376746832578	0.9985608268500607	3.576376746832578	0.02653836238573247	1.918125570592152
188001162634680.1	0.02650986498977855	1.923582296192113	0.9985386727633121	3.687654516533354	0.9985386727633121	3.687654516533354	0.02650986498977855	1.923582296192113
188127337911616.2	0.02646496400458863	1.929035128718654	0.9985180278144074	3.798930634950420	0.9985180278144074	3.798930634950420	0.02646496400458863	1.929035128718654
188253513188552.2	0.02640374521119310	1.934450702226406	0.9984988324732266	3.910205162634707	0.9984988324732266	3.910205162634707	0.02640374521119310	1.934450702226406
188379688465488.2	0.02632635434380376	1.939795340372844	0.9984810244449952	4.021478154179281	0.9984810244449952	4.021478154179281	0.02632635434380376	1.939795340372844
188505863742424.3	0.02623299869542679	1.945035035038506	0.9984645391479723	4.132749658240715	0.9984645391479723	4.132749658240715	0.02623299869542679	1.945035035038506
188632039019360.3	0.02612394842842350	1.950135440874483	0.9984493101655766	4.244019717590662	0.9984493101655766	4.244019717590662	0.02612394842842350	1.950135440874483
188758214296296.3	0.02599953752923280	1.955061885308663	0.9984352696726587	4.355288369193050	0.9984352696726587	4.355288369193050	0.02599953752923280	1.955061885308663
188884389573232.3	0.02586016435769014	1.959779393596041	0.9984223488356075	4.466555644302820	0.9984223488356075	4.466555644302820	0.02586016435769014	1.959779393596041
189010564850168.3	0.02570629175217908	1.964252728581781	0.9984104781868031	4.577821568582738	0.9984104781868031	4.577821568582738	0.02570629175217908	1.964252728581781
189136740127104.4	0.02553844666254942	1.968446444951665	0.9983995879743940	4.689086162234549	0.9983995879743940	4.689086162234549	0.02553844666254942	1.968446444951665
189262915404040.4	0.02535721929285501	1.972324957868273	0.9983896084884142	4.800349440141990	0.9983896084884142	4.800349440141990	0.02535721929285501	1.972324957868273
189389090680976.4	0.02516326174518844	1.975852626015411	0.9983804703647023	4.911611412022618	0.9983804703647023	4.911611412022618	0.02516326174518844	1.975852626015411
189515265957912.5	0.02495728616496735	1.978993849203527	0.9983721048682352	5.022872082587015	0.9983721048682352	5.022872082587015	0.02495728616496735	1.978993849203527
189641441234848.5	0.02474006239553871	1.981713180793955	0.9983644441575547	5.134131451703063	0.9983644441575547	5.134131451703063	0.02474006239553871	1.981713180793955
189767616511784.5	0.02451241515733907	1.983975455301178	0.9983574215318711	5.245389514564566	0.9983574215318711	5.245389514564566	0.02451241515733907	1.983975455301178
189893791788720.5	0.02427522077284787	1.985745931593403	0.9983509716625597	5.356646261862835	0.9983509716625597	5.356646261862835	0.02427522077284787	1.985745931593403
190019967065656.6	0.02402940346398785	1.986990452144668	0.9983450308106340	5.467901679961196	0.9983450308106340	5.467901679961196	0.02402940346398785	1.986990452144668
190146142342592.6	0.02377593125313163	1.987675618773225	0.9983395370314727	5.579155751072114	0.9983395370314727	5.579155751072114	0.02377593125313163	1.987675618773225
190272317619528.6	0.02351581150240069	1.987768985236958	0.9983344303680504	5.690408453436599	0.9983344303680504	5.690408453436599	0.02351581150240069	1.987768985236958
190398492896464.7	0.02325008612905670	1.987239266920498	0.9983296530336542	5.801659761506556	0.9983296530336542	5.801659761506556	0.02325008612905670	1.987239266920498
190524668173400.7	0.02297982653679442	1.986056567649219	0.9983251495848171	5.912909646130258	0.9983251495848171	5.912909646130258	0.02297982653679442	1.986056567649219
190650843450336.7	0.02270612830435198	1.984192623382180	0.9983208670849515	6.024158074741486	0.9983208670849515	6.024158074741486	0.02270612830435198	1.984192623382180
190777018727272.7	0.02243010567378225	1.981621062167254	0.9983167552589110	6.135405011552884	0.9983167552589110	6.135405011552884	0.02243010567378225	1.981621062167254
190903194004208.8	0.02215288588119910	1.978317679281506	0.9983127666386037	6.246650417753948	0.9983127666386037	6.246650417753948	0.02215288588119910	1.978317679281506
191029369281144.8	0.02187560337264973	1.974260725923630	0.9983088566992336	6.357894251714372	0.9983088566992336	6.357894251714372	0.02187560337264973	1.974260725923630
191155544558080.8	0.02159939394759645	1.969431209176749	0.9983049839859681	6.469136469192574	0.9983049839859681	6.469136469192574	0.02159939394759645	1.969431209176749
191281719835016.8	0.02132538887167154	1.963813200220576	0.9983011102303216	6.580377023550613	0.9983011102303216	6.580377023550613	0.02132538887167154	1.963813200220576
191407895111952.8	0.02105470899950624	1.957394146962034	0.9982972004555645	6.691615865974490	0.9982972004555645	6.691615865974490	0.02105470899950624	1.957394146962034
191534070388888.9	0.02078845894756006	1.950165186377364	0.9982932230703823	6.802852945700679	0.9982932230703823	6.802852945700679	0.02078845894756006	1.950165186377364
191660245665824.9	0.02052772135562023	1.942121450964986	0.9982891499498366	6.914088210247678	0.9982891499498366	6.914088210247678	0.02052772135562023	1.942121450964986
191786420942760.9	0.02027355127466965	1.933262362814615	0.9982849565027713	7.025321605653309	0.9982849565027713	7.025321605653309	0.02027355127466965	1.933262362814615
191912596219697.0	0.02002697071773689	1.923591907961120	0.9982806217247878	7.136553076715901	0.9982806217247878	7.136553076715901	0.02002697071773689	1.923591907961120
192038771496633.0	0.01978896340928828	1.913118882966723	0.9982761282359490	7.247782567239190	0.9982761282359490	7.247782567239190	0.01978896340928828	1.913118882966723
192164946773569.0	0.01956046976778122	1.901857105121619	0.9982714623024638	7.359010020279728	0.9982714623024638	7.359010020279728	0.01956046976778122	1.901857105121619
192291122050505.0	0.01934238215505480	1.889825577333480	0.9982666138418085	7.470235378395294	0.9982666138418085	7.470235378395294	0.01934238215505480	1.889825577333480
192417297327441.1	0.01913554042521737	1.877048598770689	0.9982615764107815	7.581458583893761	0.9982615764107815	7.581458583893761	0.01913554042521737	1.877048598770689
192543472604377.1	0.01894072780464088	1.863555812678240	0.9982563471762249	7.692679579079728	0.9982563471762249	7.692679579079728	0.01894072780464088	1.863555812678240
192669647881313.1	0.01875866713334806	1.849382183553669	0.9982509268683637	7.803898306498553	0.9982509268683637	7.803898306498553	0.01875866713334806	1.849382183553669
192795823158249.2	0.01859001749646316	1.834567897092325	0.9982453197168630	7.915114709175365	0.9982453197168630	7.915114709175365	0.01859001749646316	1.834567897092325
192921998435185.2	0.01843537127232185	1.819158177977199	0.9982395333699896	8.026328730848130	0.9982395333699896	8.026328730848130	0.01843537127232185	1.819158177977199
193048173712121.2	0.01829525162118732	1.803203022681682	0.9982335787973853	8.137540316192464	0.9982335787973853	8.137540316192464	0.01829525162118732	1.803203022681682
193174348989057.3	0.01817011043528596	1.786756846917321	0.9982274701772832	8.248749411037307	0.9982274701772832	8.248749411037307	0.01817011043528596	1.786756846917321
193300524265993.3	0.01806032676683414	1.769878050085723	0.9982212247691138	8.359955962569559	0.9982212247691138	8.359955962569559	0.01806032676683414	1.769878050085723
193426699542929.3	0.01796620574606651	1.752628501973343	0.9982148627726680	8.471159919526702	0.9982148627726680	8.471159919526702	0.01796620574606651	1.752628501973343
193552874819865.3	0.01788797799596339	1.735072959794098	0.9982084071751255	8.582361232375966	0.9982084071751255	8.582361232375966	0.01788797799596339	1.735072959794098
193679050096801.3	0.01782579954446753	1.717278426384154	0.9982018835875430	8.693559853479224	0.9982018835875430	8.693559853479224	0.01782579954446753	1.717278426384154
193805225373737.4	0.01777975222878660	1.699313462712917	0.9981953200721422	8.804755737242694	0.9981953200721422	8.804755737242694	0.01777975222878660	1.699313462712917
193931400650673.4	0.01774984458007996	1.681247469742171	0.9981887469623673	8.915948840250904	0.9981887469623673	8.915948840250904	0.01774984458007996	1.681247469742171
194057575927609.4	0.01773601317061419	1.663149955922306	0.9981821966772285	9.027139121384359	0.9981821966772285	9.027139121384359	0.01773601317061419	1.663149955922306
194183751204545.4	0.01773812439969069	1.645089807172166	0.9981757035318107	9.138326541921138	0.9981757035318107	9.138326541921138	0.01773812439969069	1.645089807172166
194309926481481.5	0.01775597668958905	1.627134576011141	0.9981693035455831	9.249511065622077	0.9981693035455831	9.249511065622077	0.01775597668958905	1.627134576011141
194436101758417.5	0.01778930305847406	1.609349805625599	0.9981630342503982	9.360692658799792	0.9981630342503982	9.360692658799792	0.01778930305847406	1.609349805625599
194562277035353.5	0.01783777403400273	1.591798403106158	0.9981569344995457	9.471871290372269	0.9981569344995457	9.471871290372269	0.01783777403400273	1.591798403106158
194688452312289.6	0.01790100086927425	1.574540074012960	0.9981510442796934	9.583046931901770	0.9981510442796934	9.583046931901770	0.01790100086927425	1.574540074012960
194814627589225.6	0.01797853902170534	1.557630827944966	0.9981454045268730	9.694219557619382	0.9981454045268730	9.694219557619382	0.01797853902170534	1.557630827944966
194940802866161.6	0.01806989185540072	1.541122562065504	0.9981400569479436	9.805389144436715	0.9981400569479436	9.805389144436715	0.01806989185540072	1.541122562065504
195066978143097.6	0.01817451452847924	1.525062726729703	0.9981350438485133	9.916555671945597	0.9981350438485133	9.916555671945597	0.01817451452847924	1.525062726729703
195193153420033.7	0.01829181802841611	1.509494074631968	0.9981304079682973	10.02771912240717	0.9981304079682973	10.02771912240717	0.01829181802841611	1.509494074631968
195319328696969.7	0.01842117332053070	1.494454492355131	0.9981261923245839	10.13887948073148	0.9981261923245839	10.13887948073148	0.01842117332053070	1.494454492355131
195445503973905.7	0.01856191557715558	1.479976910981774	0.9981224400643418	10.25003673444918	0.9981224400643418	10.25003673444918	0.01856191557715558	1.479976910981774
195571679250841.8	0.01871334845759745	1.466089290576737	0.9981191943252539	10.36119087367644	0.9981191943252539	10.36119087367644	0.01871334845759745	1.466089290576737
195697854527777.8	0.01887474841136166	1.452814671914358	0.9981164981058593	10.47234189107452	0.9981164981058593	10.47234189107452	0.01887474841136166	1.452814671914358
195824029804713.8	0.01904536897953971	1.440171287810485	0.9981143941445694	10.58348978180554	0.9981143941445694	10.58348978180554	0.01904536897953971	1.440171287810485
195950205081649.8	0.01922444507122793	1.428172725811902	0.9981129248074790	10.69463454348519	0.9981129248074790	10.69463454348519	0.01922444507122793	1.428172725811902
196076380358585.8	0.01941119719360007	1.416828133753709	0.9981121319843724	10.80577617613418	0.9981121319843724	10.80577617613418	0.01941119719360007	1.416828133753709
196202555635521.9	0.01960483561578732	1.406142459774001	0.9981120569924501	10.91691468212847	0.9981120569924501	10.91691468212847	0.01960483561578732	1.406142459774001
196328730912457.9	0.01980456444777355	1.396116718712400	0.9981127404869651	11.02805006615060	0.9981127404869651	11.02805006615060	0.01980456444777355	1.396116718712400
196454906189393.9	0.02000958561655353	1.386748277354427	0.9981142223780347	11.13918233514141	0.9981142223780347	11.13918233514141	0.02000958561655353	1.386748277354427
196581081466330.0	0.02021910272249326	1.378031151665938	0.9981165417526470	11.25031149825365	0.9981165417526470	11.25031149825365	0.02021910272249326	1.378031151665938
196707256743266.0	0.02043232475949737	1.369956309925723	0.9981197368009437	11.36143756680757	0.9981197368009437	11.36143756680757	0.02043232475949737	1.369956309925723
196833432020202.0	0.02064846968317349	1.362511976476565	0.9981238447457802	11.47256055424872	0.9981238447457802	11.47256055424872	0.02064846968317349	1.362511976476565
196959607297138.0	0.02086676781177283	1.355683931628772	0.9981289017745484	11.58368047610803	0.9981289017745484	11.58368047610803	0.02086676781177283	1.355683931628772
197085782574074.1	0.02108646504536465	1.349455804033990	0.9981349429723391	11.69479734996412	0.9981349429723391	11.69479734996412	0.02108646504536465	1.349455804033990
197211957851010.1	0.02130682588943239	1.343809352592556	0.9981420022554887	11.80591119540750	0.9981420022554887	11.80591119540750	0.02130682588943239	1.343809352592556
197338133127946.1	0.02152713627000676	1.338724735626568	0.9981501123047080	11.91702203400619	0.9981501123047080	11.91702203400619	0.02152713627000676	1.338724735626568
197464308404882.2	0.02174670612846802	1.334180765655149	0.9981593044969871	12.02812988927215	0.9981593044969871	12.02812988927215	0.02174670612846802	1.334180765655149
197590483681818.2	0.02196487178541385	1.330155148634959	0.9981696088357435	12.13923478662826	0.9981696088357435	12.13923478662826	0.02196487178541385	1.330155148634959
197716658958754.2	0.02218099806433995	1.326624706972479	0.9981810538786182	12.25033675337425	0.9981810538786182	12.25033675337425	0.02218099806433995	1.326624706972479
197842834235690.2	0.02239448016746237	1.323565585991561	0.9981936666626378	12.36143581865165	0.9981936666626378	12.36143581865165	0.02239448016746237	1.323565585991561
197969009512626.3	0.02260474529774345	1.320953443838556	0.9982074726264983	12.47253201340583	0.9982074726264983	12.47253201340583	0.02260474529774345	1.320953443838556
198095184789562.3	0.02281125402301398	1.318763625051400	0.9982224955299632	12.58362537034538	0.9982224955299632	12.58362537034538	0.02281125402301398	1.318763625051400
198221360066498.3	0.02301350138010703	1.316971318199473	0.9982387573704913	12.69471592389672	0.9982387573704913	12.69471592389672	0.02301350138010703	1.316971318199473
198347535343434.3	0.02321101771897181	1.315551698136126	0.9982562782973330	12.80580371015393	0.9982562782973330	12.80580371015393	0.02321101771897181	1.315551698136126
198473710620370.4	0.02340336928895179	1.314480053500578	0.9982750765236292	12.91688876682222	0.9982750765236292	12.91688876682222	0.02340336928895179	1.314480053500578
198599885897306.4	0.02359015857153463	1.313731900163622	0.9982951682369364	13.02797113315475	0.9982951682369364	13.02797113315475	0.02359015857153463	1.313731900163622
198726061174242.4	0.02377102436625623	1.313283081343083	0.9983165675090959	13.13905084988211	0.9983165675090959	13.13905084988211	0.02377102436625623	1.313283081343083
198852236451178.4	0.02394564163848295	1.313109855123344	0.9983392862060615	13.25012795913321	0.9983392862060615	13.25012795913321	0.02394564163848295	1.313109855123344
198978411728114.5	0.02411372114014965	1.313188970110759	0.9983633338987689	13.36120250434800	0.9983633338987689	13.36120250434800	0.02411372114014965	1.313188970110759
199104587005050.5	0.02427500881651391	1.313497729931548	0.9983887177759706	13.47227453018094	0.9983887177759706	13.47227453018094	0.02427500881651391	1.313497729931548
199230762281986.5	0.02442928501404226	1.314014047261545	0.9984154425601500	13.58334408239590	0.9984154425601500	13.58334408239590	0.02442928501404226	1.314014047261545
199356937558922.6	0.02457636350638676	1.314716488042758	0.9984435104275377	13.69441120775137	0.9984435104275377	13.69441120775137	0.02457636350638676	1.314716488042758
199483112835858.6	0.02471609035709317	1.315584306512006	0.9984729209334295	13.80547595387725	0.9984729209334295	13.80547595387725	0.02471609035709317	1.315584306512006
199609288112794.6	0.02484834263915585	1.316597471642688	0.9985036709437996	13.91653836914297	0.9985036709437996	13.91653836914297	0.02484834263915585	1.316597471642688
199735463389730.6	0.02497302703277838	1.317736685570068	0.9985357545743182	14.02759850251715	0.9985357545743182	14.02759850251715	0.02497302703277838	1.317736685570068
199861638666666.7	0.02509007832369515	1.318983394555239	0.9985691631377226	14.13865640342046	0.9985691631377226	14.13865640342046	0.02509007832369515	1.318983394555239
