187370286250000.0	0.01952415403580501	2.033165488198404	0.9940882630299334	1.357900628723897	0.9940882630299334	1.357900628723897	0.01952415403580501	2.033165488198404
187496461526936.0	0.01940933397549170	2.032843730087402	0.9940912305891758	1.398507672884521	0.9940912305891758	1.398507672884521	0.01940933397549170	2.032843730087402
187622636803872.1	0.01929001357216710	2.032313725637978	0.9940952948183356	1.439113301385377	0.9940952948183356	1.439113301385377	0.01929001357216710	2.032313725637978
187748812080808.1	0.01916646393405289	2.031554436226719	0.9941003833100978	1.479717590588656	0.9941003833100978	1.479717590588656	0.01916646393405289	2.031554436226719
187874987357744.1	0.01903898403931404	2.030545251255635	0.9941064203946778	1.520320610309673	0.9941064203946778	1.520320610309673	0.01903898403931404	2.030545251255635
188001162634680.1	0.01890789908881827	2.029266090398462	0.9941133276627873	1.560922423760544	0.9941133276627873	1.560922423760544	0.01890789908881827	2.029266090398462
188127337911616.2	0.01877355874363891	2.027697509354297	0.9941210244761920	1.601523087530127	0.9941210244761920	1.601523087530127	0.01877355874363891	2.027697509354297
188253513188552.2	0.01863633525182220	2.025820809524004	0.9941294284639943	1.642122651598183	0.9941294284639943	1.642122651598183	0.01863633525182220	2.025820809524004
188379688465488.2	0.01849662146824072	2.023618151867657	0.9941384560028558	1.682721159381560	0.9941384560028558	1.682721159381560	0.01849662146824072	2.023618151867657
188505863742424.3	0.01835482877057234	2.021072675029457	0.9941480226798302	1.723318647810112	0.9941480226798302	1.723318647810112	0.01835482877057234	2.021072675029457
188632039019360.3	0.01821138487439609	2.018168617592393	0.9941580437363797	1.763915147430310	0.9941580437363797	1.763915147430310	0.01821138487439609	2.018168617592393
188758214296296.3	0.01806673154995112	2.014891444090900	0.9941684344926670	1.804510682534112	0.9941684344926670	1.804510682534112	0.01806673154995112	2.014891444090900
188884389573232.3	0.01792132224358631	2.011227974128097	0.9941791107511254	1.845105271311142	0.9941791107511254	1.845105271311142	0.01792132224358631	2.011227974128097
189010564850168.3	0.01777561960741664	2.007166513646195	0.9941899891786828	1.885698926021729	0.9941899891786828	1.885698926021729	0.01777561960741664	2.007166513646195
189136740127104.4	0.01763009294161468	2.002696987072453	0.9942009876670760	1.926291653189110	0.9942009876670760	1.926291653189110	0.01763009294161468	2.002696987072453
189262915404040.4	0.01748521555511007	1.997811068720333	0.9942120256708836	1.966883453808356	0.9942120256708836	1.966883453808356	0.01748521555511007	1.997811068720333
189389090680976.4	0.01734146205223929	1.992502311482463	0.9942230245230564	2.007474323570286	0.9942230245230564	2.007474323570286	0.01734146205223929	1.992502311482463
189515265957912.5	0.01719930555488990	1.986766270500207	0.9942339077278256	2.048064253098350	0.9942339077278256	2.048064253098350	0.01719930555488990	1.986766270500207
189641441234848.5	0.01705921487227608	1.980600619181158	0.9942446012310409	2.088653228196635	0.9942446012310409	2.088653228196635	0.01705921487227608	1.980600619181158
189767616511784.5	0.01692165163326417	1.974005254638933	0.9942550336680339	2.129241230107430	0.9942550336680339	2.129241230107430	0.01692165163326417	1.974005254638933
189893791788720.5	0.01678706739920797	1.966982389408921	0.9942651365892911	2.169828235776322	0.9942651365892911	2.169828235776322	0.01678706739920797	1.966982389408921
190019967065656.6	0.01665590077855521	1.959536626132952	0.9942748446642122	2.210414218123562	0.9942748446642122	2.210414218123562	0.01665590077855521	1.959536626132952
190146142342592.6	0.01652857456780971	1.951675011857468	0.9942840958633928	2.250999146320119	0.9942840958633928	2.250999146320119	0.01652857456780971	1.951675011857468
190272317619528.6	0.01640549294657575	1.943407068648941	0.9942928316198869	2.291582986066928	0.9942928316198869	2.291582986066928	0.01640549294657575	1.943407068648941
190398492896464.7	0.01628703875749418	1.934744797434067	0.9943009969699923	2.332165699876109	0.9943009969699923	2.332165699876109	0.01628703875749418	1.934744797434067
190524668173400.7	0.01617357090440120	1.925702652314801	0.9943085406741449	2.372747247352907	0.9943085406741449	2.372747247352907	0.01617357090440120	1.925702652314801
190650843450336.7	0.01606542190384667	1.916297483117277	0.9943154153185660	2.413327585477214	0.9943154153185660	2.413327585477214	0.01606542190384667	1.916297483117277
190777018727272.7	0.01596289562645997	1.906548444578663	0.9943215773983023	2.453906668883621	0.9943215773983023	2.453906668883621	0.01596289562645997	1.906548444578663
190903194004208.8	0.01586626526456530	1.896476871375952	0.9943269873824026	2.494484450139061	0.9943269873824026	2.494484450139061	0.01586626526456530	1.896476871375952
191029369281144.8	0.01577577156161749	1.886106119109253	0.9943316097619133	2.535060880017037	0.9943316097619133	2.535060880017037	0.01577577156161749	1.886106119109253
191155544558080.8	0.01569162133680451	1.875461372346590	0.9943354130814442	2.575635907767904	0.9943354130814442	2.575635907767904	0.01569162133680451	1.875461372346590
191281719835016.8	0.01561398633465185	1.864569421880771	0.9943383699550885	2.616209481384105	0.9943383699550885	2.616209481384105	0.01561398633465185	1.864569421880771
191407895111952.8	0.01554300242486547	1.853458414378998	0.9943404570673936	2.656781547859998	0.9943404570673936	2.656781547859998	0.01554300242486547	1.853458414378998
191534070388888.9	0.01547876917175458	1.842157578588933	0.9943416551602003	2.697352053445547	0.9943416551602003	2.697352053445547	0.01547876917175458	1.842157578588933
191660245665824.9	0.01542134978575263	1.830696933123894	0.9943419490060853	2.737920943893363	0.9943419490060853	2.737920943893363	0.01542134978575263	1.830696933123894
191786420942760.9	0.01537077146203943	1.819106981560725	0.9943413273691432	2.778488164698708	0.9943413273691432	2.778488164698708	0.01537077146203943	1.819106981560725
191912596219697.0	0.01532702610318500	1.807418401084028	0.9943397829539038	2.819053661331902	0.9943397829539038	2.819053661331902	0.01532702610318500	1.807418401084028
192038771496633.0	0.01529007141457249	1.795661731180220	0.9943373123430536	2.859617379462930	0.9943373123430536	2.859617379462930	0.01529007141457249	1.795661731180220
192164946773569.0	0.01525983235339778	1.783867068904087	0.9943339159247302	2.900179265177947	0.9943339159247302	2.900179265177947	0.01525983235339778	1.783867068904087
192291122050505.0	0.01523620290452503	1.772063777007504	0.9943295978100829	2.940739265187247	0.9943295978100829	2.940739265187247	0.01523620290452503	1.772063777007504
192417297327441.1	0.01521904814993212	1.760280210751226	0.9943243657417678	2.981297327024761	0.9943243657417678	2.981297327024761	0.01521904814993212	1.760280210751226
192543472604377.1	0.01520820659284149	1.748543468540935	0.9943182309940687	3.021853399238564	0.9943182309940687	3.021853399238564	0.01520820659284149	1.748543468540935
192669647881313.1	0.01520349269346738	1.736879170681839	0.9943112082652700	3.062407431572706	0.9943112082652700	3.062407431572706	0.01520349269346738	1.736879170681839
192795823158249.2	0.01520469957037749	1.725311269576985	0.9943033155629468	3.102959375139820	0.9943033155629468	3.102959375139820	0.01520469957037749	1.725311269576985
192921998435185.2	0.01521160182011357	1.713861893661905	0.9942945740827169	3.143509182584763	0.9942945740827169	3.143509182584763	0.01521160182011357	1.713861893661905
193048173712121.2	0.01522395840766180	1.702551226315598	0.9942850080811131	3.184056808239005	0.9942850080811131	3.184056808239005	0.01522395840766180	1.702551226315598
193174348989057.3	0.01524151558171752	1.691397419975701	0.9942746447430604	3.224602208266049	0.9942746447430604	3.224602208266049	0.01524151558171752	1.691397419975701
193300524265993.3	0.01526400977113762	1.680416544746349	0.9942635140445808	3.265145340797538	0.9942635140445808	3.265145340797538	0.01526400977113762	1.680416544746349
193426699542929.3	0.01529117042239756	1.669622569965352	0.9942516486111639	3.305686166060420	0.9942516486111639	3.305686166060420	0.01529117042239756	1.669622569965352
193552874819865.3	0.01532272274200902	1.659027376503010	0.9942390835723727	3.346224646494834	0.9942390835723727	3.346224646494834	0.01532272274200902	1.659027376503010
193679050096801.3	0.01535839031263377	1.648640797029917	0.9942258564130849	3.386760746863291	0.9942258564130849	3.386760746863291	0.01535839031263377	1.648640797029917
193805225373737.4	0.01539789755643115	1.638470681097502	0.9942120068219167	3.427294434350692	0.9942120068219167	3.427294434350692	0.01539789755643115	1.638470681097502
193931400650673.4	0.01544097202439404	1.628522981639501	0.9941975765371559	3.467825678655692	0.9941975765371559	3.467825678655692	0.01544097202439404	1.628522981639501
194057575927609.4	0.01548734649525170	1.618801859395391	0.9941826091907173	3.508354452073195	0.9941826091907173	3.508354452073195	0.01548734649525170	1.618801859395391
194183751204545.4	0.01553676087231924	1.609309801775680	0.9941671501504461	3.548880729568396	0.9941671501504461	3.548880729568396	0.01553676087231924	1.609309801775680
194309926481481.5	0.01558896387097817	1.600047752802559	0.9941512463611897	3.589404488842276	0.9941512463611897	3.589404488842276	0.01558896387097817	1.600047752802559
194436101758417.5	0.01564371449337824	1.591015250956240	0.9941349461849622	3.629925710388678	0.9941349461849622	3.629925710388678	0.01564371449337824	1.591015250956240
194562277035353.5	0.01570078329050224	1.582210572008165	0.9941182992405669	3.670444377543221	0.9941182992405669	3.670444377543221	0.01570078329050224	1.582210572008165
194688452312289.6	0.01575995341449080	1.573630874215957	0.9941013562429901	3.710960476524189	0.9941013562429901	3.710960476524189	0.01575995341449080	1.573630874215957
194814627589225.6	0.01582102146673813	1.565272343565059	0.9940841688428904	3.751473996465392	0.9940841688428904	3.751473996465392	0.01582102146673813	1.565272343565059
194940802866161.6	0.01588379814908023	1.557130337060813	0.9940667894664378	3.791984929441284	0.9940667894664378	3.791984929441284	0.01588379814908023	1.557130337060813
195066978143097.6	0.01594810872707798	1.549199522385724	0.9940492711558436	3.832493270484379	0.9940492711558436	3.832493270484379	0.01594810872707798	1.549199522385724
195193153420033.7	0.01601379331536380	1.541474012533442	0.9940316674107884	3.872999017595379	0.9940316674107884	3.872999017595379	0.01601379331536380	1.541474012533442
195319328696969.7	0.01608070699596222	1.533947494301885	0.9940140320310504	3.913502171745698	0.9940140320310504	3.913502171745698	0.01608070699596222	1.533947494301885
195445503973905.7	0.01614871978084423	1.526613349778360	0.9939964189605168	3.954002736873049	0.9939964189605168	3.954002736873049	0.01614871978084423	1.526613349778360
195571679250841.8	0.01621771643039012	1.519464770162969	0.9939788821328872	3.994500719869871	0.9939788821328872	3.994500719869871	0.01621771643039012	1.519464770162969
195697854527777.8	0.01628759613937012	1.512494861469090	0.9939614753192061	4.034996130565028	0.9939614753192061	4.034996130565028	0.01628759613937012	1.512494861469090
195824029804713.8	0.01635827210205224	1.505696741796788	0.9939442519774968	4.075488981698736	0.9939442519774968	4.075488981698736	0.01635827210205224	1.505696741796788
195950205081649.8	0.01642967096790722	1.499063630010135	0.9939272651046472	4.115979288890960	0.9939272651046472	4.115979288890960	0.01642967096790722	1.499063630010135
196076380358585.8	0.01650173219894866	1.492588925754896	0.9939105670907962	4.156467070603514	0.9939105670907962	4.156467070603514	0.01650173219894866	1.492588925754896
196202555635521.9	0.01657440733974984	1.486266280845632	0.9938942095763050	4.196952348095877	0.9938942095763050	4.196952348095877	0.01657440733974984	1.486266280845632
196328730912457.9	0.01664765921053722	1.480089662114037	0.9938782433116130	4.237435145375008	0.9938782433116130	4.237435145375008	0.01664765921053722	1.480089662114037
196454906189393.9	0.01672146103373064	1.474053405868242	0.9938627180200350	4.277915489139312	0.9938627180200350	4.277915489139312	0.01672146103373064	1.474053405868242
196581081466330.0	0.01679579550372295	1.468152264152454	0.9938476822637162	4.318393408716768	0.9938476822637162	4.318393408716768	0.01679579550372295	1.468152264152454
196707256743266.0	0.01687065380964423	1.462381443027885	0.9938331833128835	4.358868935997677	0.9938331833128835	4.358868935997677	0.01687065380964423	1.462381443027885
196833432020202.0	0.01694603462037391	1.456736633121174	0.9938192670185168	4.399342105361862	0.9938192670185168	4.399342105361862	0.01694603462037391	1.456736633121174
196959607297138.0	0.01702194304089956	1.451214032705807	0.9938059776886346	4.439812953600799	0.9938059776886346	4.439812953600799	0.01702194304089956	1.451214032705807
197085782574074.1	0.01709838954886013	1.445810363599446	0.9937933579682560	4.480281519834433	0.9937933579682560	4.480281519834433	0.01709838954886013	1.445810363599446
197211957851010.1	0.01717538891983749	1.440522880176136	0.9937814487232306	4.520747845423412	0.9937814487232306	4.520747845423412	0.01717538891983749	1.440522880176136
197338133127946.1	0.01725295914978329	1.435349371804722	0.9937702889280043	4.561211973876362	0.9937702889280043	4.561211973876362	0.01725295914978329	1.435349371804722
197464308404882.2	0.01733112038269807	1.430288159044298	0.9937599155575180	4.601673950752683	0.9937599155575180	4.601673950752683	0.01733112038269807	1.430288159044298
197590483681818.2	0.01740989385138633	1.425338083939374	0.9937503634832308	4.642133823560883	0.9937503634832308	4.642133823560883	0.01740989385138633	1.425338083939374
197716658958754.2	0.01748930083898963	1.420498494778031	0.9937416653735293	4.682591641652799	0.9937416653735293	4.682591641652799	0.01748930083898963	1.420498494778031
197842834235690.2	0.01756936166855904	1.415769225692612	0.9937338515984806	4.723047456113666	0.9937338515984806	4.723047456113666	0.01756936166855904	1.415769225692612
197969009512626.3	0.01765009472767092	1.411150571500669	0.9937269501391748	4.763501319648275	0.9937269501391748	4.763501319648275	0.01765009472767092	1.411150571500669
198095184789562.3	0.01773151553480546	1.406643258205179	0.9937209865015978	4.803953286463423	0.9937209865015978	4.803953286463423	0.01773151553480546	1.406643258205179
198221360066498.3	0.01781363585369638	1.402248409586673	0.9937159836352951	4.844403412146917	0.9937159836352951	4.844403412146917	0.01781363585369638	1.402248409586673
198347535343434.3	0.01789646286148031	1.397967510340732	0.9937119618567840	4.884851753543060	0.9937119618567840	4.884851753543060	0.01789646286148031	1.397967510340732
198473710620370.4	0.01797999837602610	1.393802366226563	0.9937089387778908	4.925298368625002	0.9937089387778908	4.925298368625002	0.01797999837602610	1.393802366226563
198599885897306.4	0.01806423814723350	1.389755061702902	0.9937069292390455	4.965743316364023	0.9937069292390455	4.965743316364023	0.01806423814723350	1.389755061702902
198726061174242.4	0.01814917121660842	1.385827915539312	0.9937059452476574	5.006186656596089	0.9937059452476574	5.006186656596089	0.01814917121660842	1.385827915539312
198852236451178.4	0.01823477934872536	1.382023434889351	0.9937059959216226	5.046628449885569	0.9937059959216226	5.046628449885569	0.01823477934872536	1.382023434889351
198978411728114.5	0.01832103653768500	1.378344268315111	0.9937070874380599	5.087068757386568	0.9937070874380599	5.087068757386568	0.01832103653768500	1.378344268315111
199104587005050.5	0.01840790859090189	1.374793158243817	0.9937092229873515	5.127507640701900	0.9937092229873515	5.127507640701900	0.01840790859090189	1.374793158243817
199230762281986.5	0.01849535279199875	1.371372893325310	0.9937124027325466	5.167945161740027	0.9937124027325466	5.167945161740027	0.01849535279199875	1.371372893325310
199356937558922.6	0.01858331764383093	1.368086261144389	0.9937166237742224	5.208381382569931	0.9937166237742224	5.208381382569931	0.01858331764383093	1.368086261144389
199483112835858.6	0.01867174269206641	1.364936001713820	0.9937218801208644	5.248816365274317	0.9937218801208644	5.248816365274317	0.01867174269206641	1.364936001713820
199609288112794.6	0.01876055842906107	1.361924762153937	0.9937281626648193	5.289250171801214	0.9937281626648193	5.289250171801214	0.01876055842906107	1.361924762153937
199735463389730.6	0.01884968627712919	1.359055052922785	0.9937354591639126	5.329682863814207	0.9937354591639126	5.329682863814207	0.01884968627712919	1.359055052922785
199861638666666.7	0.01893903864975332	1.356329205934407	0.9937437542287998	5.370114502541450	0.9937437542287998	5.370114502541450	0.01893903864975332	1.356329205934407
