187370286250000.0	0.02196094917106347	1.801838674827266	0.9508512570798398	-2.673049152110110	0.9508512570798398	-2.673049152110110	0.02196094917106347	1.801838674827266
187496461526936.0	0.02196542062662854	1.797726456503847	0.9508171090023304	-2.602542716056167	0.9508171090023304	-2.602542716056167	0.02196542062662854	1.797726456503847
187622636803872.1	0.02197002596241394	1.793621989512245	0.9507839627482453	-2.532037592844735	0.9507839627482453	-2.532037592844735	0.02197002596241394	1.793621989512245
187748812080808.1	0.02197481253925334	1.789518308003795	0.9507517540467405	-2.461533715102914	0.9507517540467405	-2.461533715102914	0.02197481253925334	1.789518308003795
187874987357744.1	0.02197985208168556	1.785409036830883	0.9507204159950381	-2.391031021118729	0.9507204159950381	-2.391031021118729	0.02197985208168556	1.785409036830883
188001162634680.1	0.02198523825139967	1.781288528778138	0.9506898794763659	-2.320529454872450	0.9506898794763659	-2.320529454872450	0.02198523825139967	1.781288528778138
188127337911616.2	0.02199108390029440	1.777151983706028	0.9506600735652397	-2.250028966040578	0.9506600735652397	-2.250028966040578	0.02199108390029440	1.777151983706028
188253513188552.2	0.02199751806057631	1.772995548286556	0.9506309259191774	-2.179529509974133	0.9506309259191774	-2.179529509974133	0.02199751806057631	1.772995548286556
188379688465488.2	0.02200468273130103	1.768816395290602	0.9506023631561252	-2.109031047653572	0.9506023631561252	-2.109031047653572	0.02200468273130103	1.768816395290602
188505863742424.3	0.02201272952175695	1.764612781692250	0.9505743112170287	-2.038533545622057	0.9505743112170287	-2.038533545622057	0.02201272952175695	1.764612781692250
188632039019360.3	0.02202181621244259	1.760384085149319	0.9505466957131979	-1.968036975899179	0.9505466957131979	-1.968036975899179	0.02202181621244259	1.760384085149319
188758214296296.3	0.02203210329405269	1.756130818749424	0.9505194422581851	-1.897541315876520	0.9505194422581851	-1.897541315876520	0.02203210329405269	1.756130818749424
188884389573232.3	0.02204375054359112	1.751854624234015	0.9504924767839805	-1.827046548196853	0.9504924767839805	-1.827046548196853	0.02204375054359112	1.751854624234015
189010564850168.3	0.02205691369476492	1.747558244260325	0.9504657258415357	-1.756552660618663	0.9504657258415357	-1.756552660618663	0.02205691369476492	1.747558244260325
189136740127104.4	0.02207174125700720	1.743245474601453	0.9504391168855635	-1.686059645867049	0.9504391168855635	-1.686059645867049	0.02207174125700720	1.743245474601453
189262915404040.4	0.02208837153371870	1.738921097535608	0.9504125785437817	-1.615567501472631	0.9504125785437817	-1.615567501472631	0.02208837153371870	1.738921097535608
189389090680976.4	0.02210692988595996	1.734590798003779	0.9503860408706052	-1.545076229599399	0.9503860408706052	-1.545076229599399	0.02210692988595996	1.734590798003779
189515265957912.5	0.02212752628244499	1.730261064431217	0.9503594355856040	-1.474585836863014	0.9503594355856040	-1.474585836863014	0.02212752628244499	1.730261064431217
189641441234848.5	0.02215025317090014	1.725939076386885	0.9503326962967817	-1.404096334140162	0.9503326962967817	-1.404096334140162	0.02215025317090014	1.725939076386885
189767616511784.5	0.02217518369912234	1.721632581495026	0.9503057587089614	-1.333607736370053	0.9503057587089614	-1.333607736370053	0.02217518369912234	1.721632581495026
189893791788720.5	0.02220237030729113	1.717349764198073	0.9502785608174618	-1.263120062349263	0.9502785608174618	-1.263120062349263	0.02220237030729113	1.717349764198073
190019967065656.6	0.02223184370550495	1.713099109096053	0.9502510430872734	-1.192633334520154	0.9502510430872734	-1.192633334520154	0.02223184370550495	1.713099109096053
190146142342592.6	0.02226361224325855	1.708889261646014	0.9502231486179711	-1.122147578754115	0.9502231486179711	-1.122147578754115	0.02226361224325855	1.708889261646014
190272317619528.6	0.02229766166993102	1.704728888995156	0.9501948232945219	-1.051662824129992	0.9501948232945219	-1.051662824129992	0.02229766166993102	1.704728888995156
190398492896464.7	0.02233395527822935	1.700626543637462	0.9501660159242266	-0.9811791027087438	0.9501660159242266	-0.9811791027087438	0.02233395527822935	1.700626543637462
190524668173400.7	0.02237243441557969	1.696590532439233	0.9501366783599217	-0.9106964493045325	0.9501366783599217	-0.9106964493045325	0.02237243441557969	1.696590532439233
190650843450336.7	0.02241301934220843	1.692628793363463	0.9501067656096589	-0.8402149012530541	0.9501067656096589	-0.8402149012530541	0.02241301934220843	1.692628793363463
190777018727272.7	0.02245561040897092	1.688748781964906	0.9500762359330012	-0.7697344981778983	0.9500762359330012	-0.7697344981778983	0.02245561040897092	1.688748781964906
190903194004208.8	0.02250008952323904	1.684957369419235	0.9500450509240576	-0.6992552817550940	0.9500450509240576	-0.6992552817550940	0.02250008952323904	1.684957369419235
191029369281144.8	0.02254632186717957	1.681260753514747	0.9500131755814492	-0.6287772954766944	0.9500131755814492	-0.6287772954766944	0.02254632186717957	1.681260753514747
191155544558080.8	0.02259415782985934	1.677664383680950	0.9499805783652844	-0.5583005844139322	0.9499805783652844	-0.5583005844139322	0.02259415782985934	1.677664383680950
191281719835016.8	0.02264343511254540	1.674172900770910	0.9499472312413271	-0.4878251949803056	0.9499472312413271	-0.4878251949803056	0.02264343511254540	1.674172900770910
191407895111952.8	0.02269398096559739	1.670790091960757	0.9499131097124600	-0.4173511746955794	0.9499131097124600	-0.4173511746955794	0.02269398096559739	1.670790091960757
191534070388888.9	0.02274561451514630	1.667518860797621	0.9498781928376271	-0.3468785719506464	0.9498781928376271	-0.3468785719506464	0.02274561451514630	1.667518860797621
191660245665824.9	0.02279814913850588	1.664361212119260	0.9498424632383614	-0.2764074357745320	0.9498424632383614	-0.2764074357745320	0.02279814913850588	1.664361212119260
191786420942760.9	0.02285139484864256	1.661318251295058	0.9498059070931164	-0.2059378156034900	0.9498059070931164	-0.2059378156034900	0.02285139484864256	1.661318251295058
191912596219697.0	0.02290516065020921	1.658390197003999	0.9497685141195388	-0.1354697610531792	0.9497685141195388	-0.1354697610531792	0.02290516065020921	1.658390197003999
192038771496633.0	0.02295925683218099	1.655576406571342	0.9497302775449339	-0.06500332169438029	0.9497302775449339	-0.06500332169438029	0.02295925683218099	1.655576406571342
192164946773569.0	0.02301349716524209	1.652875412733944	0.9496911940651565	0.005461453167256677	0.9496911940651565	0.005461453167256677	0.02301349716524209	1.652875412733944
192291122050505.0	0.02306770097533962	1.650284970595175	0.9496512637921285	0.07592451470652750	0.9496512637921285	0.07592451470652750	0.02306770097533962	1.650284970595175
192417297327441.1	0.02312169506848616	1.647802113455734	0.9496104901903759	0.1463858147889471	0.9496104901903759	0.1463858147889471	0.02312169506848616	1.647802113455734
192543472604377.1	0.02317531548540851	1.645423216173709	0.9495688800028022	0.2168453061748000	0.9495688800028022	0.2168453061748000	0.02317531548540851	1.645423216173709
192669647881313.1	0.02322840906844096	1.643144064695611	0.9495264431661373	0.2873029427169509	0.9495264431661373	0.2873029427169509	0.02322840906844096	1.643144064695611
192795823158249.2	0.02328083482662369	1.640959930423512	0.9494831927164429	0.3577586795514633	0.9494831927164429	0.3577586795514633	0.02328083482662369	1.640959930423512
192921998435185.2	0.02333246508853161	1.638865648121443	0.9494391446850501	0.4282124732806074	0.9494391446850501	0.4282124732806074	0.02333246508853161	1.638865648121443
193048173712121.2	0.02338318643572017	1.636855696118947	0.9493943179854604	0.4986642821478353	0.9493943179854604	0.4986642821478353	0.02338318643572017	1.636855696118947
193174348989057.3	0.02343290041293452	1.634924277640320	0.9493487342916669	0.5691140662038687	0.9493487342916669	0.5691140662038687	0.02343290041293452	1.634924277640320
193300524265993.3	0.02348152401417418	1.633065402159203	0.9493024179084907	0.6395617874638306	0.9493024179084907	0.6395617874638306	0.02348152401417418	1.633065402159203
193426699542929.3	0.02352898994655833	1.631272965761219	0.9492553956343829	0.7100074100548259	0.9492553956343829	0.7100074100548259	0.02352898994655833	1.631272965761219
193552874819865.3	0.02357524667653113	1.629540829576331	0.9492076966174485	0.7804509003532764	0.9492076966174485	0.7804509003532764	0.02357524667653113	1.629540829576331
193679050096801.3	0.02362025826528315	1.627862895423978	0.9491593522051919	0.8508922271121134	0.9491593522051919	0.8508922271121134	0.02362025826528315	1.627862895423978
193805225373737.4	0.02366400400249599	1.626233177893710	0.9491103957886766	0.9213313615771513	0.9491103957886766	0.9213313615771513	0.02366400400249599	1.626233177893710
193931400650673.4	0.02370647784943343	1.624645872160824	0.9490608626418251	0.9917682775925719	0.9490608626418251	0.9917682775925719	0.02370647784943343	1.624645872160824
194057575927609.4	0.02374768770425594	1.623095416909570	0.9490107897564503	1.062202951694962	0.9490107897564503	1.062202951694962	0.02374768770425594	1.623095416909570
194183751204545.4	0.02378765450394511	1.621576551809718	0.9489602156738354	1.132635363196157	0.9489602156738354	1.132635363196157	0.02378765450394511	1.621576551809718
194309926481481.5	0.02382641117872369	1.620084369061246	0.9489091803134873	1.203065494254503	0.9489091803134873	1.203065494254503	0.02382641117872369	1.620084369061246
194436101758417.5	0.02386400147603367	1.618614358589884	0.9488577247998611	1.273493329934311	0.9488577247998611	1.273493329934311	0.02386400147603367	1.618614358589884
194562277035353.5	0.02390047867225904	1.617162446544842	0.9488058912877287	1.343918858253905	0.9488058912877287	1.343918858253905	0.02390047867225904	1.617162446544842
194688452312289.6	0.02393590419120643	1.615725026818620	0.9487537227869343	1.414342070221877	0.9487537227869343	1.414342070221877	0.02393590419120643	1.615725026818620
194814627589225.6	0.02397034614910575	1.614298985377116	0.9487012629872673	1.484762959861946	0.9487012629872673	1.484762959861946	0.02397034614910575	1.614298985377116
194940802866161.6	0.02400387784640624	1.612881717261866	0.9486485560841430	1.555181524226260	0.9486485560841430	1.555181524226260	0.02400387784640624	1.612881717261866
195066978143097.6	0.02403657622693013	1.611471136197850	0.9485956466057403	1.625597763397625	0.9485956466057403	1.625597763397625	0.02403657622693013	1.611471136197850
195193153420033.7	0.02406852032511708	1.610065676819018	0.9485425792423377	1.696011680480866	0.9485425792423377	1.696011680480866	0.02406852032511708	1.610065676819018
195319328696969.7	0.02409978972193855	1.608664289600349	0.9484893986784287	1.766423281583269	0.9484893986784287	1.766423281583269	0.02409978972193855	1.608664289600349
195445503973905.7	0.02413046302977452	1.607266428667844	0.9484361494282242	1.836832575784985	0.9484361494282242	1.836832575784985	0.02413046302977452	1.607266428667844
195571679250841.8	0.02416061642598280	1.605872032738825	0.9483828756751676	1.907239575099417	0.9483828756751676	1.907239575099417	0.02416061642598280	1.605872032738825
195697854527777.8	0.02419032225409761	1.604481499527334	0.9483296211159695	1.977644294424087	0.9483296211159695	1.977644294424087	0.02419032225409761	1.604481499527334
195824029804713.8	0.02421964771061858	1.603095654030156	0.9482764288096272	2.048046751482650	0.9482764288096272	2.048046751482650	0.02421964771061858	1.603095654030156
195950205081649.8	0.02424865363402031	1.601715711188617	0.9482233410319748	2.118446966758130	0.9482233410319748	2.118446966758130	0.02424865363402031	1.601715711188617
196076380358585.8	0.02427739341126564	1.600343233490758	0.9481703991360863	2.188844963418539	0.9481703991360863	2.188844963418539	0.02427739341126564	1.600343233490758
196202555635521.9	0.02430591201532212	1.598980084151915	0.9481176434189703	2.259240767234732	0.9481176434189703	2.259240767234732	0.02430591201532212	1.598980084151915
196328730912457.9	0.02433424518540379	1.597628376565576	0.9480651129947795	2.329634406491730	0.9480651129947795	2.329634406491730	0.02433424518540379	1.597628376565576
196454906189393.9	0.02436241875959720	1.596290420767716	0.9480128456749298	2.400025911893653	0.9480128456749298	2.400025911893653	0.02436241875959720	1.596290420767716
196581081466330.0	0.02439044816743725	1.594968667698923	0.9479608778552225	2.470415316463058	0.9479608778552225	2.470415316463058	0.02439044816743725	1.594968667698923
196707256743266.0	0.02441833808765585	1.593665652069159	0.9479092444101852	2.540802655435408	0.9479092444101852	2.540802655435408	0.02441833808765585	1.593665652069159
196833432020202.0	0.02444608227412667	1.592383934647096	0.9478579785947603	2.611187966148898	0.9478579785947603	2.611187966148898	0.02444608227412667	1.592383934647096
196959607297138.0	0.02447366355064762	1.591126044793947	0.9478071119533763	2.681571287930870	0.9478071119533763	2.681571287930870	0.02447366355064762	1.591126044793947
197085782574074.1	0.02450105397284305	1.589894424045483	0.9477566742364039	2.751952661980717	0.9477566742364039	2.751952661980717	0.02450105397284305	1.589894424045483
197211957851010.1	0.02452821515333346	1.588691371519727	0.9477066933239698	2.822332131250518	0.9477066933239698	2.822332131250518	0.02452821515333346	1.588691371519727
197338133127946.1	0.02455509874399038	1.587518991885692	0.9476571951571333	2.892709740323556	0.9476571951571333	2.892709740323556	0.02455509874399038	1.587518991885692
197464308404882.2	0.02458164706723427	1.586379146578075	0.9476082036760537	2.963085535291448	0.9476082036760537	2.963085535291448	0.02458164706723427	1.586379146578075
197590483681818.2	0.02460779388629741	1.585273408878282	0.9475597407653161	3.033459563630441	0.9475597407653161	3.033459563630441	0.02460779388629741	1.585273408878282
197716658958754.2	0.02463346530280050	1.584203023414477	0.9475118262059237	3.103831874077194	0.9475118262059237	3.103831874077194	0.02463346530280050	1.584203023414477
197842834235690.2	0.02465858076845674	1.583168870554658	0.9474644776338462	3.174202516504892	0.9474644776338462	3.174202516504892	0.02465858076845674	1.583168870554658
197969009512626.3	0.02468305419643754	1.582171436088756	0.9474177105048475	3.244571541799629	0.9474177105048475	3.244571541799629	0.02468305419643754	1.582171436088756
198095184789562.3	0.02470679515700947	1.581210786507407	0.9473715380652253	3.314939001737909	0.9473715380652253	3.314939001737909	0.02470679515700947	1.581210786507407
198221360066498.3	0.02472971014110152	1.580286550108466	0.9473259713282244	3.385304948865372	0.9473259713282244	3.385304948865372	0.02472971014110152	1.580286550108466
198347535343434.3	0.02475170387507970	1.579397904074935	0.9472810190556578	3.455669436377108	0.9472810190556578	3.455669436377108	0.02475170387507970	1.579397904074935
198473710620370.4	0.02477268066957879	1.578543567589476	0.9472366877445129	3.526032517999910	0.9472366877445129	3.526032517999910	0.02477268066957879	1.578543567589476
198599885897306.4	0.02479254578515043	1.577721800981099	0.9471929816180076	3.596394247876495	0.9471929816180076	3.596394247876495	0.02479254578515043	1.577721800981099
198726061174242.4	0.02481120679763164	1.576930410821217	0.9471499026208606	3.666754680452196	0.9471499026208606	3.666754680452196	0.02481120679763164	1.576930410821217
198852236451178.4	0.02482857494639535	1.576166760831383	0.9471074504182767	3.737113870363793	0.9471074504182767	3.737113870363793	0.02482857494639535	1.576166760831383
198978411728114.5	0.02484456644916024	1.575427788404217	0.9470656223983713	3.807471872331098	0.9470656223983713	3.807471872331098	0.02484456644916024	1.575427788404217
199104587005050.5	0.02485910376748893	1.574710026486570	0.9470244136775173	3.877828741050895	0.9470244136775173	3.877828741050895	0.02485910376748893	1.574710026486570
199230762281986.5	0.02487211680817870	1.574009630535713	0.9469838171083762	3.948184531093447	0.9469838171083762	3.948184531093447	0.02487211680817870	1.574009630535713
199356937558922.6	0.02488354404623770	1.573322410215891	0.9469438232902404	4.018539296801524	0.9469438232902404	4.018539296801524	0.02488354404623770	1.573322410215891
199483112835858.6	0.02489333355636945	1.572643865473216	0.9469044205812301	4.088893092191622	0.9469044205812301	4.088893092191622	0.02489333355636945	1.572643865473216
199609288112794.6	0.02490144394083648	1.571969226597636	0.9468655951122622	4.159245970857672	0.9468655951122622	4.159245970857672	0.02490144394083648	1.571969226597636
199735463389730.6	0.02490784514269959	1.571293497858183	0.9468273308022960	4.229597985876573	0.9468273308022960	4.229597985876573	0.02490784514269959	1.571293497858183
199861638666666.7	0.02491251913465174	1.570611504275676	0.9467896093747229	4.299949189715729	0.9467896093747229	4.299949189715729	0.02491251913465174	1.570611504275676
