187370286250000.0	0.02596391947632695	1.900194274406851	0.9996755836415938	-2.849590976979351	0.9996755836415938	-2.849590976979351	0.02596391947632695	1.900194274406851
187496461526936.0	0.02585219278154443	1.895152367076629	0.9996620090492979	-2.792881864575309	0.9996620090492979	-2.792881864575309	0.02585219278154443	1.895152367076629
187622636803872.1	0.02574217242877492	1.889912534904983	0.9996498438150262	-2.736175576057216	0.9996498438150262	-2.736175576057216	0.02574217242877492	1.889912534904983
187748812080808.1	0.02563401513544043	1.884469693339956	0.9996390637855143	-2.679472029286231	0.9996390637855143	-2.679472029286231	0.02563401513544043	1.884469693339956
187874987357744.1	0.02552790545481290	1.878818504095659	0.9996296402411745	-2.622771146083508	0.9996296402411745	-2.622771146083508	0.02552790545481290	1.878818504095659
188001162634680.1	0.02542405790124550	1.872953558336194	0.9996215403139044	-2.566072852383424	0.9996215403139044	-2.566072852383424	0.02542405790124550	1.872953558336194
188127337911616.2	0.02532271844579241	1.866869577926385	0.9996147273958759	-2.509377078351392	0.9996147273958759	-2.509377078351392	0.02532271844579241	1.866869577926385
188253513188552.2	0.02522416534496758	1.860561631919738	0.9996091615370648	-2.452683758468455	0.9996091615370648	-2.452683758468455	0.02522416534496758	1.860561631919738
188379688465488.2	0.02512870927368057	1.854025365077421	0.9996047998296170	-2.395992831585658	0.9996047998296170	-2.395992831585658	0.02512870927368057	1.854025365077421
188505863742424.3	0.02503669274219796	1.847257234809846	0.9996015967775763	-2.339304240950746	0.9996015967775763	-2.339304240950746	0.02503669274219796	1.847257234809846
188632039019360.3	0.02494848878615841	1.840254752530576	0.9995995046506866	-2.282617934209823	0.9995995046506866	-2.282617934209823	0.02494848878615841	1.840254752530576
188758214296296.3	0.02486449892851509	1.833016724997951	0.9995984738214012	-2.225933863386532	0.9995984738214012	-2.225933863386532	0.02486449892851509	1.833016724997951
188884389573232.3	0.02478515042247956	1.825543490825412	0.9995984530844423	-2.169251984841611	0.9995984530844423	-2.169251984841611	0.02478515042247956	1.825543490825412
189010564850168.3	0.02471089279575685	1.817837146972892	0.9995993899585294	-2.112572259214705	0.9995993899585294	-2.112572259214705	0.02471089279575685	1.817837146972892
189136740127104.4	0.02464219372805330	1.809901759729971	0.9996012309701111	-2.055894651351382	0.9996012309701111	-2.055894651351382	0.02464219372805330	1.809901759729971
189262915404040.4	0.02457953430627604	1.801743554483189	0.9996039219192395	-1.999219130217037	0.9996039219192395	-1.999219130217037	0.02457953430627604	1.801743554483189
189389090680976.4	0.02452340371472096	1.793371078473534	0.9996074081277455	-1.942545668800134	0.9996074081277455	-1.942545668800134	0.02452340371472096	1.793371078473534
189515265957912.5	0.02447429343084069	1.784795330823909	0.9996116346701484	-1.885874244006341	0.9996116346701484	-1.885874244006341	0.02447429343084069	1.784795330823909
189641441234848.5	0.02443269101030472	1.776029854389250	0.9996165465879486	-1.829204836545695	0.9996165465879486	-1.829204836545695	0.02443269101030472	1.776029854389250
189767616511784.5	0.02439907355775927	1.767090784479213	0.9996220890878246	-1.772537430813937	0.9996220890878246	-1.772537430813937	0.02439907355775927	1.767090784479213
189893791788720.5	0.02437390099137321	1.757996850247403	0.9996282077245987	-1.715872014769918	0.9996282077245987	-1.715872014769918	0.02437390099137321	1.757996850247403
190019967065656.6	0.02435760921934911	1.748769325540827	0.9996348485697746	-1.659208579809866	0.9996348485697746	-1.659208579809866	0.02435760921934911	1.748769325540827
190146142342592.6	0.02435060335438111	1.739431927236738	0.9996419583665046	-1.602547120639922	0.9996419583665046	-1.602547120639922	0.02435060335438111	1.739431927236738
190272317619528.6	0.02435325109702408	1.730010660549220	0.9996494846719646	-1.545887635147742	0.9996494846719646	-1.545887635147742	0.02435325109702408	1.730010660549220
190398492896464.7	0.02436587642056475	1.720533612397291	0.9996573759879942	-1.489230124273990	0.9996573759879942	-1.489230124273990	0.02436587642056475	1.720533612397291
190524668173400.7	0.02438875368760673	1.711030695635549	0.9996655818810091	-1.432574591884352	0.9996655818810091	-1.432574591884352	0.02438875368760673	1.711030695635549
190650843450336.7	0.02442210232221313	1.701533348664677	0.9996740530920253	-1.375921044642481	0.9996740530920253	-1.375921044642481	0.02442210232221313	1.701533348664677
190777018727272.7	0.02446608215087879	1.692074196574109	0.9996827416377651	-1.319269491884510	0.9996827416377651	-1.319269491884510	0.02446608215087879	1.692074196574109
190903194004208.8	0.02452078951097286	1.682686681425071	0.9996916009036337	-1.262619945495057	0.9996916009036337	-1.262619945495057	0.02452078951097286	1.682686681425071
191029369281144.8	0.02458625420703081	1.673404670463290	0.9997005857293833	-1.205972419785032	0.9997005857293833	-1.205972419785032	0.02458625420703081	1.673404670463290
191155544558080.8	0.02466243737443651	1.664262051892305	0.9997096524882430	-1.149326931371481	0.9997096524882430	-1.149326931371481	0.02466243737443651	1.664262051892305
191281719835016.8	0.02474923028655594	1.655292328265537	0.9997187591601399	-1.092683499059086	0.9997187591601399	-1.092683499059086	0.02474923028655594	1.655292328265537
191407895111952.8	0.02484645411754413	1.646528217557651	0.9997278653996952	-1.036042143723545	0.9997278653996952	-1.036042143723545	0.02484645411754413	1.646528217557651
191534070388888.9	0.02495386064870213	1.638001271541017	0.9997369325994741	-0.9794028881964403	0.9997369325994741	-0.9794028881964403	0.02495386064870213	1.638001271541017
191660245665824.9	0.02507113388336945	1.629741520256431	0.9997459239490102	-0.9227657571517097	0.9997459239490102	-0.9227657571517097	0.02507113388336945	1.629741520256431
191786420942760.9	0.02519789251418158	1.621777150188796	0.9997548044899781	-0.8661307769931141	0.9997548044899781	-0.8661307769931141	0.02519789251418158	1.621777150188796
191912596219697.0	0.02533369316885241	1.614134222305869	0.9997635411678375	-0.8094979757426988	0.9997635411678375	-0.8094979757426988	0.02533369316885241	1.614134222305869
192038771496633.0	0.02547803434564465	1.606836434502636	0.9997721028802167	-0.7528673829299256	0.9997721028802167	-0.7528673829299256	0.02547803434564465	1.606836434502636
192164946773569.0	0.02563036093946496	1.599904931289033	0.9997804605221905	-0.6962390294811115	0.9997804605221905	-0.6962390294811115	0.02563036093946496	1.599904931289033
192291122050505.0	0.02579006925268446	1.593358161881489	0.9997885870285855	-0.6396129476090189	0.9997885870285855	-0.6396129476090189	0.02579006925268446	1.593358161881489
192417297327441.1	0.02595651238226041	1.587211786279356	0.9997964574133689	-0.5829891707021212	0.9997964574133689	-0.5829891707021212	0.02595651238226041	1.587211786279356
192543472604377.1	0.02612900587569179	1.581478627501959	0.9998040488060693	-0.5263677332136701	0.9998040488060693	-0.5263677332136701	0.02612900587569179	1.581478627501959
192669647881313.1	0.02630683355248958	1.576168666977534	0.9998113404852091	-0.4697486705498414	0.9998113404852091	-0.4697486705498414	0.02630683355248958	1.576168666977534
192795823158249.2	0.02648925339471848	1.571289079145777	0.9998183139086313	-0.4131320189571594	0.9998183139086313	-0.4131320189571594	0.02648925339471848	1.571289079145777
192921998435185.2	0.02667550341893202	1.566844300669566	0.9998249527405480	-0.3565178154087715	0.9998249527405480	-0.3565178154087715	0.02667550341893202	1.566844300669566
193048173712121.2	0.02686480745201827	1.562836129241545	0.9998312428751062	-0.2999060974897082	0.9998312428751062	-0.2999060974897082	0.02686480745201827	1.562836129241545
193174348989057.3	0.02705638074452740	1.559263846802501	0.9998371724563012	-0.2432969032807337	0.9998371724563012	-0.2432969032807337	0.02705638074452740	1.559263846802501
193300524265993.3	0.02724943536613500	1.556124362025158	0.9998427318939307	-0.1866902712409529	0.9998427318939307	-0.1866902712409529	0.02724943536613500	1.556124362025158
193426699542929.3	0.02744318533914080	1.553412367128150	0.9998479138753630	-0.1300862400890688	0.9998479138753630	-0.1300862400890688	0.02744318533914080	1.553412367128150
193552874819865.3	0.02763685147614288	1.551120504427683	0.9998527133728223	-0.07348484868347277	0.9998527133728223	-0.07348484868347277	0.02763685147614288	1.551120504427683
193679050096801.3	0.02782966589778868	1.549239538476559	0.9998571276459304	-0.01688613590106027	0.9998571276459304	-0.01688613590106027	0.02782966589778868	1.549239538476559
193805225373737.4	0.02802087621513308	1.547758530137023	0.9998611562391767	0.03970985948497686	0.9998611562391767	0.03970985948497686	0.02802087621513308	1.547758530137023
193931400650673.4	0.02820974936850005	1.546665009464674	0.9998648009741060	0.09630309892817780	0.9998648009741060	0.09630309892817780	0.02820974936850005	1.546665009464674
194057575927609.4	0.02839557512131448	1.545945144815158	0.9998680659359026	0.1528935442325050	0.9998680659359026	0.1528935442325050	0.02839557512131448	1.545945144815158
194183751204545.4	0.02857766921234228	1.545583906093636	0.9998709574541309	0.2094811576764142	0.9998709574541309	0.2094811576764142	0.02857766921234228	1.545583906093636
194309926481481.5	0.02875537617421212	1.545565220556295	0.9998734840774420	0.2660659021370380	0.9998734840774420	0.2660659021370380	0.02875537617421212	1.545565220556295
194436101758417.5	0.02892807182906343	1.545872120005700	0.9998756565419861	0.3226477412139641	0.9998756565419861	0.3226477412139641	0.02892807182906343	1.545872120005700
194562277035353.5	0.02909516547466121	1.546486878615485	0.9998774877333876	0.3792266393525606	0.9998774877333876	0.3792266393525606	0.02909516547466121	1.546486878615485
194688452312289.6	0.02925610177572628	1.547391140952550	0.9998789926421623	0.4358025619661456	0.9998789926421623	0.4358025619661456	0.02925610177572628	1.547391140952550
194814627589225.6	0.02941036237638036	1.548566040055048	0.9998801883123895	0.4923754755567730	0.9998801883123895	0.4923754755567730	0.02941036237638036	1.548566040055048
194940802866161.6	0.02955746724972936	1.549992305655436	0.9998810937836731	0.5489453478341382	0.9998810937836731	0.5489453478341382	0.02955746724972936	1.549992305655436
195066978143097.6	0.02969697580087652	1.551650362829087	0.9998817300262753	0.6055121478319974	0.9998817300262753	0.6055121478319974	0.02969697580087652	1.551650362829087
195193153420033.7	0.02982848773908283	1.553520421497134	0.9998821198694791	0.6620758460219838	0.9998821198694791	0.6620758460219838	0.02982848773908283	1.553520421497134
195319328696969.7	0.02995164373432629	1.555582557318999	0.9998822879232183	0.7186364144238960	0.9998822879232183	0.7186364144238960	0.02995164373432629	1.555582557318999
195445503973905.7	0.03006612587265811	1.557816784592740	0.9998822604930628	0.7751938267123745	0.9998822604930628	0.7751938267123745	0.03006612587265811	1.557816784592740
195571679250841.8	0.03017165792385629	1.560203121829221	0.9998820654887130	0.8317480583192286	0.9998820654887130	0.8317480583192286	0.03017165792385629	1.560203121829221
195697854527777.8	0.03026800543397352	1.562721650695774	0.9998817323261804	0.8882990865310551	0.9998817323261804	0.8882990865310551	0.03026800543397352	1.562721650695774
195824029804713.8	0.03035497565419928	1.565352569035613	0.9998812918238605	0.9448468905816377	0.9998812918238605	0.9448468905816377	0.03035497565419928	1.565352569035613
195950205081649.8	0.03043241731666612	1.568076238663910	0.9998807760927789	1.001391451738666	0.9998807760927789	1.001391451738666	0.03043241731666612	1.568076238663910
196076380358585.8	0.03050022026662585	1.570873228625175	0.9998802184213141	1.057932753384469	0.9998802184213141	1.057932753384469	0.03050022026662585	1.570873228625175
196202555635521.9	0.03055831495959980	1.573724354571103	0.9998796531547192	1.114470781090070	0.9998796531547192	1.114470781090070	0.03055831495959980	1.573724354571103
196328730912457.9	0.03060667183117875	1.576610714884891	0.9998791155698523	1.171005522682447	0.9998791155698523	1.171005522682447	0.03060667183117875	1.576610714884891
196454906189393.9	0.03064530054628045	1.579513724142491	0.9998786417454724	1.227536968304569	0.9998786417454724	1.227536968304569	0.03064530054628045	1.579513724142491
196581081466330.0	0.03067424913395884	1.582415144457573	0.9998782684286097	1.284065110467735	0.9998782684286097	1.284065110467735	0.03067424913395884	1.582415144457573
196707256743266.0	0.03069360301313215	1.585297115213366	0.9998780328974137	1.340589944096095	0.9998780328974137	1.340589944096095	0.03069360301313215	1.585297115213366
196833432020202.0	0.03070348391402789	1.588142181639991	0.9998779728210188	1.397111466562962	0.9998779728210188	1.397111466562962	0.03070348391402789	1.588142181639991
196959607297138.0	0.03070404869958823	1.590933322645597	0.9998781261169296	1.453629677718844	0.9998781261169296	1.453629677718844	0.03070404869958823	1.590933322645597
197085782574074.1	0.03069548809064746	1.593653978261914	0.9998785308064133	1.510144579910698	0.9998785308064133	1.510144579910698	0.03069548809064746	1.593653978261914
197211957851010.1	0.03067802529837449	1.596288077013820	0.9998792248685644	1.566656177992738	0.9998792248685644	1.566656177992738	0.03067802529837449	1.596288077013820
197338133127946.1	0.03065191456715953	1.598820063472570	0.9998802460934547	1.623164479328139	0.9998802460934547	1.623164479328139	0.03065191456715953	1.598820063472570
197464308404882.2	0.03061743963098557	1.601234926196177	0.9998816319350556	1.679669493782071	0.9998816319350556	1.679669493782071	0.03061743963098557	1.601234926196177
197590483681818.2	0.03057491208622904	1.603518226210703	0.9998834193644348	1.736171233705700	0.9998834193644348	1.736171233705700	0.03057491208622904	1.603518226210703
197716658958754.2	0.03052466968392702	1.605656126128053	0.9998856447238632	1.792669713911341	0.9998856447238632	1.792669713911341	0.03052466968392702	1.605656126128053
197842834235690.2	0.03046707454443662	1.607635419938956	0.9998883435823125	1.849164951638811	0.9998883435823125	1.849164951638811	0.03046707454443662	1.607635419938956
197969009512626.3	0.03040251129797050	1.609443563464094	0.9998915505930240	1.905656966512962	0.9998915505930240	1.905656966512962	0.03040251129797050	1.609443563464094
198095184789562.3	0.03033138515450020	1.611068705384680	0.9998952993536048	1.962145780492763	0.9998952993536048	1.962145780492763	0.03033138515450020	1.611068705384680
198221360066498.3	0.03025411990708125	1.612499718714168	0.9998996222692633	2.018631417811904	0.9998996222692633	2.018631417811904	0.03025411990708125	1.612499718714168
198347535343434.3	0.03017115587314502	1.613726232511804	0.9999045504196868	2.075113904911292	0.9999045504196868	2.075113904911292	0.03017115587314502	1.613726232511804
198473710620370.4	0.03008294777891960	1.614738663578951	0.9999101134300523	2.131593270363640	0.9999101134300523	2.131593270363640	0.03008294777891960	1.614738663578951
198599885897306.4	0.02998996259287718	1.615528247816713	0.9999163393467193	2.188069544790369	0.9999163393467193	2.188069544790369	0.02998996259287718	1.615528247816713
198726061174242.4	0.02989267731485245	1.616087070868685	0.9999232545180049	2.244542760771445	0.9999232545180049	2.244542760771445	0.02989267731485245	1.616087070868685
198852236451178.4	0.02979157672845840	1.616408097613425	0.9999308834805335	2.301012952748013	0.9999308834805335	2.301012952748013	0.02979157672845840	1.616408097613425
198978411728114.5	0.02968715112530915	1.616485200025077	0.9999392488515427	2.357480156918733	0.9999392488515427	2.357480156918733	0.02968715112530915	1.616485200025077
199104587005050.5	0.02957989401063478	1.616313182873367	0.9999483712275337	2.413944411129984	0.9999483712275337	2.413944411129984	0.02957989401063478	1.616313182873367
199230762281986.5	0.02947029980090605	1.615887806697500	0.9999582690896424	2.470405754760255	0.9999582690896424	2.470405754760255	0.02947029980090605	1.615887806697500
199356937558922.6	0.02935886152516260	1.615205807464673	0.9999689587159871	2.526864228599477	0.9999689587159871	2.526864228599477	0.02935886152516260	1.615205807464673
199483112835858.6	0.02924606854283470	1.614264912305456	0.9999804541013853	2.583319874723520	0.9999804541013853	2.583319874723520	0.02924606854283470	1.614264912305456
199609288112794.6	0.02913240429180649	1.613063850718117	0.9999927668845244	2.639772736364573	0.9999927668845244	2.639772736364573	0.02913240429180649	1.613063850718117
199735463389730.6	0.02901834408147349	1.611602360648896	1.000005906282984	2.696222857777548	1.000005906282984	2.696222857777548	0.02901834408147349	1.611602360648896
199861638666666.7	0.02890435294635412	1.609881188881941	1.000019879036131	2.752670284103465	1.000019879036131	2.752670284103465	0.02890435294635412	1.609881188881941
