187370286250000.0	0.02145496361882756	1.951310196238293	0.9640438848582106	0.9046740771583177	0.9640438848582106	0.9046740771583177	0.02145496361882756	1.951310196238293
187496461526936.0	0.02137953273422913	1.948603259226461	0.9639968832356327	0.9834136560647214	0.9639968832356327	0.9834136560647214	0.02137953273422913	1.948603259226461
187622636803872.1	0.02130283156326587	1.945769749893836	0.9639508099386012	1.062151556224638	0.9639508099386012	1.062151556224638	0.02130283156326587	1.945769749893836
187748812080808.1	0.02122505490818669	1.942802144709013	0.9639056390923820	1.140887866476307	0.9639056390923820	1.140887866476307	0.02122505490818669	1.942802144709013
187874987357744.1	0.02114641122959480	1.939693843819835	0.9638613397225609	1.219622672050985	0.9638613397225609	1.219622672050985	0.02114641122959480	1.939693843819835
188001162634680.1	0.02106711960433366	1.936439249903736	0.9638178761059971	1.298356054297272	0.9638178761059971	1.298356054297272	0.02106711960433366	1.936439249903736
188127337911616.2	0.02098740658709470	1.933033829559243	0.9637752081295097	1.377088090433987	0.9637752081295097	1.377088090433987	0.02098740658709470	1.933033829559243
188253513188552.2	0.02090750303382430	1.929474156389951	0.9637332916546725	1.455818853331914	0.9637332916546725	1.455818853331914	0.02090750303382430	1.929474156389951
188379688465488.2	0.02082764094423632	1.925757935208702	0.9636920788872245	1.534548411323872	0.9636920788872245	1.534548411323872	0.02082764094423632	1.925757935208702
188505863742424.3	0.02074805037961110	1.921884007072299	0.9636515187495628	1.613276828042472	0.9636515187495628	1.613276828042472	0.02074805037961110	1.921884007072299
188632039019360.3	0.02066895650966945	1.917852335181307	0.9636115572548343	1.692004162285679	0.9636115572548343	1.692004162285679	0.02066895650966945	1.917852335181307
188758214296296.3	0.02059057683927270	1.913663972018372	0.9635721378812209	1.770730467909305	0.9635721378812209	1.770730467909305	0.02059057683927270	1.913663972018372
188884389573232.3	0.02051311866162076	1.909321008451764	0.9635332019450296	1.849455793746317	0.9635332019450296	1.849455793746317	0.02051311866162076	1.909321008451764
189010564850168.3	0.02043677677994831	1.904826505891563	0.9634946889711377	1.928180183552105	0.9634946889711377	1.928180183552105	0.02043677677994831	1.904826505891563
189136740127104.4	0.02036173153390229	1.900184412946255	0.9634565370595277	2.006903675975344	0.9634565370595277	2.006903675975344	0.02036173153390229	1.900184412946255
189262915404040.4	0.02028814716051907	1.895399468366482	0.9634186832464692	2.085626304553926	0.9634186832464692	2.085626304553926	0.02028814716051907	1.895399468366482
189389090680976.4	0.02021617051280827	1.890477092378114	0.9633810638590973	2.164348097735068	0.9633810638590973	2.164348097735068	0.02021617051280827	1.890477092378114
189515265957912.5	0.02014593015144349	1.885423268779618	0.9633436148620924	2.243069078919052	0.9633436148620924	2.243069078919052	0.02014593015144349	1.885423268779618
189641441234848.5	0.02007753581737780	1.880244420400793	0.9633062721951786	2.321789266525506	0.9633062721951786	2.321789266525506	0.02007753581737780	1.880244420400793
189767616511784.5	0.02001107828529287	1.874947280678597	0.9632689721002099	2.400508674081847	0.9632689721002099	2.400508674081847	0.02001107828529287	1.874947280678597
189893791788720.5	0.01994662959002589	1.869538764193725	0.9632316514366965	2.479227310332241	0.9632316514366965	2.479227310332241	0.01994662959002589	1.869538764193725
190019967065656.6	0.01988424361052482	1.864025839027716	0.9631942479846455	2.557945179366716	0.9631942479846455	2.557945179366716	0.01988424361052482	1.864025839027716
190146142342592.6	0.01982395698876022	1.858415403736400	0.9631567007335945	2.636662280768981	0.9631567007335945	2.636662280768981	0.01982395698876022	1.858415403736400
190272317619528.6	0.01976579035459457	1.852714171597328	0.9631189501568404	2.715378609781665	0.9631189501568404	2.715378609781665	0.01976579035459457	1.852714171597328
190398492896464.7	0.01970974982188441	1.846928564581901	0.9630809384699974	2.794094157488063	0.9630809384699974	2.794094157488063	0.01970974982188441	1.846928564581901
190524668173400.7	0.01965582871622690	1.841064619233177	0.9630426098729471	2.872808911008769	0.9630426098729471	2.872808911008769	0.01965582871622690	1.841064619233177
190650843450336.7	0.01960400949113283	1.835127906304366	0.9630039107744641	2.951522853712095	0.9630039107744641	2.951522853712095	0.01960400949113283	1.835127906304366
190777018727272.7	0.01955426578655679	1.829123465655205	0.9629647899988139	3.030235965436515	0.9629647899988139	3.030235965436515	0.01955426578655679	1.829123465655205
190903194004208.8	0.01950656458225360	1.823055757507756	0.9629251989738309	3.108948222723866	0.9629251989738309	3.108948222723866	0.01950656458225360	1.823055757507756
191029369281144.8	0.01946086839774583	1.816928630761461	0.9628850918999061	3.187659599061898	0.9628850918999061	3.187659599061898	0.01946086839774583	1.816928630761461
191155544558080.8	0.01941713749140072	1.810745308660392	0.9628444258996614	3.266370065134276	0.9628444258996614	3.266370065134276	0.01941713749140072	1.810745308660392
191281719835016.8	0.01937533201247896	1.804508391705757	0.9628031611480000	3.345079589076846	0.9628031611480000	3.345079589076846	0.01937533201247896	1.804508391705757
191407895111952.8	0.01933541406251429	1.798219877332961	0.9627612609824562	3.423788136738364	0.9627612609824562	3.423788136738364	0.01933541406251429	1.798219877332961
191534070388888.9	0.01929734962545438	1.791881195521203	0.9627186919938755	3.502495671944168	0.9627186919938755	3.502495671944168	0.01929734962545438	1.791881195521203
191660245665824.9	0.01926111032995784	1.785493259185912	0.9626754240975133	3.581202156761170	0.9626754240975133	3.581202156761170	0.01926111032995784	1.785493259185912
191786420942760.9	0.01922667501142825	1.779056527931787	0.9626314305848532	3.659907551762951	0.9626314305848532	3.659907551762951	0.01922667501142825	1.779056527931787
191912596219697.0	0.01919403104639720	1.772571083501139	0.9625866881564984	3.738611816293006	0.9625866881564984	3.738611816293006	0.01919403104639720	1.772571083501139
192038771496633.0	0.01916317543671591	1.766036715059786	0.9625411769365982	3.817314908725203	0.9625411769365982	3.817314908725203	0.01916317543671591	1.766036715059786
192164946773569.0	0.01913411562648087	1.759453012309049	0.9624948804694522	3.896016786719487	0.9624948804694522	3.896016786719487	0.01913411562648087	1.759453012309049
192291122050505.0	0.01910687003995093	1.752819464295635	0.9624477856989099	3.974717407472151	0.9624477856989099	3.974717407472151	0.01910687003995093	1.752819464295635
192417297327441.1	0.01908146833415265	1.746135561716627	0.9623998829314833	4.053416727959106	0.9623998829314833	4.053416727959106	0.01908146833415265	1.746135561716627
192543472604377.1	0.01905795136517165	1.739400900480233	0.9623511657838929	4.132114705170833	0.9623511657838929	4.132114705170833	0.01905795136517165	1.739400900480233
192669647881313.1	0.01903637087244874	1.732615284278200	0.9623016311161270	4.210811296338574	0.9623016311161270	4.210811296338574	0.01903637087244874	1.732615284278200
192795823158249.2	0.01901678889039483	1.725778823961458	0.9622512789509758	4.289506459150084	0.9622512789509758	4.289506459150084	0.01901678889039483	1.725778823961458
192921998435185.2	0.01899927690141106	1.718892031576184	0.9622001123811605	4.368200151954773	0.9622001123811605	4.368200151954773	0.01899927690141106	1.718892031576184
193048173712121.2	0.01898391474903747	1.711955907019279	0.9621481374651537	4.446892333957065	0.9621481374651537	4.446892333957065	0.01898391474903747	1.711955907019279
193174348989057.3	0.01897078933397229	1.704972015408846	0.9620953631128735	4.525582965397703	0.9620953631128735	4.525582965397703	0.01897078933397229	1.704972015408846
193300524265993.3	0.01895999311962588	1.697942553434832	0.9620418009624421	4.604272007722127	0.9620418009624421	4.604272007722127	0.01895999311962588	1.697942553434832
193426699542929.3	0.01895162247708862	1.690870403159330	0.9619874652492325	4.682959423736108	0.9619874652492325	4.682959423736108	0.01895162247708862	1.690870403159330
193552874819865.3	0.01894577590230563	1.683759171972367	0.9619323726683549	4.761645177747789	0.9619323726683549	4.761645177747789	0.01894577590230563	1.683759171972367
193679050096801.3	0.01894255214046305	1.676613217679674	0.9618765422318413	4.840329235696490	0.9618765422318413	4.840329235696490	0.01894255214046305	1.676613217679674
193805225373737.4	0.01894204825429046	1.669437657996569	0.9618199951216728	4.919011565268135	0.9618199951216728	4.919011565268135	0.01894204825429046	1.669437657996569
193931400650673.4	0.01894435767394961	1.662238364041417	0.9617627545397958	4.997692135997101	0.9617627545397958	4.997692135997101	0.01894435767394961	1.662238364041417
194057575927609.4	0.01894956826652044	1.655021937768627	0.9617048455562310	5.076370919355163	0.9617048455562310	5.076370919355163	0.01894956826652044	1.655021937768627
194183751204545.4	0.01895776046262868	1.647795673629433	0.9616462949563619	5.155047888827509	0.9616462949563619	5.155047888827509	0.01895776046262868	1.647795673629433
194309926481481.5	0.01896900547662802	1.640567505108030	0.9615871310883388	5.233723019976391	0.9615871310883388	5.233723019976391	0.01896900547662802	1.640567505108030
194436101758417.5	0.01898336365476603	1.633345937128863	0.9615273837115836	5.312396290492728	0.9615273837115836	5.312396290492728	0.01898336365476603	1.633345937128863
194562277035353.5	0.01900088298323469	1.626139965661047	0.9614670838472423	5.391067680236259	0.9614670838472423	5.391067680236259	0.01900088298323469	1.626139965661047
194688452312289.6	0.01902159778445493	1.618958986154060	0.9614062636313410	5.469737171265062	0.9614062636313410	5.469737171265062	0.01902159778445493	1.618958986154060
194814627589225.6	0.01904552762636742	1.611812692699465	0.9613449561713614	5.548404747854780	0.9613449561713614	5.548404747854780	0.01904552762636742	1.611812692699465
194940802866161.6	0.01907267646462146	1.604710970033196	0.9612831954068469	5.627070396508609	0.9612831954068469	5.627070396508609	0.01907267646462146	1.604710970033196
195066978143097.6	0.01910303203298921	1.597663780653614	0.9612210159745708	5.705734105958364	0.9612210159745708	5.705734105958364	0.01910303203298921	1.597663780653614
195193153420033.7	0.01913656549198050	1.590681049425256	0.9611584530786572	5.784395867158005	0.9611584530786572	5.784395867158005	0.01913656549198050	1.590681049425256
195319328696969.7	0.01917323134035560	1.583772548076999	0.9610955423660538	5.863055673269741	0.9610955423660538	5.863055673269741	0.01917323134035560	1.583772548076999
195445503973905.7	0.01921296758884373	1.576947781961544	0.9610323198075473	5.941713519644067	0.9610323198075473	5.941713519644067	0.01921296758884373	1.576947781961544
195571679250841.8	0.01925569619012092	1.570215881350779	0.9609688215845417	6.020369403794303	0.9609688215845417	6.020369403794303	0.01925569619012092	1.570215881350779
195697854527777.8	0.01930132371416796	1.563585499379246	0.9609050839816270	6.099023325366215	0.9609050839816270	6.099023325366215	0.01930132371416796	1.563585499379246
195824029804713.8	0.01934974225343816	1.557064718535936	0.9608411432849686	6.177675286103912	0.9608411432849686	6.177675286103912	0.01934974225343816	1.557064718535936
195950205081649.8	0.01940083053819685	1.550660967352408	0.9607770356864117	6.256325289812321	0.9607770356864117	6.256325289812321	0.01940083053819685	1.550660967352408
196076380358585.8	0.01945445523882859	1.544380948642693	0.9607127971931613	6.334973342317262	0.9607127971931613	6.334973342317262	0.01945445523882859	1.544380948642693
196202555635521.9	0.01951047242898665	1.538230580343136	0.9606484635428230	6.413619451423462	0.9606484635428230	6.413619451423462	0.01951047242898665	1.538230580343136
196328730912457.9	0.01956872918119396	1.532214949679340	0.9605840701234971	6.492263626871197	0.9605840701234971	6.492263626871197	0.01956872918119396	1.532214949679340
196454906189393.9	0.01962906526502106	1.526338281064466	0.9605196518986501	6.570905880292281	0.9605196518986501	6.570905880292281	0.01962906526502106	1.526338281064466
196581081466330.0	0.01969131491696947	1.520603917827657	0.9604552433363156	6.649546225165504	0.9604552433363156	6.649546225165504	0.01969131491696947	1.520603917827657
196707256743266.0	0.01975530865112314	1.515014317580303	0.9603908783422894	6.728184676772283	0.9603908783422894	6.728184676772283	0.01975530865112314	1.515014317580303
196833432020202.0	0.01982087507986488	1.509571060761705	0.9603265901968420	6.806821252152361	0.9603265901968420	6.806821252152361	0.01982087507986488	1.509571060761705
196959607297138.0	0.01988784271500095	1.504274871678096	0.9602624114944783	6.885455970060452	0.9602624114944783	6.885455970060452	0.01988784271500095	1.504274871678096
197085782574074.1	0.01995604172101883	1.499125651149451	0.9601983740863277	6.964088850923305	0.9601983740863277	6.964088850923305	0.01995604172101883	1.499125651149451
197211957851010.1	0.02002530559402988	1.494122519717985	0.9601345090246425	7.042719916797859	0.9601345090246425	7.042719916797859	0.02002530559402988	1.494122519717985
197338133127946.1	0.02009547274211302	1.489263870247589	0.9600708465089578	7.121349191330287	0.9600708465089578	7.121349191330287	0.02009547274211302	1.489263870247589
197464308404882.2	0.02016638794528258	1.484547428655322	0.9600074158335228	7.199976699715677	0.9600074158335228	7.199976699715677	0.02016638794528258	1.484547428655322
197590483681818.2	0.02023790367583278	1.479970321456338	0.9599442453354464	7.278602468658725	0.9599442453354464	7.278602468658725	0.02023790367583278	1.479970321456338
197716658958754.2	0.02030988126271084	1.475529148776477	0.9598813623432911	7.357226526334828	0.9598813623432911	7.357226526334828	0.02030988126271084	1.475529148776477
197842834235690.2	0.02038219188628681	1.471220061483097	0.9598187931256759	7.435848902351704	0.9598187931256759	7.435848902351704	0.02038219188628681	1.471220061483097
197969009512626.3	0.02045471739298191	1.467038841103417	0.9597565628396020	7.514469627710939	0.9597565628396020	7.514469627710939	0.02045471739298191	1.467038841103417
198095184789562.3	0.02052735092190402	1.462980981234310	0.9596946954781817	7.593088734769305	0.9596946954781817	7.593088734769305	0.02052735092190402	1.462980981234310
198221360066498.3	0.02059999733866417	1.459041769198016	0.9596332138176076	7.671706257199589	0.9596332138176076	7.671706257199589	0.02059999733866417	1.459041769198016
198347535343434.3	0.02067257347432983	1.455216366760608	0.9595721393631708	7.750322229950330	0.9595721393631708	7.750322229950330	0.02067257347432983	1.455216366760608
198473710620370.4	0.02074500817004185	1.451499888794233	0.9595114922941741	7.828936689204245	0.9595114922941741	7.828936689204245	0.02074500817004185	1.451499888794233
198599885897306.4	0.02081724213077256	1.447887478846645	0.9594512914077680	7.907549672334559	0.9594512914077680	7.907549672334559	0.02081724213077256	1.447887478846645
198726061174242.4	0.02088922759390152	1.444374380654740	0.9593915540617017	7.986161217859401	0.9593915540617017	7.986161217859401	0.02088922759390152	1.444374380654740
198852236451178.4	0.02096092782089316	1.440956004728047	0.9593322961159940	8.064771365393039	0.9593322961159940	8.064771365393039	0.02096092782089316	1.440956004728047
198978411728114.5	0.02103231642259255	1.437627989210110	0.9592735318738014	8.143380155594240	0.9592735318738014	8.143380155594240	0.02103231642259255	1.437627989210110
199104587005050.5	0.02110337653076865	1.434386254320705	0.9592152740215600	8.221987630110911	0.9592152740215600	8.221987630110911	0.02110337653076865	1.434386254320705
199230762281986.5	0.02117409983052412	1.431227049769886	0.9591575335687332	8.300593831520555	0.9591575335687332	8.300593831520555	0.02117409983052412	1.431227049769886
199356937558922.6	0.02124448546999443	1.428146994634849	0.9591003197874491	8.379198803266565	0.9591003197874491	8.379198803266565	0.02124448546999443	1.428146994634849
199483112835858.6	0.02131453886536503	1.425143109288401	0.9590436401524283	8.457802589589544	0.9590436401524283	8.457802589589544	0.02131453886536503	1.425143109288401
199609288112794.6	0.02138427042066551	1.422212839070026	0.9589875002815890	8.536405235453778	0.9589875002815890	8.536405235453778	0.02138427042066551	1.422212839070026
199735463389730.6	0.02145369418291872	1.419354069501485	0.9589319038778109	8.615006786468225	0.9589319038778109	8.615006786468225	0.02145369418291872	1.419354069501485
199861638666666.7	0.02152282645422505	1.416565132954928	0.9588768526723903	8.693607288802024	0.9588768526723903	8.693607288802024	0.02152282645422505	1.416565132954928
