187370286250000.0	0.02519494395315546	1.790908409544859	0.9999286494735956	-1.196145594679339	0.9999286494735956	-1.196145594679339	0.02519494395315546	1.790908409544859
187496461526936.0	0.02519316961741715	1.788187250808507	0.9999363344369436	-1.092157412014935	0.9999363344369436	-1.092157412014935	0.02519316961741715	1.788187250808507
187622636803872.1	0.02519227189899060	1.785448128088612	0.9999454292894686	-0.9881731314384628	0.9999454292894686	-0.9881731314384628	0.02519227189899060	1.785448128088612
187748812080808.1	0.02519232496883661	1.782695419196030	0.9999558318090469	-0.8841926700490028	0.9999558318090469	-0.8841926700490028	0.02519232496883661	1.782695419196030
187874987357744.1	0.02519338447866889	1.779933891245661	0.9999674364796041	-0.7802159534374242	0.9999674364796041	-0.7802159534374242	0.02519338447866889	1.779933891245661
188001162634680.1	0.02519548642929689	1.777168574375268	0.9999801351664591	-0.6762429157458046	0.9999801351664591	-0.6762429157458046	0.02519548642929689	1.777168574375268
188127337911616.2	0.02519864656629978	1.774404631252654	0.9999938177827831	-0.5722734996779757	0.9999938177827831	-0.5722734996779757	0.02519864656629978	1.774404631252654
188253513188552.2	0.02520286030454976	1.771647225948626	1.000008372943694	-0.4683076564612387	1.000008372943694	-0.4683076564612387	0.02520286030454976	1.771647225948626
188379688465488.2	0.02520810316916037	1.768901395674067	1.000023688604409	-0.3643453457621121	1.000023688604409	-0.3643453457621121	0.02520810316916037	1.768901395674067
188505863742424.3	0.02521433172721774	1.766171928693930	1.000039652679136	-0.2603865355570261	1.000039652679136	-0.2603865355570261	0.02521433172721774	1.766171928693930
188632039019360.3	0.02522148497267562	1.763463251454373	1.000056153637603	-0.1564312019605956	1.000056153637603	-0.1564312019605956	0.02522148497267562	1.763463251454373
188758214296296.3	0.02522948611630020	1.760779327594499	1.000073081076025	-0.05247932901381328	1.000073081076025	-0.05247932901381328	0.02522948611630020	1.760779327594499
188884389573232.3	0.02523824472361328	1.758123571098339	1.000090326259822	0.05146909156548062	1.000090326259822	0.05146909156548062	0.02523824472361328	1.758123571098339
189010564850168.3	0.02524765913715316	1.755498775358503	1.000107782635688	0.1554140606661464	1.000107782635688	0.1554140606661464	0.02524765913715316	1.755498775358503
189136740127104.4	0.02525761911424150	1.752907059432342	1.000125346310502	0.2593555720991481	1.000125346310502	0.2593555720991481	0.02525761911424150	1.752907059432342
189262915404040.4	0.02526800860881324	1.750349832256062	1.000142916495439	0.3632936129405526	1.000142916495439	0.3632936129405526	0.02526800860881324	1.750349832256062
189389090680976.4	0.02527870862495741	1.747827775081732	1.000160395913523	0.4672281638995188	1.000160395913523	0.4672281638995188	0.02527870862495741	1.747827775081732
189515265957912.5	0.02528960007094032	1.745340841922557	1.000177691169459	0.5711591997069336	1.000177691169459	0.5711591997069336	0.02528960007094032	1.745340841922557
189641441234848.5	0.02530056654528639	1.742888277352160	1.000194713080857	0.6750866895215607	1.000194713080857	0.6750866895215607	0.02530056654528639	1.742888277352160
189767616511784.5	0.02531149699086443	1.740468650605242	1.000211376970357	0.7790105973500617	1.000211376970357	0.7790105973500617	0.02531149699086443	1.740468650605242
189893791788720.5	0.02532228815862439	1.738079904589552	1.000227602918462	0.8829308824767407	1.000227602918462	0.8829308824767407	0.02532228815862439	1.738079904589552
190019967065656.6	0.02533284682942351	1.735719418132238	1.000243315977348	0.9868474999001869	1.000243315977348	0.9868474999001869	0.02533284682942351	1.735719418132238
190146142342592.6	0.02534309174993799	1.733384079562432	1.000258446346182	1.090760400772800	1.000258446346182	1.090760400772800	0.02534309174993799	1.733384079562432
190272317619528.6	0.02535295524694739	1.731070369565304	1.000272929508867	1.194669532840101	1.000272929508867	1.194669532840101	0.02535295524694739	1.731070369565304
190398492896464.7	0.02536238449283455	1.728774451133333	1.000286706335335	1.298574840876627	1.000286706335335	1.298574840876627	0.02536238449283455	1.728774451133333
190524668173400.7	0.02537134240386769	1.726492264386510	1.000299723147958	1.402476267115352	1.000299723147958	1.402476267115352	0.02537134240386769	1.726492264386510
190650843450336.7	0.02537980816165369	1.724219624021125	1.000311931754759	1.506373751668457	1.000311931754759	1.506373751668457	0.02537980816165369	1.724219624021125
190777018727272.7	0.02538777735656750	1.721952317185194	1.000323289451377	1.610267232935951	1.000323289451377	1.610267232935951	0.02538777735656750	1.721952317185194
190903194004208.8	0.02539526176026249	1.719686199651384	1.000333758993920	1.714156648001117	1.000333758993920	1.714156648001117	0.02539526176026249	1.719686199651384
191029369281144.8	0.02540228874203169	1.717417288266566	1.000343308545003	1.818041933010109	1.000343308545003	1.818041933010109	0.02540228874203169	1.717417288266566
191155544558080.8	0.02540890035092919	1.715141847798608	1.000351911595383	1.921923023534458	1.000351911595383	1.921923023534458	0.02540890035092919	1.715141847798608
191281719835016.8	0.02541515209203160	1.712856470463608	1.000359546863595	2.025799854915061	1.000359546863595	2.025799854915061	0.02541515209203160	1.712856470463608
191407895111952.8	0.02542111143092500	1.710558146614049	1.000366198176217	2.129672362586728	1.000366198176217	2.129672362586728	0.02542111143092500	1.710558146614049
191534070388888.9	0.02542685606534882	1.708244325274893	1.000371854331146	2.233540482382573	1.000371854331146	2.233540482382573	0.02542685606534882	1.708244325274893
191660245665824.9	0.02543247200689177	1.705912963449974	1.000376508946466	2.337404150817825	1.000376508946466	2.337404150817825	0.02543247200689177	1.705912963449974
191786420942760.9	0.02543805151869421	1.703562563366980	1.000380160297239	2.441263305352995	1.000380160297239	2.441263305352995	0.02543805151869421	1.703562563366980
191912596219697.0	0.02544369095713453	1.701192197090818	1.000382811142593	2.545117884636333	1.000382811142593	2.545117884636333	0.02544369095713453	1.701192197090818
192038771496633.0	0.02544948856649200	1.698801518204173	1.000384468545315	2.648967828726260	1.000384468545315	2.648967828726260	0.02544948856649200	1.698801518204173
192164946773569.0	0.02545554227565538	1.696390760530012	1.000385143685879	2.752813079293991	1.000385143685879	2.752813079293991	0.02545554227565538	1.696390760530012
192291122050505.0	0.02546194754487579	1.693960724147416	1.000384851672927	2.856653579807265	1.000384851672927	2.856653579807265	0.02546194754487579	1.693960724147416
192417297327441.1	0.02546879530861711	1.691512749222160	1.000383611351841	2.960489275696297	1.000383611351841	2.960489275696297	0.02546879530861711	1.691512749222160
192543472604377.1	0.02547617005756817	1.689048678434024	1.000381445112901	3.064320114502264	1.000381445112901	3.064320114502264	0.02547617005756817	1.689048678434024
192669647881313.1	0.02548414809906928	1.686570809028067	1.000378378700370	3.168146046010647	1.000378378700370	3.168146046010647	0.02548414809906928	1.686570809028067
192795823158249.2	0.02549279603049898	1.684081835734669	1.000374441023548	3.271967022369481	1.000374441023548	3.271967022369481	0.02549279603049898	1.684081835734669
192921998435185.2	0.02550216945491913	1.681584785997335	1.000369663970743	3.375782998194425	1.000369663970743	3.375782998194425	0.02550216945491913	1.681584785997335
193048173712121.2	0.02551231196220018	1.679082949101086	1.000364082226824	3.479593930661799	1.000364082226824	3.479593930661799	0.02551231196220018	1.679082949101086
193174348989057.3	0.02552325439264568	1.676579800912424	1.000357733094842	3.583399779590735	1.000357733094842	3.583399779590735	0.02552325439264568	1.676579800912424
193300524265993.3	0.02553501439337613	1.674078926014979	1.000350656322025	3.687200507515760	1.000350656322025	3.687200507515760	0.02553501439337613	1.674078926014979
193426699542929.3	0.02554759627103743	1.671583939053748	1.000342893930323	3.790996079751125	1.000342893930323	3.790996079751125	0.02554759627103743	1.671583939053748
193552874819865.3	0.02556099113774597	1.669098407083643	1.000334490051365	3.894786464447485	1.000334490051365	3.894786464447485	0.02556099113774597	1.669098407083643
193679050096801.3	0.02557517734059455	1.666625774652888	1.000325490765873	3.998571632642649	1.000325490765873	3.998571632642649	0.02557517734059455	1.666625774652888
193805225373737.4	0.02559012115907086	1.664169293253482	1.000315943946975	4.102351558306555	1.000315943946975	4.102351558306555	0.02559012115907086	1.664169293253482
193931400650673.4	0.02560577774910217	1.661731956619275	1.000305899107274	4.206126218381987	1.000305899107274	4.206126218381987	0.02560577774910217	1.661731956619275
194057575927609.4	0.02562209230747415	1.659316443182647	1.000295407249048	4.309895592820966	1.000295407249048	4.309895592820966	0.02562209230747415	1.659316443182647
194183751204545.4	0.02563900142625930	1.656925066794639	1.000284520717124	4.413659664617800	1.000284520717124	4.413659664617800	0.02563900142625930	1.656925066794639
194309926481481.5	0.02565643460342690	1.654559736589792	1.000273293053852	4.517418419839181	1.000273293053852	4.517418419839181	0.02565643460342690	1.654559736589792
194436101758417.5	0.02567431587335008	1.652221926643109	1.000261778855552	4.621171847651098	1.000261778855552	4.621171847651098	0.02567431587335008	1.652221926643109
194562277035353.5	0.02569256551930502	1.649912655821773	1.000250033629921	4.724919940343399	1.000250033629921	4.724919940343399	0.02569256551930502	1.649912655821773
194688452312289.6	0.02571110182929400	1.647632477995831	1.000238113653785	4.828662693351425	1.000238113653785	4.828662693351425	0.02571110182929400	1.647632477995831
194814627589225.6	0.02572984285669725	1.645381482539319	1.000226075830661	4.932400105274911	1.000226075830661	4.932400105274911	0.02572984285669725	1.645381482539319
194940802866161.6	0.02574870814821399	1.643159304829460	1.000213977547747	5.036132177893665	1.000213977547747	5.036132177893665	0.02574870814821399	1.643159304829460
195066978143097.6	0.02576762040313219	1.640965146252742	1.000201876531812	5.139858916180176	1.000201876531812	5.139858916180176	0.02576762040313219	1.640965146252742
195193153420033.7	0.02578650703066958	1.638797803040686	1.000189830703759	5.243580328308294	1.000189830703759	5.243580328308294	0.02578650703066958	1.638797803040686
195319328696969.7	0.02580530157468766	1.636655703100910	1.000177898031582	5.347296425657552	1.000177898031582	5.347296425657552	0.02580530157468766	1.636655703100910
195445503973905.7	0.02582394497888041	1.634536949872936	1.000166136381548	5.451007222813079	1.000166136381548	5.451007222813079	0.02582394497888041	1.634536949872936
195571679250841.8	0.02584238666935525	1.632439372130808	1.000154603367621	5.554712737560110	1.000154603367621	5.554712737560110	0.02584238666935525	1.632439372130808
195697854527777.8	0.02586058543566604	1.630360578569202	1.000143356199125	5.658412990872728	1.000143356199125	5.658412990872728	0.02586058543566604	1.630360578569202
195824029804713.8	0.02587851009586329	1.628298015951609	1.000132451526822	5.762108006896293	1.000132451526822	5.762108006896293	0.02587851009586329	1.628298015951609
195950205081649.8	0.02589613993572609	1.626249029566313	1.000121945287651	5.865797812922985	1.000121945287651	5.865797812922985	0.02589613993572609	1.626249029566313
196076380358585.8	0.02591346491687668	1.624210924720640	1.000111892548490	5.969482439360030	1.000111892548490	5.969482439360030	0.02591346491687668	1.624210924720640
196202555635521.9	0.02593048565320856	1.622181028017744	1.000102347349320	6.073161919690032	1.000102347349320	6.073161919690032	0.02593048565320856	1.622181028017744
196328730912457.9	0.02594721315949444	1.620156747188349	1.000093362546388	6.176836290423164	1.000093362546388	6.176836290423164	0.02594721315949444	1.620156747188349
196454906189393.9	0.02596366838039714	1.618135628300446	1.000084989655852	6.280505591040748	1.000084989655852	6.280505591040748	0.02596366838039714	1.618135628300446
196581081466330.0	0.02597988151232955	1.616115409237555	1.000077278698604	6.384169863930112	1.000077278698604	6.384169863930112	0.02597988151232955	1.616115409237555
196707256743266.0	0.02599589113424004	1.614094068419694	1.000070278046921	6.487829154310332	1.000070278046921	6.487829154310332	0.02599589113424004	1.614094068419694
196833432020202.0	0.02601174316717959	1.612069867842691	1.000064034273711	6.591483510149077	1.000064034273711	6.591483510149077	0.02601174316717959	1.612069867842691
196959607297138.0	0.02602748968535920	1.610041389624786	1.000058592004993	6.695132982070311	1.000058592004993	6.695132982070311	0.02602748968535920	1.610041389624786
197085782574074.1	0.02604318760420784	1.608007565378120	1.000053993776455	6.798777623253081	1.000053993776455	6.798777623253081	0.02604318760420784	1.608007565378120
197211957851010.1	0.02605889727312557	1.605967697861724	1.000050279894751	6.902417489321597	1.000050279894751	6.902417489321597	0.02605889727312557	1.605967697861724
197338133127946.1	0.02607468100219293	1.603921474522244	1.000047488304312	7.006052638226824	1.000047488304312	7.006052638226824	0.02607468100219293	1.603921474522244
197464308404882.2	0.02609060155333882	1.601868972687719	1.000045654460290	7.109683130120067	1.000045654460290	7.109683130120067	0.02609060155333882	1.601868972687719
197590483681818.2	0.02610672062689997	1.599810656339569	1.000044811208336	7.213309027218954	1.000044811208336	7.213309027218954	0.02610672062689997	1.599810656339569
197716658958754.2	0.02612309737449450	1.597747364558899	1.000044988671769	7.316930393666325	1.000044988671769	7.316930393666325	0.02612309737449450	1.597747364558899
197842834235690.2	0.02613978696849881	1.595680291905079	1.000046214146667	7.420547295382884	1.000046214146667	7.420547295382884	0.02613978696849881	1.595680291905079
197969009512626.3	0.02615683925713816	1.593610961149488	1.000048512005328	7.524159799913745	1.000048512005328	7.524159799913745	0.02615683925713816	1.593610961149488
198095184789562.3	0.02617429753240845	1.591541188941405	1.000051903608496	7.627767976270317	1.000051903608496	7.627767976270317	0.02617429753240845	1.591541188941405
198221360066498.3	0.02619219743570983	1.589473045129418	1.000056407226593	7.731371894767525	1.000056407226593	7.731371894767525	0.02619219743570983	1.589473045129418
198347535343434.3	0.02621056602320816	1.587408806588643	1.000062037970260	7.834971626858032	1.000062037970260	7.834971626858032	0.02621056602320816	1.587408806588643
198473710620370.4	0.02622942100966218	1.585350906521259	1.000068807730267	7.938567244963193	1.000068807730267	7.938567244963193	0.02622942100966218	1.585350906521259
198599885897306.4	0.02624877020580488	1.583301880285177	1.000076725126691	8.042158822302456	1.000076725126691	8.042158822302456	0.02624877020580488	1.583301880285177
198726061174242.4	0.02626861116039908	1.581264308876662	1.000085795467633	8.145746432721664	1.000085795467633	8.145746432721664	0.02626861116039908	1.581264308876662
198852236451178.4	0.02628893101398643	1.579240761235782	1.000096020717022	8.249330150520672	1.000096020717022	8.249330150520672	0.02628893101398643	1.579240761235782
198978411728114.5	0.02630970656701477	1.577233736559848	1.000107399471407	8.352910050281661	1.000107399471407	8.352910050281661	0.02630970656701477	1.577233736559848
199104587005050.5	0.02633090456078372	1.575245607800540	1.000119926945471	8.456486206698379	1.000119926945471	8.456486206698379	0.02633090456078372	1.575245607800540
199230762281986.5	0.02635248216547358	1.573278567486895	1.000133594965867	8.560058694407093	1.000133594965867	8.560058694407093	0.02635248216547358	1.573278567486895
199356937558922.6	0.02637438766536502	1.571334576952428	1.000148391972949	8.663627587819672	1.000148391972949	8.663627587819672	0.02637438766536502	1.571334576952428
199483112835858.6	0.02639656132775234	1.569415319966162	1.000164303029977	8.767192960959712	1.000164303029977	8.767192960959712	0.02639656132775234	1.569415319966162
199609288112794.6	0.02641893643838247	1.567522161660984	1.000181309839229	8.870754887301704	1.000181309839229	8.870754887301704	0.02641893643838247	1.567522161660984
199735463389730.6	0.02644144048338352	1.565656113536156	1.000199390764568	8.974313439613589	1.000199390764568	8.974313439613589	0.02644144048338352	1.565656113536156
199861638666666.7	0.02646399645488247	1.563817805176845	1.000218520859761	9.077868689803459	1.000218520859761	9.077868689803459	0.02646399645488247	1.563817805176845
