187370286250000.0	0.02505657041983485	1.893029859286239	0.9833674810443825	2.292650577082381	0.9833674810443825	2.292650577082381	0.02505657041983485	1.893029859286239
187496461526936.0	0.02499792318031115	1.890054616675499	0.9833557584850039	2.394626609518370	0.9833557584850039	2.394626609518370	0.02499792318031115	1.890054616675499
187622636803872.1	0.02493935744441127	1.887005125202764	0.9833450468220026	2.496600948578955	0.9833450468220026	2.496600948578955	0.02493935744441127	1.887005125202764
187748812080808.1	0.02488094132180611	1.883881724761129	0.9833352820129375	2.598573666252405	0.9833352820129375	2.598573666252405	0.02488094132180611	1.883881724761129
187874987357744.1	0.02482273825961850	1.880684809286666	0.9833263966471423	2.700544828597553	0.9833263966471423	2.700544828597553	0.02482273825961850	1.880684809286666
188001162634680.1	0.02476480735663805	1.877414795089915	0.9833183204511810	2.802514495643099	0.9833183204511810	2.802514495643099	0.02476480735663805	1.877414795089915
188127337911616.2	0.02470720380463974	1.874072092349871	0.9833109807877002	2.904482721326746	0.9833109807877002	2.904482721326746	0.02470720380463974	1.874072092349871
188253513188552.2	0.02464997943775953	1.870657080576791	0.9833043031449015	3.006449553473718	0.9833043031449015	3.006449553473718	0.02464997943775953	1.870657080576791
188379688465488.2	0.02459318336845117	1.867170088720512	0.9832982116138697	3.108415033811518	0.9832982116138697	3.108415033811518	0.02459318336845117	1.867170088720512
188505863742424.3	0.02453686268671753	1.863611380449173	0.9832926293514220	3.210379198019834	0.9832926293514220	3.210379198019834	0.02453686268671753	1.863611380449173
188632039019360.3	0.02448106319829868	1.859981144970069	0.9832874790263017	3.312342075812881	0.9832874790263017	3.312342075812881	0.02448106319829868	1.859981144970069
188758214296296.3	0.02442583017710477	1.856279493590379	0.9832826832466181	3.414303691052040	0.9832826832466181	3.414303691052040	0.02442583017710477	1.856279493590379
188884389573232.3	0.02437120910736923	1.852506462060618	0.9832781649669303	3.516264061886597	0.9832781649669303	3.516264061886597	0.02437120910736923	1.852506462060618
189010564850168.3	0.02431724639216495	1.848662018564707	0.9832738478735728	3.618223200919388	0.9832738478735728	3.618223200919388	0.02431724639216495	1.848662018564707
189136740127104.4	0.02426399000622384	1.844746077074914	0.9832696567468112	3.720181115395737	0.9832696567468112	3.720181115395737	0.02426399000622384	1.844746077074914
189262915404040.4	0.02421149007326913	1.840758515637846	0.9832655177991312	3.822137807412165	0.9832655177991312	3.822137807412165	0.02421149007326913	1.840758515637846
189389090680976.4	0.02415979935050715	1.836699199026354	0.9832613589887755	3.924093274143163	0.9832613589887755	3.924093274143163	0.02415979935050715	1.836699199026354
189515265957912.5	0.02410897360592009	1.832568005076672	0.9832571103081923	4.026047508082685	0.9832571103081923	4.026047508082685	0.02410897360592009	1.832568005076672
189641441234848.5	0.02405907187719178	1.828364853937645	0.9832527040470975	4.128000497298359	0.9832527040470975	4.128000497298359	0.02405907187719178	1.828364853937645
189767616511784.5	0.02401015660453981	1.824089739380165	0.9832480750302646	4.229952225695989	0.9832480750302646	4.229952225695989	0.02401015660453981	1.824089739380165
189893791788720.5	0.02396229363327816	1.819742761268788	0.9832431608301049	4.331902673291514	0.9832431608301049	4.331902673291514	0.02396229363327816	1.819742761268788
190019967065656.6	0.02391555208552770	1.815324158267071	0.9832379019545993	4.433851816488911	0.9832379019545993	4.433851816488911	0.02391555208552770	1.815324158267071
190146142342592.6	0.02387000410392994	1.810834339845128	0.9832322420110704	4.535799628361438	0.9832322420110704	4.535799628361438	0.02387000410392994	1.810834339845128
190272317619528.6	0.02382572447366115	1.806273916678825	0.9832261278465880	4.637746078934475	0.9832261278465880	4.637746078934475	0.02382572447366115	1.806273916678825
190398492896464.7	0.02378279013215101	1.801643728571932	0.9832195096657954	4.739691135468133	0.9832195096657954	4.739691135468133	0.02378279013215101	1.801643728571932
190524668173400.7	0.02374127957869026	1.796944869099156	0.9832123411272618	4.841634762737872	0.9832123411272618	4.841634762737872	0.02374127957869026	1.796944869099156
190650843450336.7	0.02370127219871054	1.792178706250367	0.9832045794193427	4.943576923312227	0.9832045794193427	4.943576923312227	0.02370127219871054	1.792178706250367
190777018727272.7	0.02366284751946005	1.787346898462628	0.9831961853167563	5.045517577825303	0.9831961853167563	5.045517577825303	0.02366284751946005	1.787346898462628
190903194004208.8	0.02362608441550390	1.782451405544091	0.9831871232190144	5.147456685244050	0.9831871232190144	5.147456685244050	0.02362608441550390	1.782451405544091
191029369281144.8	0.02359106028357156	1.777494494124905	0.9831773611720087	5.249394203128624	0.9831773611720087	5.249394203128624	0.02359106028357156	1.777494494124905
191155544558080.8	0.02355785020685060	1.772478737414717	0.9831668708739548	5.351330087885365	0.9831668708739548	5.351330087885365	0.02355785020685060	1.772478737414717
191281719835016.8	0.02352652612899725	1.767407009187855	0.9831556276668940	5.453264295011650	0.9831556276668940	5.453264295011650	0.02352652612899725	1.767407009187855
191407895111952.8	0.02349715605764151	1.762282472074139	0.9831436105150546	5.555196779332185	0.9831436105150546	5.555196779332185	0.02349715605764151	1.762282472074139
191534070388888.9	0.02346980331629764	1.757108560373770	0.9831308019711473	5.657127495226376	0.9831308019711473	5.657127495226376	0.02346980331629764	1.757108560373770
191660245665824.9	0.02344452586216071	1.751888957760123	0.9831171881317703	5.759056396846549	0.9831171881317703	5.759056396846549	0.02344452586216071	1.751888957760123
191786420942760.9	0.02342137568548810	1.746627570364259	0.9831027585829730	5.860983438326958	0.9831027585829730	5.860983438326958	0.02342137568548810	1.746627570364259
191912596219697.0	0.02340039830404413	1.741328495853398	0.9830875063369468	5.962908573983404	0.9830875063369468	5.962908573983404	0.02340039830404413	1.741328495853398
192038771496633.0	0.02338163236356657	1.735995989215239	0.9830714277608383	6.064831758503844	0.9830714277608383	6.064831758503844	0.02338163236356657	1.735995989215239
192164946773569.0	0.02336510935247748	1.730634426040089	0.9830545224983601	6.166752947129797	0.9830545224983601	6.166752947129797	0.02336510935247748	1.730634426040089
192291122050505.0	0.02335085343610631	1.725248264153476	0.9830367933850961	6.268672095828897	0.9830367933850961	6.268672095828897	0.02335085343610631	1.725248264153476
192417297327441.1	0.02333888141267677	1.719842004481619	0.9830182463581126	6.370589161459020	0.9830182463581126	6.370589161459020	0.02333888141267677	1.719842004481619
192543472604377.1	0.02332920279028164	1.714420152044293	0.9829988903604316	6.472504101923530	0.9829988903604316	6.472504101923530	0.02332920279028164	1.714420152044293
192669647881313.1	0.02332181998109945	1.708987177953441	0.9829787372408952	6.574416876319096	0.9829787372408952	6.574416876319096	0.02332181998109945	1.708987177953441
192795823158249.2	0.02331672860629232	1.703547483253908	0.9829578016498414	6.676327445075177	0.9829578016498414	6.676327445075177	0.02331672860629232	1.703547483253908
192921998435185.2	0.02331391790247344	1.698105365383378	0.9829361009309499	6.778235770086124	0.9829361009309499	6.778235770086124	0.02331391790247344	1.698105365383378
193048173712121.2	0.02331337121824131	1.692664987942935	0.9829136550095339	6.880141814835991	0.9829136550095339	6.880141814835991	0.02331337121824131	1.692664987942935
193174348989057.3	0.02331506658741639	1.687230354372078	0.9828904862775535	6.982045544516181	0.9828904862775535	6.982045544516181	0.02331506658741639	1.687230354372078
193300524265993.3	0.02331897736394549	1.681805286006529	0.9828666194755011	7.083946926136208	0.9828666194755011	7.083946926136208	0.02331897736394549	1.681805286006529
193426699542929.3	0.02332507290228647	1.676393404874563	0.9828420815713659	7.185845928627853	0.9828420815713659	7.185845928627853	0.02332507290228647	1.676393404874563
193552874819865.3	0.02333331926640710	1.670998121456914	0.9828169016367009	7.287742522942366	0.9828169016367009	7.287742522942366	0.02333331926640710	1.670998121456914
193679050096801.3	0.02334367995012396	1.665622627500359	0.9827911107201147	7.389636682141474	0.9827911107201147	7.389636682141474	0.02334367995012396	1.665622627500359
193805225373737.4	0.02335611659170473	1.660269893849745	0.9827647417180044	7.491528381481543	0.9827647417180044	7.491528381481543	0.02335611659170473	1.660269893849745
193931400650673.4	0.02337058966622746	1.654942673129657	0.9827378292428685	7.593417598491539	0.9827378292428685	7.593417598491539	0.02337058966622746	1.654942673129657
194057575927609.4	0.02338705914002757	1.649643506994815	0.9827104094891828	7.695304313044135	0.9827104094891828	7.695304313044135	0.02338705914002757	1.649643506994815
194183751204545.4	0.02340548507296034	1.644374737559125	0.9826825200969865	7.797188507420271	0.9826825200969865	7.797188507420271	0.02340548507296034	1.644374737559125
194309926481481.5	0.02342582815573512	1.639138522520444	0.9826542000133526	7.899070166367112	0.9826542000133526	7.899070166367112	0.02342582815573512	1.639138522520444
194436101758417.5	0.02344805017144482	1.633936853420556	0.9826254893518223	8.000949277148788	0.9826254893518223	8.000949277148788	0.02344805017144482	1.633936853420556
194562277035353.5	0.02347211437254103	1.628771576418657	0.9825964292501201	8.102825829590474	0.9825964292501201	8.102825829590474	0.02347211437254103	1.628771576418657
194688452312289.6	0.02349798576664988	1.623644414911850	0.9825670617262804	8.204699816115106	0.9825670617262804	8.204699816115106	0.02349798576664988	1.623644414911850
194814627589225.6	0.02352563130700502	1.618556993313856	0.9825374295334729	8.306571231772850	0.9825374295334729	8.306571231772850	0.02352563130700502	1.618556993313856
194940802866161.6	0.02355501998565675	1.613510861290108	0.9825075760138785	8.408440074262966	0.9825075760138785	8.408440074262966	0.02355501998565675	1.613510861290108
195066978143097.6	0.02358612282981525	1.608507517762035	0.9824775449518747	8.510306343948336	0.9824775449518747	8.510306343948336	0.02358612282981525	1.608507517762035
195193153420033.7	0.02361891280431515	1.603548434015600	0.9824473804269460	8.612170043862108	0.9824473804269460	8.612170043862108	0.02361891280431515	1.603548434015600
195319328696969.7	0.02365336462492653	1.598635075292749	0.9824171266667204	8.714031179706364	0.9824171266667204	8.714031179706364	0.02365336462492653	1.598635075292749
195445503973905.7	0.02368945448957456	1.593768920297654	0.9823868279005157	8.815889759843245	0.9823868279005157	8.815889759843245	0.02368945448957456	1.593768920297654
195571679250841.8	0.02372715973625071	1.588951478119613	0.9823565282139034	8.917745795277972	0.9823565282139034	8.917745795277972	0.02372715973625071	1.588951478119613
195697854527777.8	0.02376645843791635	1.584184302148623	0.9823262714047150	9.019599299634050	0.9823262714047150	9.019599299634050	0.02376645843791635	1.584184302148623
195824029804713.8	0.02380732894607384	1.579469000648589	0.9822961008409763	9.121450289120663	0.9822961008409763	9.121450289120663	0.02380732894607384	1.579469000648589
195950205081649.8	0.02384974939568851	1.574807243743735	0.9822660593212719	9.223298782492346	0.9822660593212719	9.223298782492346	0.02384974939568851	1.574807243743735
196076380358585.8	0.02389369718481973	1.570200766668618	0.9822361889380004	9.325144801001162	0.9822361889380004	9.325144801001162	0.02389369718481973	1.570200766668618
196202555635521.9	0.02393914844276705	1.565651369230527	0.9822065309439957	9.426988368341482	0.9822065309439957	9.426988368341482	0.02393914844276705	1.565651369230527
196328730912457.9	0.02398607750057124	1.561160911529315	0.9821771256230027	9.528829510587764	0.9821771256230027	9.528829510587764	0.02398607750057124	1.561160911529315
196454906189393.9	0.02403445637744291	1.556731306070108	0.9821480121644087	9.630668256125514	0.9821480121644087	9.630668256125514	0.02403445637744291	1.556731306070108
196581081466330.0	0.02408425429625558	1.552364506497456	0.9821192285426444	9.732504635575891	0.9821192285426444	9.732504635575891	0.02408425429625558	1.552364506497456
196707256743266.0	0.02413543724018335	1.548062493252504	0.9820908114016522	9.834338681714190	0.9820908114016522	9.834338681714190	0.02413543724018335	1.548062493252504
196833432020202.0	0.02418796756172027	1.543827256532644	0.9820627959447543	9.936170429382862	0.9820627959447543	9.936170429382862	0.02418796756172027	1.543827256532644
196959607297138.0	0.02424180365375120	1.539660776989622	0.9820352158301725	10.03799991539931	0.9820352158301725	10.03799991539931	0.02424180365375120	1.539660776989622
197085782574074.1	0.02429689969091655	1.535565004651186	0.9820081030724909	10.13982717845909	0.9820081030724909	10.13982717845909	0.02429689969091655	1.535565004651186
197211957851010.1	0.02435320544781427	1.531541836587918	0.9819814879502238	10.24165225903496	0.9819814879502238	10.24165225903496	0.02435320544781427	1.531541836587918
197338133127946.1	0.02441066619867355	1.527593093866217	0.9819553989196520	10.34347519927229	0.9819553989196520	10.34347519927229	0.02441066619867355	1.527593093866217
197464308404882.2	0.02446922270133118	1.523720498339995	0.9819298625349733	10.44529604288147	0.9819298625349733	10.44529604288147	0.02446922270133118	1.523720498339995
197590483681818.2	0.02452881126637327	1.519925649823978	0.9819049033748176	10.54711483502761	0.9819049033748176	10.54711483502761	0.02452881126637327	1.519925649823978
197716658958754.2	0.02458936391035206	1.516210004175964	0.9818805439751120	10.64893162221832	0.9818805439751120	10.64893162221832	0.02458936391035206	1.516210004175964
197842834235690.2	0.02465080859022156	1.512574852784044	0.9818568047681986	10.75074645218994	0.9818568047681986	10.75074645218994	0.02465080859022156	1.512574852784044
197969009512626.3	0.02471306951430945	1.509021303910669	0.9818337040280506	10.85255937379249	0.9818337040280506	10.85255937379249	0.02471306951430945	1.509021303910669
198095184789562.3	0.02477606752354994	1.505550266297000	0.9818112578214786	10.95437043687426	0.9818112578214786	10.95437043687426	0.02477606752354994	1.505550266297000
198221360066498.3	0.02483972053526620	1.502162435370117	0.9817894799650251	11.05617969216590	0.9817894799650251	11.05617969216590	0.02483972053526620	1.502162435370117
198347535343434.3	0.02490394404055658	1.498858282329342	0.9817683819873774	11.15798719116504	0.9817683819873774	11.15798719116504	0.02490394404055658	1.498858282329342
198473710620370.4	0.02496865164526421	1.495638046319709	0.9817479730969887	11.25979298602089	0.9817479730969887	11.25979298602089	0.02496865164526421	1.495638046319709
198599885897306.4	0.02503375564379470	1.492501729827479	0.9817282601544423	11.36159712941998	0.9817282601544423	11.36159712941998	0.02503375564379470	1.492501729827479
198726061174242.4	0.02509916761444099	1.489449097358270	0.9817092476495725	11.46339967447275	0.9817092476495725	11.46339967447275	0.02509916761444099	1.489449097358270
198852236451178.4	0.02516479902467055	1.486479677389283	0.9816909376826688	11.56520067460112	0.9816909376826688	11.56520067460112	0.02516479902467055	1.486479677389283
198978411728114.5	0.02523056183470375	1.483592767514602	0.9816733299495783	11.66700018342755	0.9816733299495783	11.66700018342755	0.02523056183470375	1.483592767514602
199104587005050.5	0.02529636908801807	1.480787442639158	0.9816564217303825	11.76879825466529	0.9816564217303825	11.76879825466529	0.02529636908801807	1.480787442639158
199230762281986.5	0.02536213547782053	1.478062566017543	0.9816402078812638	11.87059494201001	0.9816402078812638	11.87059494201001	0.02536213547782053	1.478062566017543
199356937558922.6	0.02542777787916653	1.475416802877297	0.9816246808293002	11.97239029903254	0.9816246808293002	11.97239029903254	0.02542777787916653	1.475416802877297
199483112835858.6	0.02549321583739126	1.472848636323830	0.9816098305698838	12.07418437907313	0.9816098305698838	12.07418437907313	0.02549321583739126	1.472848636323830
199609288112794.6	0.02555837200439332	1.470356385181424	0.9815956446665348	12.17597723513660	0.9815956446665348	12.17597723513660	0.02555837200439332	1.470356385181424
199735463389730.6	0.02562317251568814	1.467938223397104	0.9815821082529163	12.27776891978818	0.9815821082529163	12.27776891978818	0.02562317251568814	1.467938223397104
199861638666666.7	0.02568754730233035	1.465592200609450	0.9815692040367904	12.37955948505040	0.9815692040367904	12.37955948505040	0.02568754730233035	1.465592200609450
