187370286250000.0	0.02691567073932878	1.771610511974126	1.000092189947154	0.8358499568139609	1.000092189947154	0.8358499568139609	0.02691567073932878	1.771610511974126
187496461526936.0	0.02692749634987754	1.769351292010173	1.000089781779975	0.9318787777441662	1.000089781779975	0.9318787777441662	0.02692749634987754	1.769351292010173
187622636803872.1	0.02693884667499711	1.767087235292619	1.000088094143891	1.027903084298290	1.000088094143891	1.027903084298290	0.02693884667499711	1.767087235292619
187748812080808.1	0.02694983338559832	1.764815464479848	1.000087110444296	1.123922937592536	1.000087110444296	1.123922937592536	0.02694983338559832	1.764815464479848
187874987357744.1	0.02696057541980856	1.762533908457088	1.000086810835176	1.219938396705983	1.000086810835176	1.219938396705983	0.02696057541980856	1.762533908457088
188001162634680.1	0.02697119540601432	1.760241315892206	1.000087172403114	1.315949518486223	1.000087172403114	1.315949518486223	0.02697119540601432	1.760241315892206
188127337911616.2	0.02698181612710835	1.757937248302081	1.000088169360506	1.411956357367448	1.000088169360506	1.411956357367448	0.02698181612710835	1.757937248302081
188253513188552.2	0.02699255710875733	1.755622053382107	1.000089773247705	1.507958965201178	1.000089773247705	1.507958965201178	0.02699255710875733	1.755622053382107
188379688465488.2	0.02700353140935127	1.753296819789858	1.000091953143942	1.603957391100763	1.000091953143942	1.603957391100763	0.02700353140935127	1.753296819789858
188505863742424.3	0.02701484268239779	1.750963314983780	1.000094675886624	1.699951681299836	1.000094675886624	1.699951681299836	0.02701484268239779	1.750963314983780
188632039019360.3	0.02702658257380088	1.748623908088362	1.000097906298456	1.795941879025761	1.000097906298456	1.795941879025761	0.02702658257380088	1.748623908088362
188758214296296.3	0.02703882850677210	1.746281480075887	1.000101607421781	1.891928024389160	1.000101607421781	1.891928024389160	0.02703882850677210	1.746281480075887
188884389573232.3	0.02705164189632461	1.743939323824950	1.000105740759315	1.987910154289830	1.000105740759315	1.987910154289830	0.02705164189632461	1.743939323824950
189010564850168.3	0.02706506682392942	1.741601036797849	1.000110266520271	2.083888302340088	1.000110266520271	2.083888302340088	0.02706506682392942	1.741601036797849
189136740127104.4	0.02707912919076136	1.739270409210719	1.000115143870749	2.179862498806546	1.000115143870749	2.179862498806546	0.02707912919076136	1.739270409210719
189262915404040.4	0.02709383635592479	1.736951310603019	1.000120331187161	2.275832770570390	1.000120331187161	2.275832770570390	0.02709383635592479	1.736951310603019
189389090680976.4	0.02710917725396563	1.734647577677675	1.000125786311214	2.371799141107005	1.000125786311214	2.371799141107005	0.02710917725396563	1.734647577677675
189515265957912.5	0.02712512297461545	1.732362906166901	1.000131466804950	2.467761630485542	1.000131466804950	2.467761630485542	0.02712512297461545	1.732362906166901
189641441234848.5	0.02714162777689377	1.730100749289364	1.000137330204236	2.563720255387933	1.000137330204236	2.563720255387933	0.02714162777689377	1.730100749289364
189767616511784.5	0.02715863050011481	1.727864225112543	1.000143334268981	2.659675029148442	1.000143334268981	2.659675029148442	0.02715863050011481	1.727864225112543
189893791788720.5	0.02717605632595416	1.725656034825191	1.000149437228310	2.755625961812230	1.000149437228310	2.755625961812230	0.02717605632595416	1.725656034825191
190019967065656.6	0.02719381883892647	1.723478393577915	1.000155598019028	2.851573060214018	1.000155598019028	2.851573060214018	0.02719381883892647	1.723478393577915
190146142342592.6	0.02721182232710565	1.721332975171346	1.000161776515501	2.947516328075094	1.000161776515501	2.947516328075094	0.02721182232710565	1.721332975171346
190272317619528.6	0.02722996426144644	1.719220871475566	1.000167933749342	3.043455766118706	1.000167933749342	3.043455766118706	0.02722996426144644	1.719220871475566
190398492896464.7	0.02724813788992549	1.717142567071337	1.000174032117204	3.139391372202169	1.000174032117204	3.139391372202169	0.02724813788992549	1.717142567071337
190524668173400.7	0.02726623488230994	1.715097929216641	1.000180035575163	3.235323141465278	1.000180035575163	3.235323141465278	0.02726623488230994	1.715097929216641
190650843450336.7	0.02728414796254321	1.713086212871994	1.000185909818273	3.331251066492907	1.000185909818273	3.331251066492907	0.02728414796254321	1.713086212871994
190777018727272.7	0.02730177346812851	1.711106080184481	1.000191622444003	3.427175137490882	1.000191622444003	3.427175137490882	0.02730177346812851	1.711106080184481
190903194004208.8	0.02731901377982837	1.709155633524967	1.000197143098473	3.523095342472971	1.000197143098473	3.523095342472971	0.02731901377982837	1.709155633524967
191029369281144.8	0.02733577956968030	1.707232460909398	1.000202443604565	3.619011667457805	1.000202443604565	3.619011667457805	0.02733577956968030	1.707232460909398
191155544558080.8	0.02735199182123558	1.705333692416611	1.000207498071254	3.714924096673164	1.000207498071254	3.714924096673164	0.02735199182123558	1.705333692416611
191281719835016.8	0.02736758358229021	1.703456066035266	1.000212282983523	3.810832612766318	1.000212282983523	3.810832612766318	0.02736758358229021	1.703456066035266
191407895111952.8	0.02738250141750549	1.701596001239184	1.000216777272790	3.906737197017828	1.000216777272790	3.906737197017828	0.02738250141750549	1.701596001239184
191534070388888.9	0.02739670653557189	1.699749678496765	1.000220962367622	4.002637829557662	1.000220962367622	4.002637829557662	0.02739670653557189	1.699749678496765
191660245665824.9	0.02741017557332327	1.697913122864047	1.000224822225047	4.098534489580340	1.000224822225047	4.098534489580340	0.02741017557332327	1.697913122864047
191786420942760.9	0.02742290102667152	1.696082289795339	1.000228343342756	4.194427155558801	1.000228343342756	4.194427155558801	0.02742290102667152	1.696082289795339
191912596219697.0	0.02743489132594410	1.694253151315445	1.000231514752901	4.290315805453565	1.000231514752901	4.290315805453565	0.02743489132594410	1.694253151315445
192038771496633.0	0.02744617056048744	1.692421780746812	1.000234327998239	4.386200416916715	1.000234327998239	4.386200416916715	0.02744617056048744	1.692421780746812
192164946773569.0	0.02745677786447724	1.690584434254725	1.000236777091661	4.482080967488016	1.000236777091661	4.482080967488016	0.02745677786447724	1.690584434254725
192291122050505.0	0.02746676648247902	1.688737627573997	1.000238858460247	4.577957434782516	1.000238858460247	4.577957434782516	0.02746676648247902	1.688737627573997
192417297327441.1	0.02747620253950533	1.686878206401068	1.000240570875169	4.673829796667728	1.000240570875169	4.673829796667728	0.02747620253950533	1.686878206401068
192543472604377.1	0.02748516354580520	1.685003409081788	1.000241915368896	4.769698031429531	1.000241915368896	4.769698031429531	0.02748516354580520	1.685003409081788
192669647881313.1	0.02749373667152127	1.683110920389094	1.000242895141220	4.865562117925603	1.000242895141220	4.865562117925603	0.02749373667152127	1.683110920389094
192795823158249.2	0.02750201683056693	1.681198915368110	1.000243515455717	4.961422035726058	1.000243515455717	4.961422035726058	0.02750201683056693	1.681198915368110
192921998435185.2	0.02751010461635550	1.679266092430162	1.000243783528322	5.057277765240177	1.000243783528322	5.057277765240177	0.02751010461635550	1.679266092430162
193048173712121.2	0.02751810413467440	1.677311695090780	1.000243708409666	5.153129287829160	1.000243708409666	5.153129287829160	0.02751810413467440	1.677311695090780
193174348989057.3	0.02752612078048574	1.675335521978896	1.000243300862883	5.248976585905044	1.000243300862883	5.248976585905044	0.02752612078048574	1.675335521978896
193300524265993.3	0.02753425900622385	1.673337924981490	1.000242573238499	5.344819643015125	1.000242573238499	5.344819643015125	0.02753425900622385	1.673337924981490
193426699542929.3	0.02754262012895147	1.671319795634012	1.000241539348014	5.440658443913046	1.000241539348014	5.440658443913046	0.02754262012895147	1.671319795634012
193552874819865.3	0.02755130022243676	1.669282540110491	1.000240214337658	5.536492974616156	1.000240214337658	5.536492974616156	0.02755130022243676	1.669282540110491
193679050096801.3	0.02756038813812438	1.667228043411236	1.000238614563731	5.632323222450375	1.000238614563731	5.632323222450375	0.02756038813812438	1.667228043411236
193805225373737.4	0.02756996369596309	1.665158623573677	1.000236757470838	5.728149176082816	1.000236757470838	5.728149176082816	0.02756996369596309	1.665158623573677
193931400650673.4	0.02758009608207324	1.663076976952769	1.000234661474084	5.823970825543729	1.000234661474084	5.823970825543729	0.02758009608207324	1.663076976952769
194057575927609.4	0.02759084248556990	1.660986115805814	1.000232345846328	5.919788162237836	1.000232345846328	5.919788162237836	0.02759084248556990	1.660986115805814
194183751204545.4	0.02760224700154677	1.658889299588096	1.000229830611247	6.015601178947224	1.000229830611247	6.015601178947224	0.02760224700154677	1.658889299588096
194309926481481.5	0.02761433982124211	1.656789961496811	1.000227136442895	6.111409869826017	1.000227136442895	6.111409869826017	0.02761433982124211	1.656789961496811
194436101758417.5	0.02762713672407015	1.654691631900605	1.000224284572231	6.207214230388655	1.000224284572231	6.207214230388655	0.02762713672407015	1.654691631900605
194562277035353.5	0.02764063887968023	1.652597860348025	1.000221296700976	6.303014257492650	1.000221296700976	6.303014257492650	0.02764063887968023	1.652597860348025
194688452312289.6	0.02765483296127400	1.650512137867324	1.000218194922830	6.398809949317458	1.000218194922830	6.398809949317458	0.02765483296127400	1.650512137867324
194814627589225.6	0.02766969156501538	1.648437821241670	1.000215001652146	6.494601305340026	1.000215001652146	6.494601305340026	0.02766969156501538	1.648437821241670
194940802866161.6	0.02768517392363600	1.646378060880277	1.000211739559723	6.590388326308964	1.000211739559723	6.590388326308964	0.02768517392363600	1.646378060880277
195066978143097.6	0.02770122689635070	1.644335733800807	1.000208431515495	6.686171014217540	1.000208431515495	6.686171014217540	0.02770122689635070	1.644335733800807
195193153420033.7	0.02771778621163401	1.642313383098703	1.000205100537520	6.781949372277571	1.000205100537520	6.781949372277571	0.02771778621163401	1.642313383098703
195319328696969.7	0.02773477793424395	1.640313165113073	1.000201769746734	6.877723404893714	1.000201769746734	6.877723404893714	0.02773477793424395	1.640313165113073
195445503973905.7	0.02775212012382259	1.638336805304190	1.000198462326706	6.973493117640496	1.000198462326706	6.973493117640496	0.02775212012382259	1.638336805304190
195571679250841.8	0.02776972464872899	1.636385563650740	1.000195201487608	7.069258517241313	1.000195201487608	7.069258517241313	0.02776972464872899	1.636385563650740
195697854527777.8	0.02778749911623163	1.634460210151288	1.000192010433480	7.165019611551013	1.000192010433480	7.165019611551013	0.02778749911623163	1.634460210151288
195824029804713.8	0.02780534887840385	1.632561010791027	1.000188912331930	7.260776409541506	1.000188912331930	7.260776409541506	0.02780534887840385	1.632561010791027
195950205081649.8	0.02782317907215589	1.630687724108734	1.000185930285251	7.356528921291448	1.000185930285251	7.356528921291448	0.02782317907215589	1.630687724108734
196076380358585.8	0.02784089665183059	1.628839608280018	1.000183087302057	7.452277157979346	1.000183087302057	7.452277157979346	0.02784089665183059	1.628839608280018
196202555635521.9	0.02785841237356034	1.627015438427111	1.000180406268427	7.548021131880454	1.000180406268427	7.548021131880454	0.02785841237356034	1.627015438427111
196328730912457.9	0.02787564269213847	1.625213533669585	1.000177909917726	7.643760856366937	1.000177909917726	7.643760856366937	0.02787564269213847	1.625213533669585
196454906189393.9	0.02789251153345232	1.623431793258370	1.000175620798177	7.739496345911336	1.000175620798177	7.739496345911336	0.02789251153345232	1.623431793258370
196581081466330.0	0.02790895190835085	1.621667740975384	1.000173561237481	7.835227616092157	1.000173561237481	7.835227616092157	0.02790895190835085	1.621667740975384
196707256743266.0	0.02792490733731623	1.619918576848957	1.000171753303741	7.930954683601830	1.000171753303741	7.930954683601830	0.02792490733731623	1.619918576848957
196833432020202.0	0.02794033305920924	1.618181235118666	1.000170218762133	8.026677566255573	1.000170218762133	8.026677566255573	0.02794033305920924	1.618181235118666
196959607297138.0	0.02795519700163522	1.616452447291206	1.000168979026868	8.122396283000761	1.000168979026868	8.122396283000761	0.02795519700163522	1.616452447291206
197085782574074.1	0.02796948049512824	1.614728809056000	1.000168055108088	8.218110853925795	1.000168055108088	8.218110853925795	0.02796948049512824	1.614728809056000
197211957851010.1	0.02798317871816854	1.613006849777921	1.000167467553548	8.313821300267955	1.000167467553548	8.313821300267955	0.02798317871816854	1.613006849777921
197338133127946.1	0.02799630086509749	1.611283103252022	1.000167236384935	8.409527644418368	1.000167236384935	8.409527644418368	0.02799630086509749	1.611283103252022
197464308404882.2	0.02800887003401472	1.609554178391762	1.000167381029018	8.505229909924394	1.000167381029018	8.505229909924394	0.02800887003401472	1.609554178391762
197590483681818.2	0.02802092283696847	1.607816828529610	1.000167920243787	8.600928121487403	1.000167920243787	8.600928121487403	0.02802092283696847	1.607816828529610
197716658958754.2	0.02803250873966436	1.606068018030697	1.000168872039983	8.696622304955605	1.000168872039983	8.696622304955605	0.02803250873966436	1.606068018030697
197842834235690.2	0.02804368914300880	1.604304984965426	1.000170253598515	8.792312487311156	1.000170253598515	8.792312487311156	0.02804368914300880	1.604304984965426
197969009512626.3	0.02805453622347280	1.602525298646735	1.000172081184398	8.887998696650334	1.000172081184398	8.887998696650334	0.02805453622347280	1.602525298646735
198095184789562.3	0.02806513155373074	1.600726910917800	1.000174370058005	8.983680962156456	1.000174370058005	8.983680962156456	0.02806513155373074	1.600726910917800
198221360066498.3	0.02807556452936372	1.598908200174549	1.000177134384430	9.079359314064696	1.000177134384430	9.079359314064696	0.02807556452936372	1.598908200174549
198347535343434.3	0.02808593063099118	1.597068007225869	1.000180387141926	9.175033783618723	1.000180387141926	9.175033783618723	0.02808593063099118	1.597068007225869
198473710620370.4	0.02809632955467811	1.595205662227889	1.000184140030491	9.270704403018108	1.000184140030491	9.270704403018108	0.02809632955467811	1.595205662227889
198599885897306.4	0.02810686324617610	1.593321002083827	1.000188403381628	9.366371205357147	1.000188403381628	9.366371205357147	0.02810686324617610	1.593321002083827
198726061174242.4	0.02811763387675073	1.591414377870247	1.000193186070407	9.462034224554243	1.000193186070407	9.462034224554243	0.02811763387675073	1.591414377870247
198852236451178.4	0.02812874179987833	1.589486652034119	1.000198495430968	9.557693495272469	1.000198495430968	9.557693495272469	0.02812874179987833	1.589486652034119
198978411728114.5	0.02814028352891985	1.587539185300649	1.000204337176646	9.653349052831096	1.000204337176646	9.653349052831096	0.02814028352891985	1.587539185300649
199104587005050.5	0.02815234977587027	1.585573813436753	1.000210715325691	9.749000933109107	1.000210715325691	9.749000933109107	0.02815234977587027	1.585573813436753
199230762281986.5	0.02816502359066214	1.583592814222092	1.000217632133922	9.844649172440221	1.000217632133922	9.844649172440221	0.02816502359066214	1.583592814222092
199356937558922.6	0.02817837863882811	1.581598865186808	1.000225088034924	9.940293807501261	1.000225088034924	9.940293807501261	0.02817837863882811	1.581598865186808
199483112835858.6	0.02819247765316240	1.579594992879273	1.000233081589178	10.03593487519343	1.000233081589178	10.03593487519343	0.02819247765316240	1.579594992879273
199609288112794.6	0.02820737109173735	1.577584514612521	1.000241609442595	10.13157241251865	1.000241609442595	10.13157241251865	0.02820737109173735	1.577584514612521
199735463389730.6	0.02822309603101939	1.575570973816134	1.000250666295347	10.22720645645065	1.000250666295347	10.22720645645065	0.02822309603101939	1.575570973816134
199861638666666.7	0.02823967531823658	1.573558070269766	1.000260244881572	10.32283704380320	1.000260244881572	10.32283704380320	0.02823967531823658	1.573558070269766
