187370286250000.0	0.02451228628718497	1.788453944013341	0.9838162576264101	-2.765866047418340	0.9838162576264101	-2.765866047418340	0.02451228628718497	1.788453944013341
187496461526936.0	0.02451779581134912	1.784875827712234	0.9838000402617777	-2.664484864066509	0.9838000402617777	-2.664484864066509	0.02451779581134912	1.784875827712234
187622636803872.1	0.02452434866112781	1.781312959670975	0.9837850458186337	-2.563105583240273	0.9837850458186337	-2.563105583240273	0.02452434866112781	1.781312959670975
187748812080808.1	0.02453191836663001	1.777765869492963	0.9837712434480300	-2.461728111121167	0.9837712434480300	-2.461728111121167	0.02453191836663001	1.777765869492963
187874987357744.1	0.02454048169177316	1.774234973835553	0.9837585968951288	-2.360352358071912	0.9837585968951288	-2.360352358071912	0.02454048169177316	1.774234973835553
188001162634680.1	0.02455001888973361	1.770720607696848	0.9837470649340230	-2.258978238899268	0.9837470649340230	-2.258978238899268	0.02455001888973361	1.770720607696848
188127337911616.2	0.02456051382000022	1.767223056171886	0.9837366018048231	-2.157605673079012	0.9837366018048231	-2.157605673079012	0.02456051382000022	1.767223056171886
188253513188552.2	0.02457195393019068	1.763742585711327	0.9837271576505323	-2.056234584943427	0.9837271576505323	-2.056234584943427	0.02457195393019068	1.763742585711327
188379688465488.2	0.02458433010945026	1.760279473981483	0.9837186789512370	-1.954864903834130	0.9837186789512370	-1.954864903834130	0.02458433010945026	1.760279473981483
188505863742424.3	0.02459763642338128	1.756834037503850	0.9837111089536429	-1.853496564221015	0.9837111089536429	-1.853496564221015	0.02459763642338128	1.756834037503850
188632039019360.3	0.02461186974328218	1.753406656355510	0.9837043880941153	-1.752129505789595	0.9837043880941153	-1.752129505789595	0.02461186974328218	1.753406656355510
188758214296296.3	0.02462702928484246	1.749997795322355	0.9836984544134911	-1.650763673498293	0.9836984544134911	-1.650763673498293	0.02462702928484246	1.749997795322355
188884389573232.3	0.02464311607304719	1.746608021030986	0.9836932439622976	-1.549399017607182	0.9836932439622976	-1.549399017607182	0.02464311607304719	1.746608021030986
189010564850168.3	0.02466013235162355	1.743238014707325	0.9836886911952617	-1.448035493680678	0.9836886911952617	-1.448035493680678	0.02466013235162355	1.743238014707325
189136740127104.4	0.02467808095577619	1.739888580354139	0.9836847293537857	-1.346673062564859	0.9836847293537857	-1.346673062564859	0.02467808095577619	1.739888580354139
189262915404040.4	0.02469696466737763	1.736560648271326	0.9836812908357616	-1.245311690342037	0.9836812908357616	-1.245311690342037	0.02469696466737763	1.736560648271326
189389090680976.4	0.02471678557137407	1.733255273975422	0.9836783075517541	-1.143951348263417	0.9836783075517541	-1.143951348263417	0.02471678557137407	1.733255273975422
189515265957912.5	0.02473754443139450	1.729973632697242	0.9836757112670270	-1.042592012662023	0.9836757112670270	-1.042592012662023	0.02473754443139450	1.729973632697242
189641441234848.5	0.02475924010132925	1.726717009753800	0.9836734339287933	-0.9412336648470476	0.9836734339287933	-0.9412336648470476	0.02475924010132925	1.726717009753800
189767616511784.5	0.02478186898801562	1.723486787188691	0.9836714079782772	-0.8398762909809896	0.9836714079782772	-0.8398762909809896	0.02478186898801562	1.723486787188691
189893791788720.5	0.02480542457821261	1.720284427163737	0.9836695666472478	-0.7385198819414782	0.9836695666472478	-0.7385198819414782	0.02480542457821261	1.720284427163737
190019967065656.6	0.02482989704089050	1.717111452653479	0.9836678442386315	-0.6371644331684254	0.9836678442386315	-0.6371644331684254	0.02482989704089050	1.717111452653479
190146142342592.6	0.02485527291335390	1.713969426046306	0.9836661763910677	-0.5358099444982858	0.9836661763910677	-0.5358099444982858	0.02485527291335390	1.713969426046306
190272317619528.6	0.02488153487729458	1.710859926289050	0.9836645003271277	-0.4344564199865220	0.9836645003271277	-0.4344564199865220	0.02488153487729458	1.710859926289050
190398492896464.7	0.02490866162823746	1.707784525226345	0.9836627550851707	-0.3331038677192764	0.9836627550851707	-0.3331038677192764	0.02490866162823746	1.707784525226345
190524668173400.7	0.02493662783925736	1.704744763783719	0.9836608817345419	-0.2317522996159320	0.9836608817345419	-0.2317522996159320	0.02493662783925736	1.704744763783719
190650843450336.7	0.02496540421743511	1.701742128619630	0.9836588235742783	-0.1304017312227170	0.9836588235742783	-0.1304017312227170	0.02496540421743511	1.701742128619630
190777018727272.7	0.02499495764911353	1.698778029836954	0.9836565263150923	-0.02905218149971666	0.9836565263150923	-0.02905218149971666	0.02499495764911353	1.698778029836954
190903194004208.8	0.02502525142793487	1.695853780292375	0.9836539382447719	0.07229632739877605	0.9836539382447719	0.07229632739877605	0.02502525142793487	1.695853780292375
191029369281144.8	0.02505624555774485	1.692970576977188	0.9836510103769746	0.1736437703488905	0.9836510103769746	0.1736437703488905	0.02505624555774485	1.692970576977188
191155544558080.8	0.02508789712081834	1.690129484872741	0.9836476965834927	0.2749901194859693	0.9836476965834927	0.2749901194859693	0.02508789712081834	1.690129484872741
191281719835016.8	0.02512016070061714	1.687331423598666	0.9836439537101430	0.3763353444364657	0.9836439537101430	0.3763353444364657	0.02512016070061714	1.687331423598666
191407895111952.8	0.02515298884730507	1.684577157092336	0.9836397416763909	0.4776794125519758	0.9836397416763909	0.4776794125519758	0.02515298884730507	1.684577157092336
191534070388888.9	0.02518633257365231	1.681867286465376	0.9836350235589403	0.5790222891444264	0.9836350235589403	0.5790222891444264	0.02518633257365231	1.681867286465376
191660245665824.9	0.02522014186864454	1.679202246100158	0.9836297656595118	0.6803639377214535	0.9836297656595118	0.6803639377214535	0.02522014186864454	1.679202246100158
191786420942760.9	0.02525436621621999	1.676582302962509	0.9836239375571213	0.7817043202210098	0.9836239375571213	0.7817043202210098	0.02525436621621999	1.676582302962509
191912596219697.0	0.02528895510688271	1.674007559028915	0.9836175121451670	0.8830433972443782	0.9836175121451670	0.8830433972443782	0.02528895510688271	1.674007559028915
192038771496633.0	0.02532385853058456	1.671477956652631	0.9836104656537008	0.9843811282865681	0.9836104656537008	0.9843811282865681	0.02532385853058456	1.671477956652631
192164946773569.0	0.02535902744023318	1.668993286629021	0.9836027776574081	1.085717471963294	0.9836027776574081	1.085717471963294	0.02535902744023318	1.668993286629021
192291122050505.0	0.02539441417623295	1.666553198664463	0.9835944310696607	1.187052386233759	0.9835944310696607	1.187052386233759	0.02539441417623295	1.666553198664463
192417297327441.1	0.02542997284385979	1.664157213908288	0.9835854121232774	1.288385828618527	0.9835854121232774	1.288385828618527	0.02542997284385979	1.664157213908288
192543472604377.1	0.02546565963667130	1.661804739170879	0.9835757103384891	1.389717756411177	0.9835757103384891	1.389717756411177	0.02546565963667130	1.661804739170879
192669647881313.1	0.02550143310073862	1.659495082429310	0.9835653184788377	1.491048126884134	0.9835653184788377	1.491048126884134	0.02550143310073862	1.659495082429310
192795823158249.2	0.02553725433609080	1.657227469205894	0.9835542324955848	1.592376897486895	0.9835542324955848	1.592376897486895	0.02553725433609080	1.657227469205894
192921998435185.2	0.02557308713344413	1.655001059404975	0.9835424514613935	1.693704026036755	0.9835424514613935	1.693704026036755	0.02557308713344413	1.655001059404975
193048173712121.2	0.02560889804581867	1.652814964197497	0.9835299774939960	1.795029470901316	0.9835299774939960	1.795029470901316	0.02560889804581867	1.652814964197497
193174348989057.3	0.02564465639631899	1.650668262562355	0.9835168156706341	1.896353191172269	0.9835168156706341	1.896353191172269	0.02564465639631899	1.650668262562355
193300524265993.3	0.02568033422473042	1.648560017114824	0.9835029739340685	1.997675146830100	0.9835029739340685	1.997675146830100	0.02568033422473042	1.648560017114824
193426699542929.3	0.02571590617699246	1.646489288888244	0.9834884629908942	2.098995298899585	0.9834884629908942	2.098995298899585	0.02571590617699246	1.646489288888244
193552874819865.3	0.02575134934283150	1.644455150770543	0.9834732962031026	2.200313609595305	0.9834732962031026	2.200313609595305	0.02575134934283150	1.644455150770543
193679050096801.3	0.02578664304780621	1.642456699341282	0.9834574894735543	2.301630042457692	0.9834574894735543	2.301630042457692	0.02578664304780621	1.642456699341282
193805225373737.4	0.02582176860696707	1.640493064906504	0.9834410611263216	2.402944562478850	0.9834410611263216	2.402944562478850	0.02582176860696707	1.640493064906504
193931400650673.4	0.02585670904795144	1.638563419571820	0.9834240317825388	2.504257136218738	0.9834240317825388	2.504257136218738	0.02585670904795144	1.638563419571820
194057575927609.4	0.02589144881177746	1.636666983253598	0.9834064242327075	2.605567731911133	0.9834064242327075	2.605567731911133	0.02589144881177746	1.636666983253598
194183751204545.4	0.02592597343991839	1.634803027576332	0.9833882633060436	2.706876319559835	0.9833882633060436	2.706876319559835	0.02592597343991839	1.634803027576332
194309926481481.5	0.02596026925621285	1.632970877656555	0.9833695757377182	2.808182871025352	0.9833695757377182	2.808182871025352	0.02596026925621285	1.632970877656555
194436101758417.5	0.02599432305206282	1.631169911825634	0.9833503900345755	2.909487360101775	0.9833503900345755	2.909487360101775	0.02599432305206282	1.631169911825634
194562277035353.5	0.02602812178303523	1.629399559387908	0.9833307363400440	3.010789762584716	0.9833307363400440	3.010789762584716	0.02602812178303523	1.629399559387908
194688452312289.6	0.02606165228440712	1.627659296555299	0.9833106462987584	3.112090056330238	0.9833106462987584	3.112090056330238	0.02606165228440712	1.627659296555299
194814627589225.6	0.02609490101258875	1.625948640739660	0.9832901529215011	3.213388221305221	0.9832901529215011	3.213388221305221	0.02609490101258875	1.625948640739660
194940802866161.6	0.02612785381851285	1.624267143413197	0.9832692904509062	3.314684239629394	0.9832692904509062	3.314684239629394	0.02612785381851285	1.624267143413197
195066978143097.6	0.02616049575801845	1.622614381778979	0.9832480942283688	3.415978095609848	0.9832480942283688	3.415978095609848	0.02616049575801845	1.622614381778979
195193153420033.7	0.02619281094356203	1.620989949511589	0.9832266005625487	3.517269775768025	0.9832266005625487	3.517269775768025	0.02619281094356203	1.620989949511589
195319328696969.7	0.02622478244004492	1.619393446843934	0.9832048465997778	3.618559268859549	0.9832048465997778	3.618559268859549	0.02622478244004492	1.619393446843934
195445503973905.7	0.02625639220672709	1.617824470281935	0.9831828701966382	3.719846565887887	0.9831828701966382	3.719846565887887	0.02625639220672709	1.617824470281935
195571679250841.8	0.02628762108596990	1.616282602231736	0.9831607097949301	3.821131660111703	0.9831607097949301	3.821131660111703	0.02628762108596990	1.616282602231736
195697854527777.8	0.02631844883833123	1.614767400816863	0.9831384042991762	3.922414547046608	0.9831384042991762	3.922414547046608	0.02631844883833123	1.614767400816863
195824029804713.8	0.02634885422249686	1.613278390150329	0.9831159929567912	4.023695224461638	0.9831159929567912	4.023695224461638	0.02634885422249686	1.613278390150329
195950205081649.8	0.02637881511750751	1.611815051311413	0.9830935152409763	4.124973692370838	0.9830935152409763	4.124973692370838	0.02637881511750751	1.611815051311413
196076380358585.8	0.02640830868370815	1.610376814250165	0.9830710107363612	4.226249953020384	0.9830710107363612	4.226249953020384	0.02640830868370815	1.610376814250165
196202555635521.9	0.02643731155806102	1.608963050818497	0.9830485190274063	4.327524010871462	0.9830485190274063	4.327524010871462	0.02643731155806102	1.608963050818497
196328730912457.9	0.02646580007870830	1.607573069094118	0.9830260795895073	4.428795872579332	0.9830260795895073	4.428795872579332	0.02646580007870830	1.607573069094118
196454906189393.9	0.02649375053300392	1.606206109128369	0.9830037316827514	4.530065546968775	0.9830037316827514	4.530065546968775	0.02649375053300392	1.606206109128369
196581081466330.0	0.02652113942293884	1.604861340215589	0.9829815142482216	4.631333045006139	0.9829815142482216	4.631333045006139	0.02652113942293884	1.604861340215589
196707256743266.0	0.02654794374131143	1.603537859741104	0.9829594658068320	4.732598379768280	0.9829594658068320	4.732598379768280	0.02654794374131143	1.603537859741104
196833432020202.0	0.02657414125213892	1.602234693628581	0.9829376243604762	4.833861566408442	0.9829376243604762	4.833861566408442	0.02657414125213892	1.602234693628581
196959607297138.0	0.02659971076855518	1.600950798370875	0.9829160272954790	4.935122622119310	0.9829160272954790	4.935122622119310	0.02659971076855518	1.600950798370875
197085782574074.1	0.02662463242171299	1.599685064590352	0.9828947112882025	5.036381566093236	0.9828947112882025	5.036381566093236	0.02662463242171299	1.599685064590352
197211957851010.1	0.02664888791449228	1.598436322042566	0.9828737122127483	5.137638419479799	0.9828737122127483	5.137638419479799	0.02664888791449228	1.598436322042566
197338133127946.1	0.02667246075416022	1.597203345943580	0.9828530650506360	5.238893205340617	0.9828530650506360	5.238893205340617	0.02667246075416022	1.597203345943580
197464308404882.2	0.02669533645878228	1.595984864476117	0.9828328038024207	5.340145948601553	0.9828328038024207	5.340145948601553	0.02669533645878228	1.595984864476117
197590483681818.2	0.02671750273275903	1.594779567300271	0.9828129614011932	5.441396676002166	0.9828129614011932	5.441396676002166	0.02671750273275903	1.594779567300271
197716658958754.2	0.02673894960762564	1.593586114880109	0.9827935696279562	5.542645416042457	0.9827935696279562	5.542645416042457	0.02673894960762564	1.593586114880109
197842834235690.2	0.02675966954510425	1.592403148416167	0.9827746590288397	5.643892198926965	0.9827746590288397	5.643892198926965	0.02675966954510425	1.592403148416167
197969009512626.3	0.02677965750024660	1.591229300165569	0.9827562588342166	5.745137056505770	0.9827562588342166	5.745137056505770	0.02677965750024660	1.591229300165569
198095184789562.3	0.02679891094342194	1.590063203924346	0.9827383968797717	5.846380022212918	0.9827383968797717	5.846380022212918	0.02679891094342194	1.590063203924346
198221360066498.3	0.02681742984085892	1.588903505444476	0.9827210995295713	5.947621131001621	0.9827210995295713	5.947621131001621	0.02681742984085892	1.588903505444476
198347535343434.3	0.02683521659437965	1.587748872561424	0.9827043916012788	6.048860419276781	0.9827043916012788	6.048860419276781	0.02683521659437965	1.587748872561424
198473710620370.4	0.02685227594185463	1.586598004816549	0.9826882962935338	6.150097924824213	0.9826882962935338	6.150097924824213	0.02685227594185463	1.586598004816549
198599885897306.4	0.02686861482081691	1.585449642369654	0.9826728351159220	6.251333686736889	0.9826728351159220	6.251333686736889	0.02686861482081691	1.585449642369654
198726061174242.4	0.02688424219844786	1.584302574015325	0.9826580278213063	6.352567745338186	0.9826580278213063	6.352567745338186	0.02688424219844786	1.584302574015325
198852236451178.4	0.02689916887194938	1.583155644135051	0.9826438923410272	6.453800142101807	0.9826438923410272	6.453800142101807	0.02689916887194938	1.583155644135051
198978411728114.5	0.02691340724390313	1.582007758443548	0.9826304447230547	6.555030919568917	0.9826304447230547	6.555030919568917	0.02691340724390313	1.582007758443548
199104587005050.5	0.02692697107780545	1.580857888410763	0.9826176990732766	6.656260121262121	0.9826176990732766	6.656260121262121	0.02692697107780545	1.580857888410763
199230762281986.5	0.02693987523943801	1.579705074275685	0.9826056675001917	6.757487791596559	0.9826056675001917	6.757487791596559	0.02693987523943801	1.579705074275685
199356937558922.6	0.02695213542994424	1.578548426593289	0.9825943600632043	6.858713975788021	0.9825943600632043	6.858713975788021	0.02695213542994424	1.578548426593289
199483112835858.6	0.02696376791682898	1.577387126293216	0.9825837847247267	6.959938719758627	0.9825837847247267	6.959938719758627	0.02696376791682898	1.577387126293216
199609288112794.6	0.02697478926896504	1.576220423258879	0.9825739473063211	7.061162070039790	0.9825739473063211	7.061162070039790	0.02697478926896504	1.576220423258879
199735463389730.6	0.02698521610178717	1.575047633469815	0.9825648514490439	7.162384073672645	0.9825648514490439	7.162384073672645	0.02698521610178717	1.575047633469815
199861638666666.7	0.02699506483849231	1.573868134781762	0.9825564985782918	7.263604778106548	0.9825564985782918	7.263604778106548	0.02699506483849231	1.573868134781762
