187370286250000.0	0.02098580136818464	1.883518767328327	0.9999304941946813	-3.038456495077495	0.9999304941946813	-3.038456495077495	0.02098580136818464	1.883518767328327
187496461526936.0	0.02096068501351383	1.879534034468248	0.9999256427424249	-2.957681903904332	0.9999256427424249	-2.957681903904332	0.02096068501351383	1.879534034468248
187622636803872.1	0.02093607259299386	1.875499821808496	0.9999228938706060	-2.876910711941483	0.9999228938706060	-2.876910711941483	0.02093607259299386	1.875499821808496
187748812080808.1	0.02091206170082590	1.871416463093284	0.9999221589545307	-2.796142799561841	0.9999221589545307	-2.796142799561841	0.02091206170082590	1.871416463093284
187874987357744.1	0.02088875231504208	1.867284748701092	0.9999233433901915	-2.715378056013223	0.9999233433901915	-2.715378056013223	0.02088875231504208	1.867284748701092
188001162634680.1	0.02086624586183919	1.863105966584609	0.9999263473460210	-2.634616379560319	0.9999263473460210	-2.634616379560319	0.02086624586183919	1.863105966584609
188127337911616.2	0.02084464411762856	1.858881938068284	0.9999310664982429	-2.553857677572261	0.9999310664982429	-2.553857677572261	0.02084464411762856	1.858881938068284
188253513188552.2	0.02082404796407983	1.854615047016816	0.9999373927466939	-2.473101866558581	0.9999373927466939	-2.473101866558581	0.02082404796407983	1.854615047016816
188379688465488.2	0.02080455601566937	1.850308261002771	0.9999452149086504	-2.392348872157322	0.9999452149086504	-2.392348872157322	0.02080455601566937	1.850308261002771
188505863742424.3	0.02078626314357390	1.845965143239023	0.9999544193884066	-2.311598629079154	0.9999544193884066	-2.311598629079154	0.02078626314357390	1.845965143239023
188632039019360.3	0.02076925892316278	1.841589854231211	0.9999648908207516	-2.230851081010552	0.9999648908207516	-2.230851081010552	0.02076925892316278	1.841589854231211
188758214296296.3	0.02075362603536312	1.837187142322254	0.9999765126869463	-2.150106180479908	0.9999765126869463	-2.150106180479908	0.02075362603536312	1.837187142322254
188884389573232.3	0.02073943865438802	1.832762322550313	0.9999891679020466	-2.069363888689709	0.9999891679020466	-2.069363888689709	0.02073943865438802	1.832762322550313
189010564850168.3	0.02072676085597670	1.828321243513125	1.000002739372710	-1.988624175318412	1.000002739372710	-1.988624175318412	0.02072676085597670	1.828321243513125
189136740127104.4	0.02071564508084602	1.823870242224128	1.000017110524998	-1.907887018295021	1.000017110524998	-1.907887018295021	0.02071564508084602	1.823870242224128
189262915404040.4	0.02070613068802545	1.819416087246403	1.000032165801819	-1.827152403549302	1.000032165801819	-1.827152403549302	0.02070613068802545	1.819416087246403
189389090680976.4	0.02069824263181572	1.814965910687792	1.000047791129944	-1.746420324740808	1.000047791129944	-1.746420324740808	0.02069824263181572	1.814965910687792
189515265957912.5	0.02069199029426699	1.810527129936655	1.000063874356763	-1.665690782969183	1.000063874356763	-1.665690782969183	0.02069199029426699	1.810527129936655
189641441234848.5	0.02068736650253831	1.806107360287489	1.000080305656979	-1.584963786468652	1.000080305656979	-1.584963786468652	0.02068736650253831	1.806107360287489
189767616511784.5	0.02068434675716902	1.801714319854608	1.000096977909745	-1.504239350288559	1.000096977909745	-1.504239350288559	0.02068434675716902	1.801714319854608
189893791788720.5	0.02068288869340464	1.797355728378370	1.000113787046769	-1.423517495962864	1.000113787046769	-1.423517495962864	0.02068288869340464	1.797355728378370
190019967065656.6	0.02068293179319847	1.793039201696881	1.000130632372034	-1.342798251169940	1.000130632372034	-1.342798251169940	0.02068293179319847	1.793039201696881
190146142342592.6	0.02068439736064848	1.788772143773688	1.000147416853845	-1.262081649384993	1.000147416853845	-1.262081649384993	0.02068439736064848	1.788772143773688
190272317619528.6	0.02068718876850105	1.784561638232761	1.000164047389989	-1.181367729526836	1.000164047389989	-1.181367729526836	0.02068718876850105	1.784561638232761
190398492896464.7	0.02069119197810478	1.780414341367960	1.000180435046835	-1.100656535600257	1.000180435046835	-1.100656535600257	0.02069119197810478	1.780414341367960
190524668173400.7	0.02069627632981363	1.776336378546802	1.000196495273239	-1.019948116335725	1.000196495273239	-1.019948116335725	0.02069627632981363	1.776336378546802
190650843450336.7	0.02070229559594533	1.772333245837442	1.000212148090022	-0.9392425248274420	1.000212148090022	-0.9392425248274420	0.02070229559594533	1.772333245837442
190777018727272.7	0.02070908928339925	1.768409718550180	1.000227318255983	-0.8585398181712416	1.000227318255983	-0.8585398181712416	0.02070908928339925	1.768409718550180
190903194004208.8	0.02071648416880187	1.764569768206543	1.000241935411194	-0.7778400571030830	1.000241935411194	-0.7778400571030830	0.02071648416880187	1.764569768206543
191029369281144.8	0.02072429604497825	1.760816489244694	1.000255934198495	-0.6971433056391135	1.000255934198495	-0.6971433056391135	0.02072429604497825	1.760816489244694
191155544558080.8	0.02073233165436583	1.757152036540578	1.000269254363879	-0.6164496307183971	1.000269254363879	-0.6164496307183971	0.02073233165436583	1.757152036540578
191281719835016.8	0.02074039078215825	1.753577574583680	1.000281840836634	-0.5357591018487461	1.000281840836634	-0.5357591018487461	0.02074039078215825	1.753577574583680
191407895111952.8	0.02074826847998032	1.750093238905432	1.000293643789954	-0.4550717907565989	1.000293643789954	-0.4550717907565989	0.02074826847998032	1.750093238905432
191534070388888.9	0.02075575738936295	1.746698110118153	1.000304618682700	-0.3743877710415421	1.000304618682700	-0.3743877710415421	0.02075575738936295	1.746698110118153
191660245665824.9	0.02076265013364029	1.743390200698017	1.000314726283043	-0.2937071178361308	1.000314726283043	-0.2937071178361308	0.02076265013364029	1.743390200698017
191786420942760.9	0.02076874174646423	1.740166454440648	1.000323932674603	-0.2130299074712973	1.000323932674603	-0.2130299074712973	0.02076874174646423	1.740166454440648
191912596219697.0	0.02077383210571656	1.737022758333608	1.000332209245720	-0.1323562171482778	1.000332209245720	-0.1323562171482778	0.02077383210571656	1.737022758333608
192038771496633.0	0.02077772834213145	1.733953966433208	1.000339532662455	-0.05168612461716624	1.000339532662455	-0.05168612461716624	0.02077772834213145	1.733953966433208
192164946773569.0	0.02078024719331345	1.730953935208930	1.000345884825933	0.02898029213697960	1.000345884825933	0.02898029213697960	0.02078024719331345	1.730953935208930
192291122050505.0	0.02078121727529399	1.728015569714237	1.000351252814496	0.1096429552004615	1.000351252814496	0.1096429552004615	0.02078121727529399	1.728015569714237
192417297327441.1	0.02078048124557118	1.725130879872507	1.000355628811369	0.1903017870290626	1.000355628811369	0.1903017870290626	0.02078048124557118	1.725130879872507
192543472604377.1	0.02077789783350038	1.722291046118283	1.000359010018230	0.2709567107372162	1.000359010018230	0.2709567107372162	0.02077789783350038	1.722291046118283
192669647881313.1	0.02077334371607807	1.719486493605709	1.000361398555330	0.3516076503784396	1.000361398555330	0.3516076503784396	0.02077334371607807	1.719486493605709
192795823158249.2	0.02076671521928572	1.716706974189665	1.000362801348662	0.4322545312158123	1.000362801348662	0.4322545312158123	0.02076671521928572	1.716706974189665
192921998435185.2	0.02075792982731207	1.713941655385805	1.000363230004759	0.5128972799827785	1.000363230004759	0.5128972799827785	0.02075792982731207	1.713941655385805
193048173712121.2	0.02074692748428249	1.711179215530274	1.000362700673648	0.5935358251333379	1.000362700673648	0.5935358251333379	0.02074692748428249	1.711179215530274
193174348989057.3	0.02073367167512228	1.708407944376527	1.000361233900582	0.6741700970815684	1.000361233900582	0.6741700970815684	0.02073367167512228	1.708407944376527
193300524265993.3	0.02071815027442646	1.705615848383843	1.000358854467098	0.7548000284296424	1.000358854467098	0.7548000284296424	0.02071815027442646	1.705615848383843
193426699542929.3	0.02070037615415388	1.702790759964920	1.000355591222083	0.8354255541845700	1.000355591222083	0.8354255541845700	0.02070037615415388	1.702790759964920
193552874819865.3	0.02068038754304323	1.699920449966098	1.000351476903383	0.9160466119625645	1.000351476903383	0.9160466119625645	0.02068038754304323	1.699920449966098
193679050096801.3	0.02065824813255468	1.696992742648766	1.000346547950754	0.9966631421812787	1.000346547950754	0.9966631421812787	0.02065824813255468	1.696992742648766
193805225373737.4	0.02063404692613571	1.693995632426842	1.000340844310708	1.077275088239359	1.000340844310708	1.077275088239359	0.02063404692613571	1.693995632426842
193931400650673.4	0.02060789783049177	1.690917401579547	1.000334409234049	1.157882396682779	1.000334409234049	1.157882396682779	0.02060789783049177	1.690917401579547
194057575927609.4	0.02057993898957019	1.687746738120781	1.000327289066811	1.238485017358071	1.000327289066811	1.238485017358071	0.02057993898957019	1.687746738120781
194183751204545.4	0.02055033186392718	1.684472852943236	1.000319533035359	1.319082903552030	1.000319533035359	1.319082903552030	0.02055033186392718	1.684472852943236
194309926481481.5	0.02051926006029359	1.681085595289027	1.000311193026399	1.399676012117683	1.000311193026399	1.399676012117683	0.02051926006029359	1.681085595289027
194436101758417.5	0.02048692791826128	1.677575565515525	1.000302323362738	1.480264303586380	1.000302323362738	1.480264303586380	0.02048692791826128	1.677575565515525
194562277035353.5	0.02045355886346309	1.673934224039897	1.000292980575587	1.560847742265839	1.000292980575587	1.560847742265839	0.02045355886346309	1.673934224039897
194688452312289.6	0.02041939353877170	1.670153995257675	1.000283223174213	1.641426296324353	1.000283223174213	1.641426296324353	0.02041939353877170	1.670153995257675
194814627589225.6	0.02038468772800089	1.666228365144281	1.000273111413780	1.721999937860765	1.000273111413780	1.721999937860765	0.02038468772800089	1.666228365144281
194940802866161.6	0.02034971008881655	1.662151971173484	1.000262707062213	1.802568642960643	1.000262707062213	1.802568642960643	0.02034971008881655	1.662151971173484
195066978143097.6	0.02031473971465245	1.657920683128088	1.000252073166922	1.883132391738309	1.000252073166922	1.883132391738309	0.02031473971465245	1.657920683128088
195193153420033.7	0.02028006354808089	1.653531673340462	1.000241273822176	1.963691168365478	1.000241273822176	1.963691168365478	0.02028006354808089	1.653531673340462
195319328696969.7	0.02024597367096160	1.648983474900102	1.000230373937955	2.044244961086052	1.000230373937955	2.044244961086052	0.02024597367096160	1.648983474900102
195445503973905.7	0.02021276449944411	1.644276026394458	1.000219439011093	2.124793762217895	1.000219439011093	2.124793762217895	0.02021276449944411	1.644276026394458
195571679250841.8	0.02018072991448994	1.639410701830538	1.000208534899446	2.205337568141730	1.000208534899446	2.205337568141730	0.02018072991448994	1.639410701830538
195697854527777.8	0.02015016036105776	1.634390324512855	1.000197727599837	2.285876379277275	1.000197727599837	2.285876379277275	0.02015016036105776	1.634390324512855
195824029804713.8	0.02012133995102888	1.629219163829476	1.000187083030489	2.366410200047551	1.000187083030489	2.366410200047551	0.02012133995102888	1.629219163829476
195950205081649.8	0.02009454360667278	1.623902914138853	1.000176666818629	2.446939038831420	1.000176666818629	2.446939038831420	0.02009454360667278	1.623902914138853
196076380358585.8	0.02007003428247586	1.618448655229722	1.000166544093868	2.527462907905183	1.000166544093868	2.527462907905183	0.02007003428247586	1.618448655229722
196202555635521.9	0.02004806030361500	1.612864794166830	1.000156779287949	2.607981823373583	1.000156779287949	2.607981823373583	0.02004806030361500	1.612864794166830
196328730912457.9	0.02002885285900758	1.607160988706388	1.000147435941393	2.688495805090860	1.000147435941393	2.688495805090860	0.02002885285900758	1.607160988706388
196454906189393.9	0.02001262368585753	1.601348052871061	1.000138576517526	2.769004876572768	1.000138576517526	2.769004876572768	0.02001262368585753	1.601348052871061
196581081466330.0	0.01999956298052289	1.595437845695082	1.000130262224290	2.849509064899825	1.000130262224290	2.849509064899825	0.01999956298052289	1.595437845695082
196707256743266.0	0.01998983756789466	1.589443144573789	1.000122552844226	2.930008400612918	1.000122552844226	2.930008400612918	0.01998983756789466	1.589443144573789
196833432020202.0	0.01998358935762923	1.583377505055198	1.000115506572908	3.010502917601423	1.000115506572908	3.010502917601423	0.01998358935762923	1.583377505055198
196959607297138.0	0.01998093411127501	1.577255109288103	1.000109179866059	3.090992652985302	1.000109179866059	3.090992652985302	0.01998093411127501	1.577255109288103
197085782574074.1	0.01998196053910778	1.571090605662567	1.000103627295555	3.171477646991160	1.000103627295555	3.171477646991160	0.01998196053910778	1.571090605662567
197211957851010.1	0.01998672973979065	1.564898942437206	1.000098901414401	3.251957942823557	1.000098901414401	3.251957942823557	0.01998672973979065	1.564898942437206
197338133127946.1	0.01999527498981580	1.558695198328517	1.000095052630718	3.332433586532118	1.000095052630718	3.332433586532118	0.01999527498981580	1.558695198328517
197464308404882.2	0.02000760188336389	1.552494413131160	1.000092129090794	3.412904626874918	1.000092129090794	3.412904626874918	0.02000760188336389	1.552494413131160
197590483681818.2	0.02002368881667090	1.546311421439243	1.000090176571016	3.493371115179308	1.000090176571016	3.493371115179308	0.02002368881667090	1.546311421439243
197716658958754.2	0.02004348780483198	1.540160692448948	1.000089238378671	3.573833105200443	1.000089238378671	3.573833105200443	0.02004348780483198	1.540160692448948
197842834235690.2	0.02006692561283817	1.534056178643493	1.000089355261336	3.654290652978482	1.000089355261336	3.654290652978482	0.02006692561283817	1.534056178643493
197969009512626.3	0.02009390517737570	1.528011175903504	1.000090565324687	3.734743816694786	1.000090565324687	3.734743816694786	0.02009390517737570	1.528011175903504
198095184789562.3	0.02012430729090996	1.522038197258943	1.000092903958398	3.815192656527826	1.000092903958398	3.815192656527826	0.02012430729090996	1.522038197258943
198221360066498.3	0.02015799251567115	1.516148862119640	1.000096403769826	3.895637234509441	1.000096403769826	3.895637234509441	0.02015799251567115	1.516148862119640
198347535343434.3	0.02019480329196107	1.510353802405722	1.000101094525129	3.976077614381756	1.000101094525129	3.976077614381756	0.02019480329196107	1.510353802405722
198473710620370.4	0.02023456620276579	1.504662586561472	1.000107003097368	4.056513861455342	1.000107003097368	4.056513861455342	0.02023456620276579	1.504662586561472
198599885897306.4	0.02027709435560116	1.499083662003440	1.000114153421235	4.136946042468717	1.000114153421235	4.136946042468717	0.02027709435560116	1.499083662003440
198726061174242.4	0.02032218984173403	1.493624316122827	1.000122566453887	4.217374225450074	1.000122566453887	4.217374225450074	0.02032218984173403	1.493624316122827
198852236451178.4	0.02036964623348239	1.488290655571552	1.000132260141473	4.297798479580754	1.000132260141473	4.297798479580754	0.02036964623348239	1.488290655571552
198978411728114.5	0.02041925108140950	1.483087603196349	1.000143249390864	4.378218875061398	1.000143249390864	4.378218875061398	0.02041925108140950	1.483087603196349
199104587005050.5	0.02047078837499970	1.478018911677821	1.000155546046081	4.458635482980553	1.000155546046081	4.458635482980553	0.02047078837499970	1.478018911677821
199230762281986.5	0.02052404093280128	1.473087192666572	1.000169158868954	4.539048375185679	1.000169158868954	4.539048375185679	0.02052404093280128	1.473087192666572
199356937558922.6	0.02057879269084315	1.468293960003326	1.000184093523571	4.619457624157095	1.000184093523571	4.619457624157095	0.02057879269084315	1.468293960003326
199483112835858.6	0.02063483086129530	1.463639685457414	1.000200352563984	4.699863302884317	1.000200352563984	4.699863302884317	0.02063483086129530	1.463639685457414
199609288112794.6	0.02069194793677642	1.459123865311145	1.000217935424806	4.780265484745156	1.000217935424806	4.780265484745156	0.02069194793677642	1.459123865311145
199735463389730.6	0.02074994351917693	1.454745096069962	1.000236838414235	4.860664243387054	1.000236838414235	4.860664243387054	0.02074994351917693	1.454745096069962
199861638666666.7	0.02080862595556770	1.450501157555628	1.000257054709145	4.941059652610686	1.000257054709145	4.941059652610686	0.02080862595556770	1.450501157555628
