214137470000000.0	0.02540493593604795	1.723207880701314	0.08933895928057030	-1.214066941822342	0.08241619690117642	-0.8413090036776346	0.1426137802260208	-2.047725963101639
214045552356560.3	0.02543657721348953	1.679191055845855	0.08901277380490739	-1.266148091785228	0.08110253973629687	-0.8873592526801655	0.1397282139061684	-2.140857382504923
213953713589816.9	0.02548182743464649	1.636292668914456	0.08845977541960451	-1.317910952635860	0.07964843406006453	-0.9318640688348597	0.1359074459206267	-2.230986230436893
213861953598284.4	0.02554361504423506	1.594431641752503	0.08768789014165153	-1.369067854075334	0.07807482463619310	-0.9745137617963371	0.1312203267154014	-2.317449844019718
213770272280651.6	0.02562465232587998	1.553508108558391	0.08670864950912810	-1.419331094144440	0.07640612495154535	-1.015001483546892	0.1257502824491363	-2.399428955695154
213678669535780.6	0.02572735871334938	1.513405081169617	0.08553708912001268	-1.468412395186974	0.07467005329984222	-1.053031410333675	0.1195971966558686	-2.475898204598698
213587145262707.0	0.02585378852085475	1.473990931622969	0.08419163478782483	-1.516023169073743	0.07289734813744205	-1.088330460801105	0.1128800641599095	-2.545564278412561
213495699360639.3	0.02600556669282988	1.435122628881653	0.08269397179774919	-1.561875928735182	0.07112132021601092	-1.120663996140996	0.1057407363332167	-2.606792234794750
213404331728958.6	0.02618383506897407	1.396649602422342	0.08106886864859669	-1.605687161164145	0.06937719491812555	-1.149855548932776	0.09834916826651073	-2.657528149958289
213313042267218.0	0.02638921302748043	1.358418032384487	0.07934396298121406	-1.647182200374850	0.06770120573012765	-1.175809883091684	0.09091043190847839	-2.695244424460252
213221830875142.5	0.02662177389407857	1.320275328430247	0.07754947505145821	-1.686102498366700	0.06612941176992251	-1.198537628590982	0.08367324238739092	-2.716974904847616
213130697452628.6	0.02688103864506752	1.282074532316997	0.07571783331769562	-1.722215749947354	0.06469624448424892	-1.218178384982218	0.07693796038611002	-2.719581020090044
213039641899743.7	0.02716598667282399	1.243678392587380	0.07388317637531683	-1.755329106651217	0.06343283479091119	-1.235017892910756	0.07105801622840915	-2.700483414460269
212948664116726.0	0.02747508249529458	1.204962895847557	0.07208069597691083	-1.785305392354927	0.06236523357961265	-1.249494147571166	0.06642209112447091	-2.659080677508436
212857764003984.1	0.02780631712318477	1.165820085924177	0.07034580659773690	-1.812081718162570	0.06151270327141244	-1.262187851445064	0.06340023267838252	-2.598636951853559
212766941462096.4	0.02815726112705519	1.126160082561528	0.06871311403414102	-1.835689007614596	0.06088629957214633	-1.273794805668480	0.06225065962116055	-2.527378121428297
212676196391811.2	0.02852512691177686	1.085912271112582	0.06721519884365217	-1.856270040962818	0.06048796562070065	-1.285081568373399	0.06302494667046431	-2.456987217192208
212585528694045.7	0.02890683683476899	1.045025708553674	0.06588124618892961	-1.874092658648607	0.06031030331434025	-1.296829922259180	0.06553954939440863	-2.398586197553281
212494938269886.3	0.02929909429975824	1.003468836220236	0.06473560656771234	-1.889554305630713	0.06033708136574088	-1.309778843760753	0.06944019364283527	-2.359155047498283
212404425020587.8	0.02969845564493442	0.9612286146123549	0.06379642777239523	-1.903174510525892	0.06054441252221252	-1.324573406554291	0.07430875232188190	-2.340797690635679
212313988847573.1	0.03010140033028416	0.9183092228282148	0.06307451084214447	-1.915573372628383	0.06090242085454934	-1.341728007642870	0.07974733523899943	-2.342215812556336
212223629652433.0	0.03050439802178062	0.8747304547028043	0.06257256262955753	-1.927436791505587	0.06137716169451299	-1.361607443413079	0.08541762944071647	-2.360547957681281
212133347336925.7	0.03090397121157592	0.8305259396349805	0.06228497006337588	-1.939472177615879	0.06193255664001873	-1.384425196662943	0.09104791844092652	-2.392605566774368
212043141802976.6	0.03129675237565975	0.7857412987972554	0.06219814625040772	-1.952360817256125	0.06253215472144623	-1.410255234270813	0.09642563917182150	-2.435459887286911
211953012952677.8	0.03167953572346600	0.7404323114925308	0.06229142794523417	-1.966714045285918	0.06314060345973570	-1.439052291729959	0.1013864313894798	-2.486628833848112
211862960688287.8	0.03204932303031145	0.6946631592925653	0.06253839536746526	-1.983039261435359	0.06372478256908122	-1.470675752744114	0.1058042304065371	-2.544076847721038
211772984912231.0	0.03240336368008483	0.6485047861180741	0.06290844484413279	-2.001719346016420	0.06425460821928906	-1.504913332187750	0.1095835761374846	-2.606146829757487
211683085527097.8	0.03273918931514301	0.6020333914004139	0.06336843871395372	-2.023006010588690	0.06470354921180548	-1.541502151925694	0.1126540167583687	-2.671477987997449
211593262435643.5	0.03305464264359100	0.5553290759371241	0.06388425332479268	-2.047024951075289	0.06504891052975315	-1.580145989781521	0.1149662027228926	-2.738929944883073
211503515540788.9	0.03334790145156560	0.5084746206005706	0.06442214150545783	-2.073789407284309	0.06527194288862069	-1.620528457981963	0.1164891997744516	-2.807518099944808
211413844745619.0	0.03361749763292028	0.4615543933696880	0.06494984007858005	-2.103218267542537	0.06535782985663026	-1.662322367464908	0.1172087151266753	-2.876359794907342
211324249953383.2	0.03386233146353081	0.4146533660552345	0.06543741185567728	-2.135155443618048	0.06529559558852928	-1.705195834073962	0.1171260157651226	-2.944628827879150
211234731067495.0	0.03408168165324109	0.3678562133157045	0.06585785545304124	-2.169388205305318	0.06507796648216337	-1.748815791310137	0.1162573809045881	-3.011515583123522
211145287991531.4	0.03427521059475022	0.3212464835117199	0.06618749576824973	-2.205663006776234	0.06470121094789591	-1.792849507181806	0.1146340688762680	-3.076190455017316
211055920629232.5	0.03444296546805814	0.2749058087517309	0.06640621850224689	-2.243698285148773	0.06416497431392217	-1.836964703373720	0.1123027505938406	-3.137768666581935
210966628884501.5	0.03458537498156877	0.2289131375907422	0.06649758190318603	-2.283194163558787	0.06347211943856682	-1.880828762807120	0.1093264588701111	-3.195275570091088
210877412661404.0	0.03470324166395084	0.1833439729297758	0.06644883917562820	-2.323839343959580	0.06262857884001148	-1.924107461966241	0.1057861264101629	-3.247612948916289
210788271864168.0	0.03479772969167247	0.1382695995851324	0.06625090216419559	-2.365315639335696	0.06164322015609464	-1.966463636289307	0.1017827902129591	-3.293529553735906
210699206397183.1	0.03487034820881164	0.09375629091859583	0.06589827024855613	-2.407300632771804	0.06052772335885403	-2.007556184241547	0.09744050220400924	-3.331604110873224
210610216165000.7	0.03492292962697532	0.04986449444588822	0.06538892479064935	-2.449468921441041	0.05929646558289572	-2.047039828363912	0.09290986592070562	-3.360257629129438
210521301072333.2	0.03495760330303799	0.006647991304821931	0.06472421890999641	-2.491492409289918	0.05796640578141924	-2.084566156306374	0.08837167273662476	-3.377825543864620
210432461024054.0	0.03497676422928868	-0.03584695819674784	0.06390875808499938	-2.533040031459337	0.05655695860186026	-2.119786520483219	0.08403937949442131	-3.382736722545876
210343695925196.8	0.03498303674812647	-0.07758246759785163	0.06295027566079836	-2.573777296861017	0.05508984274750886	-2.152357492328196	0.08015782353827292	-3.373854620634151
210255005680955.7	0.03497923358688378	-0.1185298536522783	0.06185951155340100	-2.613366030968033	0.05358888403177775	-2.181949652767517	0.07699395602766478	-3.351005253302644
210166390196684.4	0.03496831016640939	-0.1586704078575954	0.06065008138103375	-2.651464737674492	0.05207974845847181	-2.208260486661418	0.07481486257465181	-3.315601060432361
210077849377896.3	0.03495331469751807	-0.1979960727286255	0.05933833534591324	-2.687730063772138	0.05058957480800324	-2.231031999686534	0.07385154174249603	-3.271067780267482
209989383130263.9	0.03493733481733609	-0.2365099791617533	0.05794320374906099	-2.721819918124977	0.04914647234491932	-2.250073223460430	0.07425574645835112	-3.222650735872296
209900991359618.3	0.03492344148178918	-0.2742267962919537	0.05648601176717351	-2.753398895719747	0.04777885034356474	-2.265286907639793	0.07606720013673295	-3.176404620106660
209812673971949.5	0.03491463119101935	-0.3111728465499463	0.05499024581798898	-2.782146721024273	0.04651455514413184	-2.276698365436668	0.07920840330470316	-3.137756454165544
209724430873405.3	0.03491376812781371	-0.3473859435428496	0.05348125761729833	-2.807770388376185	0.04537981208545365	-2.284482721728144	0.08350942489019604	-3.110404659014143
209636261970291.4	0.03492352734458082	-0.3829149170743623	0.05198586363383939	-2.830020560137117	0.04439800767419089	-2.288985098415503	0.08874827459401571	-3.096020093049881
209548167169071.3	0.03494634094593351	-0.4178188059448404	0.05053181806460630	-2.848712311957788	0.04358839656765100	-2.290727305017764	0.09468867918666728	-3.094616295075366
209460146376365.1	0.03498434905160866	-0.4521657156369524	0.04914712971058245	-2.863749542928737	0.04296487067554120	-2.290395265487450	0.1011054407707133	-3.105169308372177
209372199498950.3	0.03503935718547676	-0.4860313587541060	0.04785919874983335	-2.875151187486114	0.04253496386560151	-2.288804347189654	0.1077969852868325	-3.126167453570369
209284326443760.5	0.03511280166694294	-0.5194973183365678	0.04669377324665161	-2.883075851554745	0.04229926462985367	-2.286844683039891	0.1145890924199100	-3.155977687430668
209196527117885.6	0.03520572454254717	-0.5526490949723020	0.04567376667262089	-2.887839995870275	0.04225135915171465	-2.285414016760270	0.1213339712774204	-3.193043993966719
209108801428571.4	0.03531875876804316	-0.5855740156237064	0.04481800923556537	-2.889923994874762	0.04237833605218253	-2.285349376233480	0.1279075293593928	-3.235972396066067
209021149283219.2	0.03545212422343570	-0.6183590941014848	0.04414006389181771	-2.889960946381152	0.04266177873775048	-2.287369236802235	0.1342063412320153	-3.283551834876572
208933570589385.5	0.03560563478991743	-0.6510889374346582	0.04364727407119011	-2.888705623487087	0.04307908797380090	-2.292034614430006	0.1401449609575318	-3.334743776484972
208846065254781.5	0.03577871587039547	-0.6838437891569468	0.04334019896010350	-2.886985232810500	0.04360494077274324	-2.299732240073266	0.1456537949398210	-3.388659304008471
208758633187273.2	0.03597043146097761	-0.7166977900944092	0.04321255331438539	-2.885638393669199	0.04421270586082688	-2.310677801307560	0.1506775330805782	-3.444533307089380
208671274294880.7	0.03617951947317347	-0.7497175207247325	0.04325168537571552	-2.885452195360628	0.04487568546066008	-2.324933878607970	0.1551740599379244	-3.501700182351525
208583988485778.0	0.03640443395471316	-0.7829608688080387	0.04343953535919552	-2.887107783522441	0.04556811476816757	-2.342436141392620	0.1591137352398387	-3.559572806652714
208496775668292.7	0.03664339179250176	-0.8164762439377672	0.04375391484759806	-2.891142383752195	0.04626590384974919	-2.363022113062559	0.1624789866434299	-3.617625127718972
208409635750905.5	0.03689442280684081	-0.8503021393727114	0.04416994446947506	-2.897931164745766	0.04694714477931059	-2.386458441543367	0.1652640873374022	-3.675378390932517
208322568642250.4	0.03715542107606139	-0.8844670228865633	0.04466146612004261	-2.907687727504461	0.04759242483988434	-2.412464380192222	0.1674750668672669	-3.732390703726749
208235574251113.6	0.03742419593838300	-0.9189895236239173	0.04520230066929590	-2.920478785298381	0.04818499170124433	-2.440730602457064	0.1691296824457052	-3.788249722011886
208148652486433.8	0.03769852118031901	-0.9538788717827561	0.04576727489844440	-2.936247353856437	0.04871081245199128	-2.470933420856318	0.1702573889198679	-3.842568312902413
208061803257301.8	0.03797618146751045	-0.9891355427383491	0.04633300016006159	-2.954839193623804	0.04915856069553468	-2.502744997233566	0.1708992328411507	-3.894983228601026
207975026472959.8	0.03825501473643728	-1.024752055416691	0.04687840942897204	-2.976028562686043	0.04951955655921676	-2.535840332694450	0.1711076189295949	-3.945156799943090
207888322042801.5	0.03853294997325146	-1.060713876987984	0.04738509095020867	-2.999540909517295	0.04978767694333192	-2.569901838592042	0.1709458691234223	-3.992781798899488
207801689876371.7	0.03880804011460270	-1.097000390703366	0.04783746507800688	-3.025071467150865	0.04995924693172875	-2.604622208383719	0.1704874867473814	-4.037589616206494
207715129883365.7	0.03907848964922721	-1.133585889244863	0.04822284143128323	-3.052299632363571	0.05003291817567410	-2.639706189022416	0.1698150455436123	-4.079361657339227
207628641973629.4	0.03934267689733041	-1.170440562815579	0.04853139216039973	-3.080899565098729	0.05000953689267024	-2.674871731366913	0.1690186126336596	-4.117943577897360
207542226057158.7	0.03959917096766696	-1.207531457666128	0.04875606690391258	-3.110547689418715	0.04989200180738700	-2.709850892710758	0.1681936285956929	-4.153261416717882
207455882044099.3	0.03984674387352207	-1.244823387684221	0.04889247495024348	-3.140927834908663	0.04968511112109601	-2.744390780437424	0.1674381876105211	-4.185338071187683
207369609844746.3	0.04008437757605819	-1.282279785505849	0.04893873783169724	-3.171734702731196	0.04939539638257324	-2.778254749029286	0.1668497394040193	-4.214307550895292
207283409369544.1	0.04031126656149882	-1.319863485526377	0.04889532639552478	-3.202676255808920	0.04903094115021304	-2.811224010214894	0.1665212984626878	-4.240424006759293
207197280529085.8	0.04052681635745877	-1.357537434366929	0.04876488752488433	-3.233475519689651	0.04860118200981305	-2.843099759765325	0.1665373647800150	-4.264062298226946
207111223234113.3	0.04073063824107349	-1.395265326521515	0.04855205948484820	-3.263872183193561	0.04811668961322366	-2.873705867049047	0.1669698780948047	-4.285707429540167
207025237395516.2	0.04092254057390653	-1.433012165074053	0.04826327623808412	-3.293624299585987	0.04758892788279871	-2.902892110491713	0.1678746080269964	-4.305931809283424
206939322924332.6	0.04110251713095916	-1.470744748355912	0.04790655822095834	-3.322510310137627	0.04702999027658837	-2.930537864862725	0.1692884037437029	-4.325361598157565
206853479731747.8	0.04127073296927051	-1.508432084508002	0.04749128952429116	-3.350331530862834	0.04645231322865066	-2.956556055441046	0.1712276529538975	-4.344635942037884
206767707729094.7	0.04142750817860070	-1.546045735681749	0.04702797714135090	-3.376915168086183	0.04586836862968945	-2.980897091223340	0.1736881478603653	-4.364364613617484
206682006827853.0	0.04157329968147001	-1.583560093234008	0.04652798502769651	-3.402117849744875	0.04529033961624877	-3.003552388612650	0.1766463517203114	-4.385089948751529
206596376939649.2	0.04170868195013970	-1.620952587018492	0.04600324949307667	-3.425829532732136	0.04472978684771574	-3.024557008445497	0.1800618467670161	-4.407258053337149
206510817976256.2	0.04183432677318284	-1.658203829979548	0.04546597028861257	-3.447977555625443	0.04419731573813048	-3.043990881975617	0.1838806182564224	-4.431201824279415
206425329849592.9	0.04195098255045383	-1.695297700175894	0.04492828065891169	-3.468530475876493	0.04370225837059463	-3.061978118780317	0.1880387706616989	-4.457135942759999
206339912471724.1	0.04205945352350329	-1.732221362360425	0.04440190154801946	-3.487501221548048	0.04325238646013162	-3.078683992732219	0.1924663054179369	-4.485161975272742
206254565754860.1	0.04216057926642914	-1.768965231428270	0.04389778765731253	-3.504949012284984	0.04285367307325644	-3.094309400295827	0.1970906783699154	-4.515280600579420
206169289611356.1	0.04225521515176263	-1.805522881355496	0.04342578426805241	-3.520979469764677	0.04251012031478853	-3.109082855261631	0.2018399578836062	-4.547407910849486
206084083953712.6	0.04234421355763094	-1.841890901970699	0.04299430098396312	-3.535742447728473	0.04222366721848513	-3.123250414787171	0.2066455152728962	-4.581392942871525
205998948694574.5	0.04242840660694994	-1.878068708949698	0.04261002986802235	-3.549427240978363	0.04199418707461063	-3.137064214820836	0.2114442371693517	-4.617034667179892
205913883746730.9	0.04250859062987085	-1.914058311982924	0.04227772588736677	-3.562255130549959	0.04181957663563042	-3.150770515180699	0.2161803006471424	-4.654097299947125
205828889023115.0	0.04258551253898274	-1.949864047085205	0.04200006638465202	-3.574469557845770	0.04169593215242082	-3.164598237682833	0.2208065671242183	-4.692323476258748
205743964436803.8	0.04265985834060113	-1.985492279998850	0.04177760299509761	-3.586324559250410	0.04161780026614972	-3.178748909896225	0.2252856477067050	-4.731445306731395
205659109901017.3	0.04273224392366137	-2.020951088281031	0.04160881184351462	-3.598072367468691	0.04157848644246759	-3.193388724386632	0.2295906793913153	-4.771193600918963
205574325329119.1	0.04280320814730054	-2.056249930154796	0.04149023847497600	-3.609951226915673	0.04157040054636131	-3.208643136730057	0.2337058329032247	-4.811305643132994
205489610634615.4	0.04287320850776297	-2.091399308691280	0.04141673081581149	-3.622174436737123	0.04158541886664297	-3.224594110330454	0.2376265543618500	-4.851531989791559
205404965731154.7	0.04294261891924316	-2.126410439387845	0.04138173548849802	-3.634921459301797	0.04161524290211259	-3.241279859174003	0.2413595271163639	-4.891642528402911
205320390532528.1	0.04301172975234167	-2.161294929550595	0.04137763958321414	-3.648331613731086	0.04165173871210839	-3.258696730939023	0.2449223278023184	-4.931432093134945
205235884952668.4	0.04308075001675528	-2.196064476996332	0.04139613515592729	-3.662500535478928	0.04168724422705523	-3.276802774566485	0.2483427483475657	-4.970725741448254
205151448905650.0	0.04314981136421933	-2.230730594726290	0.04142858273964876	-3.677479265013198	0.04171483538350045	-3.295522519201155	0.2516577584386099	-5.009383612132175
205067082305688.8	0.04321897369446506	-2.265304367251987	0.04146635606849422	-3.693275586894234	0.04172854525050469	-3.314752529769734	0.2549120959654690	-5.047305172706032
204982785067141.7	0.04328823207923636	-2.299796242974453	0.04150115434854274	-3.709857105112187	0.04172353275133479	-3.334367381100305	0.2581564949067098	-5.084432528582548
204898557104506.2	0.04335752469896863	-2.334215865657225	0.04152527333436926	-3.727155504693532	0.04169619936381698	-3.354225778550966	0.2614455903162097	-5.120752380699252
204814398332420.6	0.04342674138426972	-2.368571946699872	0.04153182969361201	-3.745071492191416	0.04164425331559078	-3.374176631086713	0.2648355745838681	-5.156296181689267
204730308665663.1	0.04349573290604965	-2.402872178073470	0.04151494413133321	-3.763480002657931	0.04156672236187064	-3.394064937385258	0.2683817250698777	-5.191138207864476
204646288019151.8	0.04356431979216456	-2.437123185521099	0.04146987262652077	-3.782235369880854	0.04146391550226007	-3.413737386431992	0.2721359352073269	-5.225391171779561
204562336307944.8	0.04363230129632688	-2.471330519090507	0.04139310158657591	-3.801176277288772	0.04133733718212559	-3.433047570608312	0.2761444290435121	-5.259199587300782
204478453447238.9	0.04369946380932979	-2.505498677977859	0.04128240468066077	-3.820130403012984	0.04118955726777171	-3.451860707715984	0.2804458230305821	-5.292731137356244
204394639352370.5	0.04376558857629664	-2.539631165468753	0.04113686661506046	-3.838918753296781	0.04102404246231076	-3.470057740899561	0.2850696876084770	-5.326166686698528
204310893938814.5	0.04383045853407959	-2.573730569186305	0.04095687751102092	-3.857359734626942	0.04084495681249763	-3.487538660924937	0.2900357195846159	-5.359689785202603
204227217122184.3	0.04389386412583295	-2.607798661425192	0.04074410089171163	-3.875273049224266	0.04065694125390401	-3.504224879751357	0.2953535788937363	-5.393476604554429
204143608818231.4	0.04395560799107662	-2.641836514137253	0.04050141753339475	-3.892483512648051	0.04046488437391193	-3.520060490005581	0.3010233774507120	-5.427687200553362
204060068942845.4	0.04401550840993722	-2.675844623176634	0.04023284600392807	-3.908824887209974	0.04027369836734811	-3.535012281315367	0.3070367423515115	-5.462458797248683
203976597412053.4	0.04407340178327544	-2.709823036113941	0.03994344392660973	-3.924143807602402	0.04008811538292224	-3.549068459685354	0.3133783316794759	-5.497901550625657
203893194142019.9	0.04412914367090707	-2.743771479210188	0.03963918490373136	-3.938303828759856	0.03991251871291839	-3.562236118448868	0.3200276289968432	-5.534096831783507
203809859049046.3	0.04418260880697499	-2.777689478502039	0.03932681534336636	-3.951189580524991	0.03975082216914118	-3.574537645766068	0.3269608488288631	-5.571097891447366
203726592049571.0	0.04423369015601026	-2.811576470950306	0.03901369113012122	-3.962710942895223	0.03960640729807015	-3.586006388792496	0.3341527840509101	-5.608932490691117
203643393060168.8	0.04428229705172584	-2.845431902283327	0.03870759432511516	-3.972807076357988	0.03948212327476058	-3.596682012861294	0.3415784473580464	-5.647606948484654
203560261997550.7	0.04432835259323410	-2.879255308699657	0.03841653231072330	-3.981450062293845	0.03938034850404360	-3.606606071437775	0.3492143948731886	-5.687111025678579
203477198778563.6	0.04437179046188775	-2.913046380338766	0.03814852302879663	-3.988647836217931	0.03930310665862888	-3.615818318081222	0.3570396579879004	-5.727423088700103
203394203320190.3	0.04441255133201802	-2.946805005162230	0.03791137188735606	-3.994446049427163	0.03925222395065435	-3.624354237317979	0.3650362492691665	-5.768515072234357
203311275539548.8	0.04445057905476239	-2.980531292617229	0.03771244801933198	-3.998928489852534	0.03922950959919468	-3.632244150010365	0.3731892458343992	-5.810356862955572
203228415353892.1	0.04448581674094933	-3.014225577210596	0.03755846914246163	-4.002215744210361	0.03923693832539286	-3.639514073851565	0.3814864853558203	-5.852919835892444
203145622680608.3	0.04451820313805333	-3.047888402556489	0.03745530791647177	-4.004461914463974	0.03927681261350859	-3.646188311341252	0.3899179447448361	-5.896179401655795
203062897437220.0	0.04454766913864197	-3.081520487588925	0.03740782872064845	-4.005849363360338	0.03935188373422447	-3.652293518685456	0.3984748772052210	-5.940116490482838
202980239541384.0	0.04457413468680553	-3.115122676735031	0.03741976678337804	-4.006581699609562	0.03946541389905670	-3.657863805543164	0.4071488081763796	-5.984718020586538
202897648910891.1	0.04459750634934009	-3.148695876358424	0.03749365924026837	-4.006875444827682	0.03962116719096921	-3.662946243865924	0.4159304963575205	-6.029976467718220
202815125463665.9	0.04461767550494445	-3.182240980390682	0.03763083191992123	-4.006950997622302	0.03982332393490502	-3.667606051868857	0.4248089546495451	-6.075888696222475
202732669117766.6	0.04463451726749176	-3.215758788184558	0.03783144270283580	-4.007023624291414	0.04007632112697899	-3.671930683776010	0.4337706201779102	-6.122454261273720
202650279791384.5	0.04464789019338898	-3.249249917821745	0.03809457726000484	-4.007295205624747	0.04038462988961669	-3.676032117023651	0.4427987440365774	-6.169673407851770
202567957402843.6	0.04465763679321269	-3.282714718174197	0.03841838873667489	-4.007947365163693	0.04075248868992103	-3.680046795832750	0.4518730491379354	-6.217544990071846
202485701870600.9	0.04466358484229517	-3.316153182965297	0.03880026979355909	-4.009136417529753	0.04118361722617293	-3.684132957991040	0.4609696796303557	-6.266064513928220
202403513113245.8	0.04466554945549238	-3.349564869936763	0.03923704372920928	-4.010990345732509	0.04168093938947989	-3.688465411608897	0.4700614401325077	-6.315222470853210
202321391049499.6	0.04466333583763269	-3.382948827986358	0.03972516109945697	-4.013607785522458	0.04224634378637782	-3.693228189995343	0.4791182990176846	-6.365003083850536
202239335598215.5	0.04465674273130281	-3.416303534796310	0.04026089012131943	-4.017058813697638	0.04288050656761070	-3.698605824369022	0.4881081141312471	-6.415383537757633
202157346678378.4	0.04464556642566736	-3.449626847144734	0.04084049045259841	-4.021387197409755	0.04358279433162347	-3.704774178875806	0.4969975214443144	-6.466333714118853
202075424209104.4	0.04462960496725639	-3.482915965671521	0.04146036177416661	-4.026613681614366	0.04435125563508027	-3.711891846310331	0.5057529141995369	-6.517816413257421
201993568109640.8	0.04460866284954057	-3.516167415284792	0.04211716434342874	-4.032739932354753	0.04518269929146881	-3.720092972442497	0.5143414539178095	-6.569788005618682
201911778299365.6	0.04458255579827768	-3.549377042074518	0.04280790797536611	-4.039752744168290	0.04607284870810125	-3.729482144848780	0.5227320411935073	-6.622199433388160
201830054697787.4	0.04455111557117655	-3.582540027044571	0.04353000956239858	-4.047628204179596	0.04701655438206330	-3.740131657617335	0.5308961895896555	-6.674997468931167
201748397224544.8	0.04451419463528925	-3.615650916529672	0.04428132059749699	-4.056335574364750	0.04800804268182005	-3.752081142967570	0.5388087553769484	-6.728126131861960
201666805799406.8	0.04447167059027486	-3.648703668725861	0.04506012736674196	-4.065840725154349	0.04904117812231247	-3.765339293595594	0.5464484889094258	-6.781528169295009
201585280342271.9	0.04442345021291643	-3.681691715362293	0.04586512729631000	-4.076109017244209	0.05010971809296543	-3.779887220688841	0.5537983875105125	-6.835146512102230
201503820773168.1	0.04436947300995929	-3.714608037178605	0.04669538545107288	-4.087107581218578	0.05120754267419751	-3.795682910507443	0.5608458438397466	-6.888925632001222
201422427012252.6	0.04430971417961718	-3.747445251555976	0.04755027545961648	-4.098806986089087	0.05232884692259304	-3.812666244542205	0.5675825969496292	-6.942812738540656
201341098979811.6	0.04424418689888900	-3.780195710376280	0.04842940923961180	-4.111182319323667	0.05346828806268970	-3.830764110943658	0.5740045049033229	-6.996758770402552
201259836596259.9	0.04417294381839269	-3.812851605949188	0.04933255976597835	-4.124213721194661	0.05462108480159501	-3.849895233668067	0.5801111666723576	-7.050719154066320
201178639782140.9	0.04409607795247705	-3.845405082758197	0.05025958148769254	-4.137886449621119	0.05578307012491487	-3.869974443300624	0.5859054318101948	-7.104654302347079
201097508458126.1	0.04401372255053936	-3.877848352478737	0.05121033151434315	-4.152190526380405	0.05695070222077959	-3.890916241608939	0.5913928317946655	-7.158529873480573
201016442545014.8	0.04392605019637533	-3.910173809801753	0.05218459569994754	-4.167120061729747	0.05812104048505731	-3.912637578502477	0.5965809778012450	-7.212316791955908
200935441963734.0	0.04383327115813278	-3.942374146531357	0.05318202262466844	-4.182672341787859	0.05929169503939710	-3.935059842045770	0.6014789636354880	-7.265991054784883
200854506635338.3	0.04373563094004519	-3.974442461399200	0.05420206786201757	-4.198846758240553	0.06046075872749744	-3.958110121187361	0.6060968076589809	-7.319533363015489
200773636481009.3	0.04363340711574009	-4.006372363139139	0.05524395050065598	-4.215643662502799	0.06162673035011661	-3.981721834868956	0.6104449626149537	-7.372928619108368
200692831422055.3	0.04352690551364891	-4.038158064473697	0.05630662319060312	-4.233063217956596	0.06278843703809638	-4.005834845581553	0.6145339139733911	-7.426165336352356
200612091379911.5	0.04341645584089687	-4.069794464828494	0.05738875633006842	-4.251104314259205	0.06394496229156887	-4.030395185964794	0.6183738786320607	-7.479235007390025
200531416276139.4	0.04330240684649610	-4.101277219804723	0.05848873637957720	-4.269763596035967	0.06509558449664812	-4.055354526669045	0.6219746068884431	-7.532131476601878
200450806032426.6	0.04318512113559080	-4.132602795705205	0.05960467771473669	-4.289034645367707	0.06623972884000511	-4.080669504306109	0.6253452822658249	-7.584850355814734
200370260570586.7	0.04306496975560024	-4.163768507719581	0.06073444693217667	-4.308907344245414	0.06737693365917453	-4.106301011938820	0.6284945066809783	-7.637388515049804
200289779812558.6	0.04294232668207752	-4.194772540735084	0.06187569812249900	-4.329367430476934	0.06850683055793601	-4.132213533282030	0.6314303530906804	-7.689743670538284
200209363680406.8	0.04281756333388555	-4.225613952132751	0.06302591732806026	-4.350396249140662	0.06962913621507798	-4.158374577710918	0.6341604644753112	-7.741914081852204
200129012096321.1	0.04269104324716042	-4.256292656365332	0.06418247421263396	-4.371970692136246	0.07074365283082895	-4.184754248628183	0.6366921769314939	-7.793898359643574
200048724982615.7	0.04256311698977620	-4.286809391511628	0.06534267893797931	-4.394063309583228	0.07185027357453613	-4.211324956910598	0.6390326459496711	-7.845695379682485
199968502261729.7	0.04243411763822309	-4.317165668750568	0.06650384192176310	-4.416642579627197	0.07294898968644974	-4.238061259554204	0.6411889563740918	-7.897304270726766
199888343856226.6	0.04230435658154621	-4.347363705566286	0.06766333485418430	-4.439673302273564	0.07403989555281175	-4.264939814677253	0.6431682036286096	-7.948724482789213
199808249688793.9	0.04217411998566490	-4.377406344548968	0.06881865087241804	-4.463117101290786	0.07512318949948421	-4.291939406595035	0.6449775365138410	-7.999955891760781
199728219682243.0	0.04204366598534844	-4.407296959838797	0.06996746211581494	-4.486933009406084	0.07619916875069080	-4.319041002366506	0.6466241578624555	-8.050998915918054
199648253759508.8	0.04191322260225861	-4.437039353550614	0.07110767319740245	-4.511078112237037	0.07726821793837146	-4.346227804712484	0.6481152853762954	-8.101854625824466
199568351843649.9	0.04178298645186609	-4.466637644912041	0.07223746920651453	-4.535508230961645	0.07833079169312510	-4.373485267792469	0.6494580790219118	-8.152524826116512
199488513857847.7	0.04165312225827272	-4.496096155052744	0.07335535707985347	-4.560178625262709	0.07938739269929016	-4.400801052241278	0.6506595449629333	-8.203012094799671
199408739725406.6	0.04152376317525052	-4.525419290517101	0.07446019937570010	-4.585044700313842	0.08043854724461842	-4.428164906827011	0.6517264281454711	-8.253319772000818
199329029369753.5	0.04139501188938218	-4.554611428621908	0.07555123968072230	-4.610062703599732	0.08148478064358776	-4.455568475574494	0.6526651063239719	-8.303451896719166
199249382714437.9	0.04126694246036589	-4.583676807724889	0.07662811907105747	-4.635190399042044	0.08252659494255485	-4.483005039928534	0.6534814975571737	-8.353413096343084
199169799683131.4	0.04113960283466131	-4.612619425327972	0.07769088324035135	-4.660387707182272	0.08356445104027657	-4.510469214355191	0.6541809911931560	-8.403208438970491
199090280199627.3	0.04101301795099675	-4.641442946698585	0.07873998009952972	-4.685617301063949	0.08459875682270775	-4.537956619705833	0.6547684093885835	-8.452843262426107
199010824187840.9	0.04088719334140131	-4.670150626379581	0.07977624784878414	-4.710845148022470	0.08562986219692963	-4.565463561270756	0.6552480026404317	-8.502322996011689
198931431571808.5	0.04076211912015642	-4.698745244574428	0.08080089372325276	-4.736040987936875	0.08665806110909302	-4.592986737682034	0.6556234790576184	-8.551652991339010
198852102275687.9	0.04063777424344574	-4.727229059953302	0.08181546382121481	-4.761178738766258	0.08768359984119042	-4.620523002817840	0.6558980635695022	-8.600838377155785
198772836223757.7	0.04051413091850229	-4.755603779954257	0.08282180463630627	-4.786236820529379	0.08870669020400795	-4.648069196533671	0.6560745803168482	-8.649883950133404
198693633340417.1	0.04039115903892810	-4.783870549155715	0.08382201713067859	-4.811198389453784	0.08972752574689237	-4.675622052067360	0.6561555493761978	-8.698794109529613
198614493550185.9	0.04026883052377375	-4.812029955792691	0.08481840439908245	-4.836051474959259	0.09074629884341876	-4.703178179454808	0.6561432879034095	-8.747572838953118
198535416777704.0	0.04014712341915325	-4.840082055937843	0.08581341430235463	-4.860789012994266	0.09176321641180830	-4.730734117456771	0.6560400064286612	-8.796223735106766
198456402947731.5	0.04002602576032353	-4.868026414726506	0.08680957800205948	-4.885408774153895	0.09277851279595122	-4.758286434119001	0.6558478888718282	-8.844750071292399
198377451985147.8	0.03990553894591302	-4.895862162946028	0.08780944667179977	-4.909913181895978	0.09379245780337178	-4.785831862769141	0.6555691528397128	-8.893154895321882
198298563814952.3	0.03978568058131220	-4.923588067360278	0.08881552796175860	-4.934309023450556	0.09480535918601864	-4.813367449554267	0.6552060849742921	-8.941441146508918
198219738362263.2	0.03966648680986445	-4.951202612962619	0.08983022353508789	-4.958607060544329	0.09581755979009915	-4.840890687496990	0.6547610474865958	-8.989611774056751
198140975552317.9	0.03954801399349212	-4.978704094617390	0.09085576986943575	-4.982821546949227	0.09682942955272642	-4.868399622078883	0.6542364591871457	-9.037669848728239
198062275310472.7	0.03943033972872380	-5.006090715597011	0.09189418395084145	-5.006969665882177	0.09784135352931803	-4.895892913624322	0.6536347543251361	-9.085618655142753
197983637562202.2	0.03931356317936059	-5.033360690311152	0.09294721546467098	-5.031070903200951	0.09885371748208140	-4.923369848742745	0.6529583251194562	-9.133461755930080
197905062233099.6	0.03919780472483317	-5.060512348431324	0.09401630689572321	-5.055146375206098	0.09986689279622775	-4.950830299634007	0.6522094551980691	-9.181203022298581
197826549248876.0	0.03908320494132348	-5.087544237587633	0.09510256269672360	-5.079218131939409	0.1008812225128678	-4.978274636391359	0.6513902516865011	-9.228846629275976
197748098535360.2	0.03896992295008343	-5.114455221853157	0.09620672838165452	-5.103308457981930	0.1018970100786656	-5.005703602835315	0.6505025833909353	-9.276397017565127
197669710018498.9	0.03885813418270827	-5.141244573334944	0.09732918006224361	-5.127439192793004	0.1029145120400484	-5.033118170220359	0.6495480314806406	-9.323858827255583
197591383624356.1	0.03874802762820128	-5.167912054358889	0.09846992458921944	-5.151631091575236	0.1039339354083847	-5.060519385166497	0.6485278574350462	-9.371236811231256
197513119279112.8	0.03863980263969233	-5.194457987966528	0.09962861010266255	-5.175903245575052	0.1049554398523944	-5.087908228138689	0.6474429909833718	-9.418535737782605
197434916909066.9	0.03853366538941346	-5.220883314731086	0.1008045464556742	-5.200272577798915	0.1059791443037331	-5.115285496859793	0.6462940385600178	-9.465760292554069
197356776440633.2	0.03842982506912017	-5.247189634245196	0.1019967346681836	-5.224753426558232	0.1070051370599801	-5.142651725529921	0.6450813106626403	-9.512914989515842
197278697800342.9	0.03832848993945694	-5.273379230029926	0.1032039043059730	-5.249357225317493	0.1080334880911256	-5.170007146155451	0.6438048646469645	-9.560004099252353
197200680914843.1	0.03822986333494829	-5.299455077047796	0.1044245574726018	-5.274092283278461	0.1090642620407159	-5.197351693174443	0.6424645580967512	-9.607031600695697
197122725710897.3	0.03813413973229608	-5.325420831473833	0.1056570179538495	-5.298963667237917	0.1100975303819055	-5.224685047613139	0.6410601070849750	-9.654001159765731
197044832115384.6	0.03804150098747353	-5.351280802867615	0.1068994839662508	-5.323973181721720	0.1111333813365455	-5.252006712725496	0.6395911434433573	-9.700916135507157
196967000055299.5	0.03795211284131390	-5.377039909380030	0.1081500829305519	-5.349119441374181	0.1121719264691582	-5.279316109855125	0.6380572655650839	-9.747779611534980
196889229457752.1	0.03786612178657486	-5.402703617120491	0.1094069267122533	-5.374398027164178	0.1132133032908135	-5.306612681593872	0.6364580782015943	-9.794594448192132
196811520249967.1	0.03778365237882559	-5.428277865266298	0.1106681658373024	-5.399801716189623	0.1142576736921341	-5.333895989117934	0.6347932180522733	-9.841363348998463
196733872359284.6	0.03770480506054096	-5.453768978916980	0.1119320412936498	-5.425320773701777	0.1153052185153747	-5.361165791875800	0.6330623635260193	-9.888088933878990
196656285713158.9	0.03762965455307211	-5.479183572057671	0.1131969326602501	-5.450943295367605	0.1163561290154017	-5.388422100403712	0.6312652287027674	-9.934773811364266
196578760239159.0	0.03755824885747368	-5.504528443289271	0.1144614014566950	-5.476655587652230	0.1174105963070748	-5.415665196636686	0.6294015430719010	-9.981420642436669
196501295864967.8	0.03749060888452546	-5.529810467186769	0.1157242287721660	-5.502442574444576	0.1184688000964196	-5.442895619916001	0.6274710199250858	-10.02803218986137
196423892518382.3	0.03742672872018564	-5.555036484267409	0.1169844464064092	-5.528288218551499	0.1195308980527448	-5.470114121043761	0.6254733172197508	-10.07461134853633
196346550127313.3	0.03736657651325510	-5.580213192572581	0.1182413609336729	-5.554175947369455	0.1205970170729309	-5.497321590207124	0.6234079952360351	-10.12116115442017
196269268619784.8	0.03731009595704027	-5.605347043789751	0.1194945702800543	-5.580089072824910	0.1216672474498450	-5.524518967419442	0.6212744754016847	-10.16768477174002
196192047923934.4	0.03725720831948846	-5.630444146678829	0.1207439725833937	-5.606011196503006	0.1227416406054545	-5.551707145687817	0.6190720042802453	-10.21418546022037
196114887968012.6	0.03720781496299683	-5.655510180310493	0.1219897672813282	-5.631926591718818	0.1238202106336975	-5.578886877611984	0.6167996259730905	-10.26066652582090
196037788680382.6	0.03716180027911487	-5.680550319291726	0.1232324485966509	-5.657820554919136	0.1249029394383962	-5.606058695388124	0.6144561652579496	-10.30713125949631
195960749989520.6	0.03711903496817461	-5.705569172818156	0.1244727915932452	-5.683679720252611	0.1259897849572341	-5.633222852093031	0.6120402223162305	-10.35358287008926
195883771824014.7	0.03707937959232491	-5.730570738983184	0.1257118310676992	-5.709492332304944	0.1270806916790856	-5.660379289469991	0.6095501787187084	-10.40002441824033
195806854112565.5	0.03704268822852700	-5.755558374996872	0.1269508347676577	-5.735248468641529	0.1281756017826153	-5.687527635332911	0.6069842148475988	-10.44645875160471
195729996783985.3	0.03700881223277545	-5.780534784128985	0.1281912705488651	-5.760940212610071	0.1292744664288991	-5.714667228243238	0.6043403347324652	-10.49288845202381
195653199767198.5	0.03697760396235612	-5.805502019176972	0.1294347690099772	-5.786561770931606	0.1303772556557807	-5.741797166207803	0.6016163967025945	-10.53931579429503
195576462991240.7	0.03694892037719209	-5.830461502057983	0.1306830824716426	-5.812109534757560	0.1314839660048645	-5.768916372702130	0.5988101465522274	-10.58574271888970
195499786385258.8	0.03692262643578732	-5.855414058685518	0.1319380414055431	-5.837582083544501	0.1325946252125253	-5.796023671978658	0.5959192501781310	-10.63217081866057
195423169878510.8	0.03689859820715558	-5.880359967913109	0.1332015094933031	-5.862980132412496	0.1337092936440109	-5.823117864933161	0.5929413229553950	-10.67860133809404
195346613400365.6	0.03687672563064944	-5.905299023022413	0.1344753385411297	-5.888306425044403	0.1348280625325531	-5.850197797206479	0.5898739536696724	-10.72503518239620
195270116880302.8	0.03685691486360440	-5.930230603957669	0.1357613244900162	-5.913565575612167	0.1359510494413989	-5.877262412375995	0.5867147215511174	-10.77147293275352
195193680247912.3	0.03683909017099532	-5.955153758311340	0.1370611657407130	-5.938763864632573	0.1370783916807242	-5.904310785168946	0.5834612057732114	-10.81791486354885
195117303432894.2	0.03682319532057363	-5.980067288907010	0.1383764249557539	-5.963908994994262	0.1382102386222487	-5.931342132007411	0.5801109876041471	-10.86436095715101
195040986365058.7	0.03680919446149814	-6.004969845739448	0.1397084954077777	-5.989009815594393	0.1393467439670899	-5.958355798924165	0.5766616461514852	-10.91081091211781
194964728974325.5	0.03679707247644337	-6.029860019989268	0.1410585728157841	-6.014076021010471	0.1404880590093684	-5.985351229424863	0.5731107492592398	-10.95726414119762
194888531190724.3	0.03678683480867873	-6.054736437839096	0.1424276334522538	-6.039117836348718	0.1416343278085583	-6.012327917011178	0.5694558415573566	-11.00371975629564
194812392944393.8	0.03677850677952980	-6.079597851891701	0.1438164191195015	-6.064145696813702	0.1427856849622537	-6.039285348741112	0.5656944319055161	-11.05017653850115
194736314165581.9	0.03677213242021986	-6.104443228080260	0.1452254293894851	-6.089169931599047	0.1439422563693159	-6.066222946894800	0.5618239825195250	-11.09663289223045
194660294784645.4	0.03676777285529582	-6.129271826129004	0.1466549212854190	-6.114200461406039	0.1451041630444952	-6.093140015960638	0.5578419019409772	-11.14308678345286
194584334732049.9	0.03676550428223548	-6.154083271796315	0.1481049163636911	-6.139246518263154	0.1462715277115454	-6.120035701283840	0.5537455437492599	-11.18953566273925
194508433938369.5	0.03676541560006388	-6.178877619356326	0.1495752149393685	-6.164316395385733	0.1474444836083150	-6.146908964294703	0.5495322125672701	-11.23597637446921
194432592334286.4	0.03676760574764225	-6.203655403029034	0.1510654169951733	-6.189417233629255	0.1486231847147603	-6.173758577377634	0.5451991785309260	-11.28240505392451
194356809850591.2	0.03677218081598477	-6.228417676340046	0.1525749491296334	-6.214554849720355	0.1498078164835680	-6.200583139197735	0.5407437010253358	-11.32881701420115
194281086418181.8	0.03677925100363483	-6.253166038686206	0.1541030967401375	-6.239733609966816	0.1509986061279521	-6.227381109202153	0.5361630621753787	-11.37520662493011
194205421968064.4	0.03678892748567475	-6.277902648692908	0.1556490405053483	-6.264956351623824	0.1521958315998403	-6.254150858078872	0.5314546103389806	-11.42156718476822
194129816431352.2	0.03680131926706626	-6.302630224261235	0.1572118961311964	-6.290224352598883	0.1533998285643484	-6.280890729480364	0.5266158136926376	-11.46789078959132
194054269739265.8	0.03681653009017806	-6.327352029520037	0.1587907562564930	-6.315537348766463	0.1546109949206677	-6.307599107456936	0.5216443239092852	-11.51416819836569
193978781823132.8	0.03683465546283057	-6.352071849204081	0.1603847333777737	-6.340893596884833	0.1558297927029712	-6.334274483822452	0.5165380498796103	-11.56038869887162
193903352614387.6	0.03685577986912322	-6.376793951270018	0.1619930026468366	-6.366289979991641	0.1570567474878518	-6.360915520136032	0.5112952413788683	-11.60653997586327
193827982044571.2	0.03687997421932013	-6.401523038830606	0.1636148434162583	-6.391722151217981	0.1582924457010040	-6.387521100025218	0.5059145824856519	-11.65260798490051
193752670045330.9	0.03690729358793762	-6.426264192723645	0.1652496784552332	-6.417184711209972	0.1595375304225808	-6.414090369074158	0.5003952943685587	-11.69857683599087
193677416548420.5	0.03693777528124376	-6.451022806229849	0.1668971098272309	-6.442671413772801	0.1607926964202480	-6.440622761242035	0.4947372467316780	-11.74442869229420
193602221485699.5	0.03697143726577588	-6.475804513604737	0.1685569505092962	-6.468175393943052	0.1620586851673676	-6.467118012577280	0.4889410767214868	-11.79014369041029
193527084789133.2	0.03700827698166852	-6.500615114204419	0.1702292509373602	-6.493689412432827	0.1633362805405805	-6.493576164690066	0.4830083134364934	-11.83569989008984
193452006390792.7	0.03704827055267448	-6.525460494025339	0.1719143197801555	-6.519206110250794	0.1646263057281404	-6.519997561651251	0.4769415053577589	-11.88107326246265
193376986222854.2	0.03709137239679988	-6.550346546488144	0.1736127383739848	-6.544718267276990	0.1659296216517248	-6.546382844842318	0.4707443470669798	-11.92623772692026
193302024217599.2	0.03713751523146829	-6.575279094245863	0.1753253683896592	-6.570219058631106	0.1672471269271842	-6.572732950445872	0.4644218005950405	-11.97116524746944
193227120307414.1	0.03718661045788074	-6.600263813691159	0.1770533524497092	-6.595702302819570	0.1685797590960668	-6.599049113833504	0.4579802057226024	-12.01582599952694
193152274424790.2	0.03723854890167390	-6.625306163699135	0.1787981075666899	-6.621162695869526	0.1699284965893430	-6.625332884126722	0.4514273726260160	-12.06018861759407
193077486502323.2	0.03729320187968739	-6.650411319964841	0.1805613114304997	-6.646596025959633	0.1712943606668271	-6.651586150744118	0.4447726495263575	-12.10422053287964
193002756472713.2	0.03735042255653935	-6.675584116077330	0.1823448817318213	-6.671999363439666	0.1726784164348684	-6.677811181974886	0.4380269575605832	-12.14788840759161
192928084268764.5	0.03741004754991190	-6.700828992246187	0.1841509488681939	-6.697371221604771	0.1740817720017821	-6.704010673779233	0.4312027850523187	-12.19115866917965
192853469823385.3	0.03747189874045610	-6.726149952352667	0.1859818225357325	-6.722711684161612	0.1755055748987918	-6.730187805241775	0.4243141338062639	-12.23399814320878
192778913069587.7	0.03753578523962778	-6.751550529746235	0.1878399528600876	-6.748022495999251	0.1769510050589740	-6.756346295650988	0.4173764110588618	-12.27637477776227
192704413940486.9	0.03760150546856119	-6.777033761967693	0.1897278868610892	-6.773307114663019	0.1784192639073509	-6.782490457193795	0.4104062623375153	-12.31825844538548
192629972369302.1	0.03766884930136455	-6.802602174350489	0.1916482211725217	-6.798570720817693	0.1799115594399662	-6.808625236847881	0.4034213427286721	-12.35962180077871
192555588289355.2	0.03773760021155443	-6.828257772210316	0.1936035522321006	-6.823820185865483	0.1814290874579225	-6.834756241507273	0.3964400264282820	-12.40044116406200
192481261634071.0	0.03780753745362066	-6.854002041273078	0.1955964242104776	-6.849064002100057	0.1829730098722588	-6.860889740128834	0.3894810604870684	-12.44069739126951
192406992336977.5	0.03787843811321291	-6.879835955565524	0.1976292773341906	-6.874312168061277	0.1845444304555554	-6.887032640686039	0.3825631664905818	-12.48037668500832
192332780331704.8	0.03795007908920140	-6.905759992152209	0.1997043966774589	-6.899576038298289	0.1861443696330170	-6.913192438839031	0.3757046045076102	-12.51947129380196
192258625551985.6	0.03802223895884883	-6.931774151853647	0.2018238628539364	-6.924868139859963	0.1877737395749087	-6.939377138716580	0.3689227141714742	-12.55798004368065
192184527931654.7	0.03809469968942252	-6.957877985032341	0.2039895059257904	-6.950201959221560	0.1894333209208559	-6.965595148473719	0.3622334514441045	-12.59590864634569
192110487404648.8	0.03816724818314051	-6.984070621513018	0.2062028635583566	-6.975591705528261	0.1911237424765131	-6.991855155021970	0.3556509429909091	-12.63326973309849
192036503905006.4	0.03823967764229116	-7.010350803690496	0.2084651444094926	-7.001052056343720	0.1928454650091701	-7.018165984099879	0.3491870816423967	-12.67008257386182
191962577366867.7	0.03831178874728210	-7.036716921909457	0.2107771976086044	-7.026597892575734	0.1945987699838398	-7.044536453037065	0.3428511867066385	-12.70637245617769
191888707724474.1	0.03838339064475715	-7.063167051231081	0.2131394890212467	-7.052244029497133	0.1963837537149745	-7.070975224078488	0.3366497515093687	-12.74216971944209
191814894912168.3	0.03845430174764672	-7.089698988767621	0.2155520848165102	-7.078004950773293	0.1982003270093171	-7.097490665972670	0.3305862973631650	-12.77750846348643
191741138864393.8	0.03852435035387145	-7.116310290852353	0.2180146426632011	-7.103894552153859	0.2000482199698390	-7.124090730756040	0.3246613482634434	-12.81242497589755
191667439515695.1	0.03859337509326721	-7.142998309392138	0.2205264106841188	-7.129925900995539	0.2019269912549217	-7.150782851262789	0.3188725342334889	-12.84695594664273
191593796800717.3	0.03866122521545590	-7.169760226851212	0.2230862341026595	-7.156111017086528	0.2038360407849488	-7.177573863067728	0.3132148238374043	-12.88113655894872
191520210654205.6	0.03872776073446298	-7.196593089425575	0.2256925693297677	-7.182460679385014	0.2057746246787382	-7.204469952549156	0.3076808785396426	-12.91499855957523
191446681011005.9	0.03879285244627913	-7.223493838058265	0.2283435050677435	-7.208984262302524	0.2077418711024526	-7.231476630579722	0.3022615139831839	-12.94856841792131
191373207806063.7	0.03885638183793551	-7.250459337064140	0.2310367898559992	-7.235689604122085	0.2097367957398798	-7.258598729426470	0.2969462465468870	-12.98186568111565
191299790974424.5	0.03891824090609629	-7.277486400218957	0.2337698653561389	-7.262582909079580	0.2117583157283834	-7.285840418733297	0.2917238982939667	-13.01490162178796
191226430451233.6	0.03897833190327652	-7.304571814267430	0.2365399045723292	-7.289668683611853	0.2138052611463956	-7.313205235250303	0.2865832300370622	-13.04767825804236
191153126171735.3	0.03903656702933074	-7.331712359889030	0.2393438541289227	-7.316949706325135	0.2158763834555030	-7.340696120302225	0.2815135709116273	-13.08018780340365
191079878071273.5	0.03909286808401188	-7.358904830228062	0.2421784796803315	-7.344427030391179	0.2179703606647146	-7.368315458853837	0.2765054135435160	-13.11241258062953
191006686085291.1	0.03914716609498626	-7.386146047163448	0.2450404135072677	-7.372100016366245	0.2200857993640506	-7.396065114493862	0.2715509464046540	-13.14432540958196
190933550149329.9	0.03919940093390810	-7.413432875541679	0.2479262033561674	-7.399966392857113	0.2222212341354025	-7.423946455595251	0.2666444989251390	-13.17589045762199
190860470199030.4	0.03924952093049450	-7.440762235633168	0.2508323616023284	-7.428022342032896	0.2243751251561039	-7.451960369219816	0.2617828799512927	-13.20706452231378
190787446170131.3	0.03929748249195730	-7.468131114095868	0.2537554138589555	-7.456262606699196	0.2265458550415475	-7.480107260906353	0.2569655957812941	-13.23779870089901
190714477998470.2	0.03934324973308557	-7.495536573743191	0.2566919462102476	-7.484680615498874	0.2287317261096553	-7.508387040161804	0.2521949398900988	-13.26804038866765
190641565619982.2	0.03938679411952233	-7.522975762413734	0.2596386503142447	-7.513268622767376	0.2309309592785711	-7.536799093099294	0.2474759522660042	-13.29773553820233
190568708970700.6	0.03942809412375142	-7.550445921220779	0.2625923656967045	-7.542017859626149	0.2331416957314674	-7.565342245073564	0.2428162518036681	-13.32683110253833
190495907986756.7	0.03946713489184132	-7.577944392441526	0.2655501186387090	-7.570918693034948	0.2353620023046231	-7.594014717351202	0.2382257502945898	-13.35527757673544
190423162604378.8	0.03950390791653474	-7.605468627272092	0.2685091571453555	-7.599960789714394	0.2375898812997951	-7.622814082580708	0.2337162611499714	-13.38303154378964
190350472759893.1	0.03953841071018068	-7.633016193627010	0.2714669815687628	-7.629133282075950	0.2398232851019484	-7.651737224159276	0.2293010200406599	-13.41005812243095
190277838389722.7	0.03957064647012756	-7.660584784116526	0.2744213705448227	-7.658424933551471	0.2420601356353494	-7.680780304512077	0.2249941381034156	-13.43633320711642
190205259430387.8	0.03960062372773496	-7.688172224280793	0.2773704019876491	-7.687824300970643	0.2442983483387499	-7.709938746787260	0.2208100111787817	-13.46184538609676
190132735818505.3	0.03962835594333429	-7.715776480963112	0.2803124691707603	-7.717319890074625	0.2465358598099865	-7.739207234231971	0.2167627100946906	-13.48659742839575
190060267490789.0	0.03965386114629341	-7.743395671284699	0.2832462910173375	-7.746900309240044	0.2487706589323644	-7.768579727648345	0.2128653806491714	-13.51060721801795
189987854384048.8	0.03967716149628654	-7.771028071637078	0.2861709174586302	-7.776554412461478	0.2510008195869762	-7.798049504573529	0.2091296777980634	-13.53390806316436
189915496435191.1	0.03969828270263028	-7.798672126194568	0.2890857302216337	-7.806271426818583	0.2532245332485789	-7.827609221342476	0.2055652587869443	-13.55654833052287
189843193581218.3	0.03971725349035754	-7.826326455703974	0.2919904378316900	-7.836041075592966	0.2554401415126772	-7.857250992970243	0.2021793614381874	-13.57859035197968
189770945759228.7	0.03973410496802302	-7.853989865636085	0.2948850660147139	-7.865853687201305	0.2576461663191499	-7.886966491354917	0.1989764838242465	-13.60010864828147
189698752906416.4	0.03974886992693370	-7.881661353552032	0.2977699435171827	-7.895700291239585	0.2598413369348334	-7.916747057978890	0.1959581792321032	-13.62118753747840
189626614960071.0	0.03976158207033002	-7.909340115353715	0.3006456836617926	-7.925572700982236	0.2620246127160084	-7.946583827300419	0.1931229732714729	-13.64191824784341
189554531857577.3	0.03977227517424046	-7.937025550071379	0.3035131620110593	-7.955463581843968	0.2641952008998477	-7.976467856699598	0.1904664030087776	-13.66239569348895
189482503536415.5	0.03978098218341748	-7.964717262819415	0.3063734905603050	-7.985366505466292	0.2663525689313681	-8.006390258712630	0.1879811711225516	-13.68271509550222
189410529934160.6	0.03978773424950357	-7.992415065561268	0.3092279889250812	-8.015275989253347	0.2684964510928298	-8.036342331505335	0.1856574019230993	-13.70296863847584
189338610988482.5	0.03979255972078364	-8.020118975333624	0.3120781530250942	-8.045187521341576	0.2706268494587506	-8.066315683892578	0.1834829812431061	-13.72324234092592
189266746637145.8	0.03979548309572609	-8.047829209602970	0.3149256217967958	-8.075097571152776	0.2727440294172132	-8.096302351778375	0.1814439591030341	-13.74361329029063
189194936818009.4	0.03979652395544936	-8.075546178468880	0.3177721424890370	-8.105003585851710	0.2748485101811740	-8.126294903563711	0.1795249928681587	-13.76414735351422
189123181469026.5	0.03979569589231957	-8.103270473473591	0.3206195351097975	-8.134903973200146	0.2769410508437233	-8.156286532769597	0.1777098092702678	-13.78489742865358
189051480528244.7	0.03979300545382938	-8.131002852835801	0.3234696565967325	-8.164798071472955	0.2790226326059643	-8.186271136824743	0.1759816658668870	-13.80590225777826
188979833933805.0	0.03978845112295819	-8.158744222997926	0.3263243652793476	-8.194686107274666	0.2810944378328146	-8.216243381612813	0.1743237957973592	-13.82718578206407
188908241623942.4	0.03978202235725522	-8.186495616448944	0.3291854861859243	-8.224569142259103	0.2831578265666413	-8.246198751908075	0.1727198235416201	-13.84875699012267
188836703536985.6	0.03977369870973511	-8.214258165870390	0.3320547777236586	-8.254449009910474	0.2852143110765477	-8.276133588220162	0.1711541432860682	-13.87061019199356
188765219611356.5	0.03976344905444642	-8.242033074733440	0.3349339002266114	-8.284328243682577	0.2872655289294059	-8.306045110825423	0.1696122550304670	-13.89272564370964
188693789785570.2	0.03975123091454552	-8.269821584328074	0.3378243868925109	-8.314209996249687	0.2893132146953799	-8.335931432478649	0.1680810562062406	-13.91507045586682
188622413998234.8	0.03973698998851340	-8.297624938198577	0.3407276172780432	-8.344097956192609	0.2913591713915565	-8.365791558941387	0.1665490895890655	-13.93759970401120
188551092188051.5	0.03972065990643221	-8.325444344578981	0.3436447937518398	-8.373996264556961	0.2934052421474511	-8.395625377709521	0.1650067487005018	-13.96025768544971
188479824293813.8	0.03970216195723424	-8.353280934568250	0.3465769218461908	-8.403909414587433	0.2954532789904044	-8.425433642172457	0.1634464400944700	-13.98297936105690
188408610254408.1	0.03968140520765447	-8.381135720428251	0.3495247936187331	-8.433842162811489	0.2975051135170254	-8.455217941898352	0.1618627077487595	-14.00569185828089
188337450008812.8	0.03965828678501392	-8.409009552360933	0.3524889748511855	-8.463799437296562	0.2995625269252056	-8.484980664875433	0.1602523182842066	-14.02831608988814
188266343496098.7	0.03963269238575917	-8.436903074898659	0.3554697959866319	-8.493786248054713	0.3016272201951999	-8.514724950420288	0.1586143076678729	-14.05076847877803
188195290655428.3	0.03960449701593960	-8.464816683596149	0.3584673467952412	-8.523807600996157	0.3037007846862611	-8.544454632697692	0.1569499886519058	-14.07296279863982
188124291426056.3	0.03957356596489604	-8.492750482733886	0.3614814746884946	-8.553868416696833	0.3057846734979527	-8.574174174808563	0.1552629174074870	-14.09481214186389
188053345747328.7	0.03953975600925797	-8.520704244751615	0.3645117865369684	-8.583973455089090	0.3078801740272952	-8.603888593560823	0.1535588172546268	-14.11623102293446
187982453558683.1	0.03950291684037632	-8.548677372129927	0.3675576537871469	-8.614127247009034	0.3099883822325145	-8.633603375304487	0.1518454571713389	-14.13713761731195
187911614799648.3	0.03946289270387383	-8.576668862420988	0.3706182206203554	-8.644334033343174	0.3121101791731666	-8.663324383552034	0.1501324829741280	-14.15745612251718
187840829409844.3	0.03941952423594262	-8.604677277099505	0.3736924148525875	-8.674597712319059	0.3142462104247362	-8.693057759509152	0.1484311997582467	-14.17711920997362
187770097328982.1	0.03937265047714261	-8.632700714865294	0.3767789612385596	-8.704921795284893	0.3163968689602321	-8.722809817061549	0.1467543054107552	-14.19607051380273
187699418496863.3	0.03932211104025863	-8.660736789978158	0.3798763968168216	-8.735309371124806	0.3185622820459471	-8.752586934145217	0.1451155767746740	-14.21426707749953
187628792853380.2	0.03926774840595421	-8.688782616145021	0.3829830879164687	-8.765763079272396	0.3207423026053729	-8.782395442778329	0.1435295123221843	-14.23168165339991
187558220338515.6	0.03920941029122866	-8.716834796058022	0.3860972483756595	-8.796285089194273	0.3229365048818459	-8.812241520955723	0.1420109378918418	-14.24830473622962
187487700892342.4	0.03914695213892653	-8.744889418064043	0.3892169587364290	-8.826877091885869	0.3251441860814768	-8.842131086852325	0.1405745851662816	-14.26414615456195
187417234455023.8	0.03908023968029713	-8.772942060178689	0.3923401861622562	-8.857540302129635	0.3273643739913577	-8.872069698231588	0.1392346553525782	-14.27923606953177
187346820966812.8	0.03900915130092287	-8.800987798292359	0.3954648039761142	-8.888275453152293	0.3295958355030029	-8.902062465828223	0.1380043835219603	-14.29362533322145
187276460368052.1	0.03893358054065424	-8.829021223886539	0.3985886114177704	-8.919082810385790	0.3318370929724520	-8.932113972864098	0.1368956214015758	-14.30738494754834
187206152599174.1	0.03885343846549678	-8.857036468226108	0.4017093528163910	-8.949962186951787	0.3340864435803753	-8.962228208356093	0.1359184571281550	-14.32060464189045
187135897600700.5	0.03876865592479500	-8.885027233719177	0.4048247360090760	-8.980912963774575	0.3363419820088424	-8.992408513996489	0.1350808904609301	-14.33339054700739
187065695313242.5	0.03867918565684927	-8.912986832366455	0.4079324497731854	-9.011934113493844	0.3386016257109382	-9.022657545166020	0.1343885799971529	-14.34586203737069
186995545677500.0	0.03858500420693611	-8.940908231143757	0.4110301800808398	-9.043024227349347	0.3408631420000152	-9.052977246067229	0.1338446753912556	-14.35814789102981
186925448634262.2	0.03848611362300025	-8.968784104085692	0.4141156250255176	-9.074181544227516	0.3431241761847682	-9.083368838426461	0.1334497426146983	-14.37038198336592
186855404124406.7	0.03838254289645957	-8.996606890763935	0.4171865083127996	-9.105403981096492	0.3453822800155056	-9.113832822754464	0.1332017843822973	-14.38269877765608
186785412088900.0	0.03827434911778160	-9.024368860776416	0.4202405912488711	-9.136689164104299	0.3476349397838252	-9.144368990780976	0.1330963516732884	-14.39522889333700
186715472468796.8	0.03816161831875093	-9.052062183781946	0.4232756832002778	-9.168034459671695	0.3498796035255354	-9.174976447409929	0.1331267365277664	-14.40809501914369
186645585205240.2	0.03804446597729626	-9.079679004538413	0.4262896505365977	-9.199437004984175	0.3521137068995388	-9.205653640432194	0.1332842316751096	-14.42140839548360
186575750239461.2	0.03792303712399027	-9.107211521656335	0.4292804236530590	-9.230893733804493	0.3543346961068410	-9.236398397334774	0.1335584397540114	-14.43526604811077
186505967512779.0	0.03779750621060227	-9.134652072326126	0.4322460040815189	-9.262401413001744	0.3565400535922715	-9.267207962433469	0.1339376125854613	-14.44974876011704
186436236966600.2	0.03766807643516745	-9.161993217328897	0.4351844688091804	-9.293956663626624	0.3587273170486179	-9.298079041199904	0.1344090037991162	-14.46491995113119
186366558542419.3	0.03753497869947199	-9.189227828497367	0.4380939735723361	-9.325555982150670	0.3608940973395985	-9.329007845283718	0.1349592181367675	-14.48082531311538
186296932181818.2	0.03739847021457746	-9.216349177974642	0.4409727557275517	-9.357195763715179	0.3630380964630926	-9.359990136745349	0.1355745442292712	-14.49749308722964
186227357826465.8	0.03725883268427760	-9.243351026983506	0.4438191360419864	-9.388872320827961	0.3651571232585460	-9.391021272890919	0.1362412618535276	-14.51493489178079
186157835418118.5	0.03711637009645506	-9.270227713311687	0.4466315198159512	-9.420581899476622	0.3672491077598958	-9.422096250699678	0.1369459177342520	-14.53314694918703
186088364898619.2	0.03697140613566138	-9.296974236249554	0.4494083975176893	-9.452320692684182	0.3693121143251966	-9.453209750727162	0.1376755672616420	-14.55211157803328
186018946209898.0	0.03682428123571456	-9.323586337639448	0.4521483451107238	-9.484084851595567	0.3713443536370735	-9.484356180534483	0.1384179820757737	-14.57179883296737
185949579293971.4	0.03667534929732107	-9.350060577628620	0.4548500242506585	-9.515870494242726	0.3733441936070315	-9.515529717800412	0.1391618253124047	-14.59216819811627
185880264092942.3	0.03652497410211133	-9.376394403670441	0.4575121825207719	-9.547673712190772	0.3753101691503635	-9.546724353307960	0.1398967974056797	-14.61317026475562
185811000549000.1	0.03637352546052398	-9.402586211295228	0.4601336538635570	-9.579490575311775	0.3772409907432103	-9.577933933955137	0.1406137557762580	-14.63474834797569
185741788604420.2	0.03622137511551100	-9.428635394899844	0.4627133588087892	-9.611317132723276	0.3791355504589767	-9.609152206437067	0.1413048120350380	-14.65684003268612
185672628201563.9	0.03606889253170115	-9.454542388208967	0.4652503065637405	-9.643149418616691	0.3809929295595271	-9.640372859226423	0.1419634079962403	-14.67937858623825
185603519282878.4	0.03591644054447852	-9.480308691806469	0.4677435973926965	-9.674983455118380	0.3828124035967799	-9.671589564916996	0.1425843736101882	-14.70229429498631
185534461790896.7	0.03576437087090374	-9.505936886002882	0.4701924234693389	-9.706815246190889	0.3845934411265385	-9.702796024036907	0.1431639695710808	-14.72551577891044
185465455668237.1	0.03561301971354541	-9.531430630023149	0.4725960726870955	-9.738640780780308	0.3863357053155921	-9.733986005054195	0.1436999115210414	-14.74897118248022
185396500857603.2	0.03546270340541186	-9.556794645084279	0.4749539325103744	-9.770456033153131	0.3880390520273588	-9.765153383240046	0.1441913776782716	-14.77258933881874
185327597301784.0	0.03531371419239230	-9.582034681113685	0.4772654945454939	-9.802256963737619	0.3897035259062618	-9.796292176851726	0.1446389984859708	-14.79630090136038
185258744943653.3	0.03516631622218556	-9.607157466768276	0.4795303598022446	-9.834039520814029	0.3913293545855860	-9.827396579917911	0.1450448270629353	-14.82003945232922
185189943726169.8	0.03502074180782177	-9.632170642734293	0.4817482445897162	-9.865799643376906	0.3929169412351962	-9.858460990980333	0.1454122891581306	-14.84374259182159
185121193592377.2	0.03487718803186030	-9.657082678638192	0.4839189869634621	-9.897533265468287	0.3944668557512472	-9.889480037288156	0.1457461114687520	-14.86735300490113
185052494485403.3	0.03473581375391303	-9.681902774265703	0.4860425536157100	-9.929236322251041	0.3959798249605734	-9.920448594141003	0.1460522275588047	-14.89081949738940
184983846348460.5	0.03459673706492085	-9.706640746183579	0.4881190465337923	-9.960904756642186	0.3974567212568729	-9.951361799568215	0.1463376616805503	-14.91409799392962
184915249124845.5	0.03446003327711820	-9.731306901208205	0.4901487107219088	-9.992534530697526	0.3988985528151469	-9.982215063712328	0.1466103897179552	-14.93715244938521
184846702757939.0	0.03432573350988308	-9.755911898093251	0.4921319436445845	-10.02412164322509	0.4003064571909051	-10.01300407333053	0.1468791778060986	-14.95995563747495
184778207191205.6	0.03419382373239231	-9.780466600245351	0.4940692992665178	-10.05566213663305	0.4016816860869301	-10.04372479503871	0.1471534072487874	-14.98248990154334
184709762368193.6	0.03406424452883158	-9.804981921183693	0.4959614959858757	-10.08715211753112	0.4030255990317169	-10.07437347363654	0.1474428801520822	-15.00474767030683
184641368232535.2	0.03393689145779847	-9.829468665418112	0.4978094227676738	-10.11858777657369	0.4043396560530173	-10.10494662930982	0.1477576146623843	-15.02673180504786
184573024727945.8	0.03381161603880319	-9.853937367340853	0.4996141444527271	-10.14996541070100	0.4056254116575888	-10.13544105413725	0.1481076332918241	-15.04845572866465
184504731798224.0	0.03368822735686464	-9.878398130780555	0.5013769060262981	-10.18128144766610	0.4068845101051475	-10.16585380896312	0.1485027493634938	-15.06994331469755
184436489387251.9	0.03356649426522093	-9.902860471836554	0.5030991356337032	-10.21253247267872	0.4081186818450966	-10.19618222160614	0.1489523568452864	-15.09122852301024
184368297438994.3	0.03344614815593889	-9.927333167505207	0.5047824461370315	-10.24371525694182	0.4093297408780822	-10.22642388721402	0.1494652288109940	-15.11235477939660
184300155897499.1	0.03332688625840844	-9.951824112442136	0.5064286349992819	-10.27482678776984	0.4105195826876922	-10.25657667136032	0.1500493294790133	-15.13337410848755
184232064706896.6	0.03320837536527790	-9.976340186944658	0.5080396802126267	-10.30586429639752	0.4116901787377545	-10.28663871620421	0.1507116461314702	-15.15434606433110
184164023811399.7	0.03309025619602820	-10.00088713312661	0.5096177428505054	-10.33682530156652	0.4128435856302301	-10.31660844957174	0.1514580346049975	-15.17533637149593
184096033155304.0	0.03297214780809005	-10.02546945022787	0.5111651545617109	-10.36770763081421	0.4139819313396351	-10.34648459749207	0.1522931008384791	-15.19641556479392
184028092682986.8	0.03285365251804646	-10.05009030110014	0.5126844114086258	-10.39850945717696	0.4151074153232849	-10.37626619854531	0.1532201002592965	-15.21765742695306
183960202338908.0	0.03273436100311990	-10.07475143509694	0.5141781632502087	-10.42922933146258	0.4162223036467923	-10.40595262003926	0.1542408654976921	-15.23913740415948
183892362067609.1	0.03261385756787424	-10.09945312701913	0.5156492007581183	-10.45986621346509	0.4173289226049498	-10.43554357496167	0.1553557601389352	-15.26093102664064
183824571813713.5	0.03249172550780716	-10.12419413228972	0.5171004400562497	-10.49041950154866	0.4184296507207143	-10.46503913871456	0.1565636574339731	-15.28311238380974
183756831521926.1	0.03236755250396481	-10.14897165825327	0.5185349050127629	-10.52088906001892	0.4195269091153994	-10.49443976463290	0.1578619423381897	-15.30575269724890
183689141137033.4	0.03224093598562241	-10.17378135124919	0.5199557072540632	-10.55127524369271	0.4206231503524163	-10.52374629734655	0.1592465349232453	-15.32891902653369
183621500603903.3	0.03211148837366147	-10.19861729957485	0.5213660230878956	-10.58157891798942	0.4217208443871380	-10.55295998276381	0.1607119339598934	-15.35267313925194
183553909867484.7	0.03197884223620395	-10.22347204954486	0.5227690704867575	-10.61180147768691	0.4228224669950601	-10.58208247513908	0.1622512759003978	-15.37707054097004
183486368872807.6	0.03184265527912039	-10.24833663434390	0.5241680851532798	-10.64194486178840	0.4239304890217894	-10.61111584090578	0.1638564085050465	-15.40215968585332
183418877564982.8	0.03170261491829349	-10.27320062019595	0.5255662890913218	-10.67201155672698	0.4250473552316327	-10.64006255553236	0.1655179839995160	-15.42798140217870
183351435889202.1	0.03155844272892726	-10.29805216055287	0.5269668633048458	-10.70200460059616	0.4261754724089418	-10.66892549843245	0.1672255599062181	-15.45456845772598
183284043790737.6	0.03140989853359397	-10.32287806250211	0.5283729179170097	-10.73192757962176	0.4273171951074272	-10.69770794340269	0.1689677130472892	-15.48194529847182
183216701214941.8	0.03125678414572440	-10.34766386351064	0.5297874616307441	-10.76178461852276	0.4284748119999787	-10.72641354564653	0.1707321643609807	-15.51012793526785
183149408107247.8	0.03109894674407920	-10.37239391781830	0.5312133708994755	-10.79158036455562	0.4296505330242998	-10.75504632597896	0.1725059136824063	-15.53912396189864
183082164413168.5	0.03093628185817394	-10.39705149191360	0.5326533591984044	-10.82131996513988	0.4308464774314819	-10.78361065287792	0.1742753835816872	-15.56893268706679
183014970078297.0	0.03076873592177404	-10.42161886936786	0.5341099460787000	-10.85100903852882	0.4320646615127273	-10.81211122238090	0.1760265719271905	-15.59954536398464
182947825048306.3	0.03059630843827550	-10.44607746324985	0.5355854280356382	-10.88065363901660	0.4333069886902087	-10.84055303771926	0.1777452103375733	-15.63094549609877
182880729268948.7	0.03041905386454352	-10.47040793295435	0.5370818543708815	-10.91026021847291	0.4345752465731562	-10.86894139247645	0.1794169242140490	-15.66310920375227
182813682686056.5	0.03023708271722177	-10.49459031822180	0.5386009957220583	-10.93983557557613	0.4358710889628963	-10.89728184502534	0.1810274053695499	-15.69600565176389
182746685245541.2	0.03005056250600059	-10.51860417444978	0.5401443219749812	-10.96938680538553	0.4371960304989663	-10.92558019961350	0.1825625791371269	-15.72959749732954
182679736893393.6	0.02985971815129936	-10.54242871841433	0.5417129807057872	-10.99892124271929	0.4385514379188016	-10.95384248577935	0.1840087730488408	-15.76384136320123
182612837575683.6	0.02966483195428396	-10.56604298278166	0.5433077784812527	-11.02844640159707	0.4399385211066472	-10.98207493756754	0.1853528830370682	-15.79868832051031
182545987238560.1	0.02946624311690910	-10.58942597972952	0.5449291653240104	-11.05796991152281	0.4413583237534308	-11.01028397214399	0.1865825350964583	-15.83408437143787
182479185828250.8	0.02926434680989374	-10.61255687398681	0.5465772226061164	-11.08749945145332	0.4428117135168923	-11.03847616728863	0.1876862404573578	-15.86997092358817
182412433291062.1	0.02905959269894224	-10.63541516763210	0.5482516528419891	-11.11704268171812	0.4442993686702627	-11.06665823450617	0.1886535442758491	-15.90628524510980
182345729573378.8	0.02885248330082855	-10.65798088764402	0.5499517791994374	-11.14660717776830	0.4458217744303358	-11.09483699851282	0.1894751585436054	-15.94296091412367
182279074621664.4	0.02864357159322144	-10.68023479038647	0.5516765427101862	-11.17620036160639	0.4473792083254207	-11.12301936526999	0.1901430903493815	-15.97992823633613
182212468382460.4	0.02843345817577356	-10.70215857503234	0.5534245040241030	-11.20582943525956	0.4489717265296915	-11.15121228686403	0.1906507576042630	-16.01711463754884
182145910802386.4	0.02822278809782938	-10.72373510267545	0.5551938516280010	-11.23550131739098	0.4505991547814920	-11.17942272672153	0.1909930896712887	-16.05444504398333
182079401828140.3	0.02801224717445685	-10.74494862440311	0.5569824128728944	-11.26522258262857	0.4522610781240555	-11.20765761957834	0.1911666161754706	-16.09184224549846
182012941406497.2	0.02780255784473288	-10.76578501551697	0.5587876687496629	-11.29499940483048	0.4539568317129132	-11.23592382786839	0.1911695427528916	-16.12922725128515
181946529484310.4	0.02759447457811370	-10.78623201379297	0.5606067722332743	-11.32483750499621	0.4556854931183811	-11.26422809486329	0.1910018137088089	-16.16651964805100
181880166008510.7	0.02738877877109533	-10.80627946041177	0.5624365689484494	-11.35474210443413	0.4574458748198476	-11.29257699295941	0.1906651625228139	-16.20363796682016
181813850926106.0	0.02718627336146062	-10.82591953572552	0.5642736232179676	-11.38471788389203	0.4592365229240504	-11.32097687455677	0.1901631469708245	-16.24050009394818
181747584184181.8	0.02698777712574793	-10.84514698753005	0.5661142478200194	-11.41476894843561	0.4610557200678592	-11.34943382451812	0.1895011700948366	-16.27702374270073
181681365729900.4	0.02679411814846250	-10.86395935721795	0.5679545295881259	-11.44489879902421	0.4629014801366844	-11.37795359814579	0.1886864930531724	-16.31312694868723
181615195510501.4	0.02660612735795216	-10.88235718147582	0.5697903631588727	-11.47511031084925	0.4647715563678252	-11.40654157270080	0.1877282271857055	-16.34872869769837
181549073473301.0	0.02642463166080582	-10.90034417412042	0.5716174845874802	-11.50540571830029	0.4666634495939200	-11.43520269708959	0.1866373110273338	-16.38374965983025
181482999565692.1	0.02625044684996359	-10.91792737939795	0.5734315062181770	-11.53578660661753	0.4685744196770013	-11.46394144429658	0.1854264683523758	-16.41811306481395
181416973735144.3	0.02608437035914683	-10.93511729026464	0.5752279524037530	-11.56625391010454	0.4705015000823274	-11.49276176743364	0.1841101443392028	-16.45174574087372
181350995929203.5	0.02592717383986025	-10.95192792669803	0.5770022944760496	-11.59680791714416	0.4724415135173192	-11.52166705694145	0.1827044171438089	-16.48457932212353
181285066095492.0	0.02577959605413059	-10.96837686231176	0.5787499890908024	-11.62744828020716	0.4743910959196698	-11.55066011151882	0.1812268773693868	-16.51655168295391
181219184181708.1	0.02564233581572098	-10.98448520017609	0.5804665149022482	-11.65817403154422	0.4763467208481638	-11.57974311177008	0.1796964746657463	-16.54760855645562
181153350135626.1	0.02551604478438024	-11.00027749629728	0.5821474044597654	-11.68898360610621	0.4783047196589526	-11.60891758820819	0.1781333282819775	-16.57770528059627
181087563905096.3	0.02540132105755846	-11.01578161730604	0.5837882797877803	-11.71987486754770	0.4802613116416278	-11.63818440826093	0.1765584911163577	-16.60680873772382
181021825438044.6	0.02529870312022483	-11.03102853892541	0.5853848850685599	-11.75084513911304	0.4822126335644308	-11.66754376569119	0.1749936684062289	-16.63489935962000
180956134682472.5	0.02520866440397294	-11.04605208415630	0.5869331176226735	-11.78189123842176	0.4841547708205062	-11.69699517647886	0.1734608880838621	-16.66197312600633
180890491586457.1	0.02513160856864545	-11.06088860413307	0.5884290569104835	-11.81300951565269	0.4860837898869754	-11.72653748121274	0.1719821232869238	-16.68804344010719
180824896098150.6	0.02506786535863937	-11.07557660798852	0.5898689892962195	-11.84419589634121	0.4879957685938021	-11.75616884723366	0.1705788716055194	-16.71314270539868
180759348165780.6	0.02501768830323668	-11.09015634259445	0.5912494380618849	-11.87544592030349	0.4898868393752931	-11.78588680277333	0.1692716937298577	-16.73732359885343
180693847737649.5	0.02498125214189328	-11.10466934442667	0.5925671802156617	-11.90675479063626	0.4917532159650604	-11.81568824314328	0.1680797325130956	-16.76065958340322
180628394762134.8	0.02495865191455409	-11.11915796150964	0.5938192661911902	-11.93811742011672	0.4935912292080373	-11.84556946134581	0.1670202200606321	-16.78324475132363
180562989187688.6	0.02494990305830440	-11.13366486265245	0.5950030362872792	-11.96952847867977	0.4953973619068205	-11.87552618414074	0.1661079962986302	-16.80519278521476
180497630962837.8	0.02495494247489242	-11.14823254610935	0.5961161336673141	-12.00098244179251	0.4971682821525364	-11.90555361289908	0.1653550619888588	-16.82663496227400
180432320036183.8	0.02497363058295160	-11.16290285975335	0.5971565142902904	-12.03247363897260	0.4989008753744709	-11.93564647049801	0.1647701902188194	-16.84771721229119
180367056356402.3	0.02500575412993201	-11.17771654400578	0.5981224527423101	-12.06399630346928	0.5005922730494360	-11.96579904991069	0.1643586199816967	-16.86859629683186
180301839872243.0	0.02505103029292095	-11.19271280984191	0.5990125478912773	-12.09554461749037	0.5022398837302057	-11.99600527990508	0.1641218506908504	-16.88943537252473
180236670532530.2	0.02510911129125864	-11.20792896086880	0.5998257238138178	-12.12711275800329	0.5038414186621044	-12.02625879002292	0.1640575537525680	-16.91039909792350
180171548286161.7	0.02517958913543462	-11.22340006301093	0.6005612249962283	-12.15869494561115	0.5053949098493636	-12.05655296818368	0.1641596082271466	-16.93164854780527
180106473082109.3	0.02526200142698012	-11.23915867180839	0.6012186121370059	-12.19028548682985	0.5068987298719868	-12.08688103661069	0.1644182579801385	-16.95333639834553
180041444869418.7	0.02535583731899027	-11.25523461782179	0.6017977539225028	-12.22187881601613	0.5083516055615921	-12.11723612597711	0.1648203825154770	-16.97560257282806
179976463597208.9	0.02546054368532665	-11.27165485137457	0.6022988160662449	-12.25346953513449	0.5097526269687381	-12.14761135146219	0.1653498648938678	-16.99857061364213
179911529214672.3	0.02557553124316621	-11.28844334386795	0.6027222471565028	-12.28505245246019	0.5111012503529139	-12.17799988648832	0.1659880352522343	-17.02234492477260
179846641671074.8	0.02570018090420037	-11.30562104698410	0.6030687634456577	-12.31662261591151	0.5123972980540162	-12.20839504277435	0.1667141655048733	-17.04700901535324
179781800915755.3	0.02583385017976224	-11.32320590676640	0.6033393321236924	-12.34817534099053	0.5136409541268839	-12.23879035378528	0.1675059909155826	-17.07262472378495
179717006898125.9	0.02597587841363104	-11.34121291060057	0.6035351482847290	-12.37970624579394	0.5148327478843965	-12.26917963220187	0.1683402341954417	-17.09923217398110
179652259567671.5	0.02612559253248149	-11.35965418346116	0.6036576140896814	-12.41121127391714	0.5159735384856470	-12.29955704400747	0.1691931125883375	-17.12685058262163
179587558873949.6	0.02628231218163781	-11.37853911420200	0.6037083151946426	-12.44268671635997	0.5170644927171701	-12.32991717137716	0.1700408117113775	-17.15547959809298
179522904766590.7	0.02644535444095450	-11.39787450792162	0.6036889958819949	-12.47412922979408	0.5181070582083429	-12.36025506920328	0.1708599145549098	-17.18510103190560
179458297195297.5	0.02661403793144193	-11.41766475454362	0.6036015326066622	-12.50553585314102	0.5191029316923868	-12.39056631021070	0.1716277778780750	-17.21568079368632
179393736109845.3	0.02678768689771809	-11.43791201961857	0.6034479084140606	-12.53690401473577	0.5200540263891492	-12.42084703296407	0.1723228545585224	-17.24717097410174
179329221460081.5	0.02696563467124290	-11.45861644167115	0.6032301861198378	-12.56823153697046	0.5209624353968373	-12.45109397738171	0.1729249609518595	-17.27951187101166
179264753195925.7	0.02714722609184961	-11.47977631900380	0.6029504794686128	-12.59951664484143	0.5218303900571512	-12.48130449610985	0.1734154889264629	-17.31263380249536
179200331267369.5	0.02733182014659398	-11.50138830929970	0.6026109267199551	-12.63075796189280	0.5226602207298416	-12.51147657309919	0.1737775718797691	-17.34645883073084
179135955624476.1	0.02751879198252439	-11.52344762043271	0.6022136638930776	-12.66195450471991	0.5234543158602223	-12.54160882747140	0.1739962074472887	-17.38090222916541
179071626217380.9	0.02770753452843901	-11.54594819377798	0.6017607987112573	-12.69310567347835	0.5242150812937446	-12.57170050808150	0.1740583438113740	-17.41587370496220
179007342996290.6	0.02789745951168850	-11.56888287028154	0.6012543849990145	-12.72421124248672	0.5249448996417021	-12.60175147258704	0.1739529339590962	-17.45127833411671
178943105911483.3	0.02808799905409341	-11.59224357212688	0.6006964003858863	-12.75527133273444	0.5256460947413615	-12.63176218222321	0.1736709741386913	-17.48701740066150
178878914913308.6	0.02827860584601157	-11.61602143964237	0.6000887227456921	-12.78628639826714	0.5263208936493499	-12.66173365909327	0.1732055166381551	-17.52298883513496
178814769952187.4	0.02846875351886671	-11.64020696693894	0.5994331096537262	-12.81725720267101	0.5269713933632318	-12.69166744840794	0.1725516739064987	-17.55908752239367
178750670978611.6	0.02865793692316232	-11.66479012855891	0.5987311800094963	-12.84818479028299	0.5275995309298588	-12.72156557827400	0.1717066179519085	-17.59520545668918
178686617943143.8	0.02884567212934588	-11.68976049026556	0.5979843976014705	-12.87907045604328	0.5282070564781249	-12.75143051214393	0.1706695774473690	-17.63123173924004
178622610796417.9	0.02903149622091644	-11.71510730478300	0.5971940569644816	-12.90991571398655	0.5287955096184762	-12.78126509575185	0.1694418362301853	-17.66705245666614
178558649489138.2	0.02921496696051686	-11.74081959443828	0.5963612718070240	-12.94072226399470	0.5293661995052883	-12.81107250078136	0.1680267365443040	-17.70255048510510
178494733972079.7	0.02939566298287741	-11.76688624863110	0.5954869662560870	-12.97149194377396	0.5299201893496714	-12.84085618453882	0.1664297005787525	-17.73760537652131
178430864196087.8	0.02957318268035119	-11.79329606019782	0.5945718679548891	-13.00222670455525	0.5304582822408047	-12.87061981265178	0.1646582407939590	-17.77209304273085
178367040112078.2	0.02974714398089787	-11.82003778889440	0.5936165046660962	-13.03292856741473	0.5309810122556786	-12.90036720789345	0.1627219933009075	-17.80588567694382
178303261671037.0	0.02991718384842202	-11.84710020621629	0.5926212033543236	-13.06359958400291	0.5314886383001930	-12.93010229182018	0.1606327554281112	-17.83885177058905
178239528824020.0	0.03008295777493630	-11.87447213214835	0.5915860919783427	-13.09424179726767	0.5319811410999712	-12.95982902683771	0.1584045287546002	-17.87085634697335
178175841522153.4	0.03024413907589071	-11.90214245360454	0.5905111042722597	-13.12485720802848	0.5324582233587432	-12.98955135257867	0.1560535582764277	-17.90176146094112
178112199716632.9	0.03040041898731242	-11.93010017829953	0.5893959860056171	-13.15544772212711	0.5329193124491940	-13.01927314818818	0.1535983875406870	-17.93142727738717
178048603358724.1	0.03055150570806541	-11.95833442712629	0.5882403049119610	-13.18601512615946	0.5333635661472199	-13.04899816212545	0.1510598754107445	-17.95971346961267
177985052399762.1	0.03069712405964450	-11.98683445055789	0.5870434624902842	-13.21656105089957	0.5337898812424350	-13.07872996147072	0.1484612039909301	-17.98648140724513
177921546791151.3	0.03083701515633360	-12.01558964015183	0.5858047078576270	-13.24708693727958	0.5341969047701994	-13.10847188229795	0.1458278514497809	-18.01159715522175
177858086484365.8	0.03097093607330154	-12.04458953425255	0.5845231535971880	-13.27759400602454	0.5345830479910284	-13.13822698071091	0.1431875131409262	-18.03493541078424
177794671430948.4	0.03109865944623995	-12.07382381242291	0.5831977939055877	-13.30808323419573	0.5349465035545631	-13.16799798211479	0.1405699491332971	-18.05638445823513
177731301582511.6	0.03121997351828247	-12.10328231601185	0.5818275224558633	-13.33855532108628	0.5352852640718070	-13.19778724767756	0.1380067575637847	-18.07585231580788
177667976890736.4	0.03133468181467845	-12.13295503952959	0.5804111529687923	-13.36901067069382	0.5355971444879603	-13.22759672962211	0.1355310223830287	-18.09327380181837
177604697307372.7	0.03144260288314834	-12.16283211955163	0.5789474411645131	-13.39944937829240	0.5358798075149471	-13.25742793043574	0.1331768285779220	-18.10861839467016
177541462784239.3	0.03154357027478430	-12.19290383783006	0.5774351063779555	-13.42987121333596	0.5361307908495373	-13.28728187388171	0.1309786384499030	-18.12189851740157
177478273273223.4	0.03163743247941071	-12.22316061814283	0.5758728539733434	-13.46027560888311	0.5363475371003383	-13.31715907811561	0.1289705106691337	-18.13317750154548
177415128726280.9	0.03172405282353664	-12.25359301544123	0.5742593987232193	-13.49066165846734	0.5365274265589295	-13.34705953133635	0.1271851681456202	-18.14257631608205
177352029095435.7	0.03180330962470033	-12.28419172818021	0.5725934858222436	-13.52102810553893	0.5366678100385770	-13.37698268373179	0.1256529588950108	-18.15027809276611
177288974332780.3	0.03187509617654447	-12.31494759487898	0.5708739128625223	-13.55137334446342	0.5367660442495432	-13.40692743887249	0.1244007365516707	-18.15652917905906
177225964390475.1	0.03193932065359711	-12.34585157761516	0.5690995529107850	-13.58169543188947	0.5368195295449025	-13.43689214735977	0.1234507332138900	-18.16163577272181
177162999220748.5	0.03199590622554022	-12.37689476796533	0.5672693744640007	-13.61199209112104	0.5368257462599331	-13.46687461743266	0.1228195344680833	-18.16595574517180
177100078775896.8	0.03204479110052296	-12.40806838652366	0.5653824610512953	-13.64226072349873	0.5367822914104165	-13.49687213051476	0.1225172357501056	-18.16988566230872
177037203008284.0	0.03208592851877709	-12.43936377502041	0.5634380307427117	-13.67249842720615	0.5366869154370981	-13.52688146198499	0.1225468671857133	-18.17384387594403
176974371870341.9	0.03211928689214839	-12.47077241632878	0.5614354505233622	-13.70270200603173	0.5365375543956609	-13.55689891972350	0.1229041716357816	-18.17825140300382
176911585314569.6	0.03214484975950076	-12.50228593216778	0.5593742519423061	-13.73286799250768	0.5363323621450602	-13.58692038145796	0.1235777332445266	-18.18351241309923
176848843293533.5	0.03216261571302809	-12.53389607511661	0.5572541462454623	-13.76299267717533	0.5360697405067157	-13.61694133749889	0.1245494505463121	-18.18999646675579
176786145759867.7	0.03217259838980554	-12.56559474033966	0.5550750349209801	-13.79307213119509	0.5357483635907701	-13.64695694649165	0.1257953146574291	-18.19802434165249
176723492666272.9	0.03217482638594314	-12.59737397173285	0.5528370191134567	-13.82310223449377	0.5353671985566503	-13.67696209433771	0.1272863948464021	-18.20785843549286
176660883965517.3	0.03216934311106930	-12.62922595831177	0.5505404088608499	-13.85307871129275	0.5349255231451586	-13.70695145457227	0.1289899336733549	-18.21969805763940
176598319610435.6	0.03215620667262342	-12.66114307111058	0.5481857232137742	-13.88299714778250	0.5344229325273021	-13.73691956358167	0.1308704909595933	-18.23367943929452
176535799553929.7	0.03213548958664352	-12.69311785246061	0.5457736963848018	-13.91285303533095	0.5338593473433305	-13.76686088316947	0.1328910058621760	-18.24987925743572
176473323748967.8	0.03210727850177106	-12.72514302464667	0.5433052787378387	-13.94264180574232	0.5332350139200065	-13.79676986978850	0.1350137627496342	-18.26832084093054
176410892148584.9	0.03207167386480089	-12.75721150541317	0.5407816343574170	-13.97235886438359	0.5325504981152411	-13.82664104458157	0.1372012211965691	-18.28898189301875
176348504705882.4	0.03202878951519428	-12.78931642003526	0.5382041371045747	-14.00199962595594	0.5318066744645280	-13.85646906011651	0.1394166919988155	-18.31180272682997
