214137470000000.0	0.04623563518137214	1.014986894607698	0.3171191839665997	-1.324608504198988	0.3637215307952182	-1.076329506620868	0.3577580746917190	-2.301777219500778
214045552356560.3	0.04551973370506508	0.9803775639911082	0.3168408143461395	-1.358349836669591	0.3634043658117377	-1.112281365880126	0.3578263744739046	-2.338802588441595
213953713589816.9	0.04481292121222091	0.9459142888944100	0.3165398990977762	-1.391929685315885	0.3630586853328011	-1.148098494302641	0.3579037110338419	-2.375837027569688
213861953598284.4	0.04411532348903297	0.9115813821557890	0.3162185264182176	-1.425341872001650	0.3626868266164087	-1.183775347206142	0.3579963295965696	-2.412879748093163
213770272280651.6	0.04342698836195754	0.8773622033514410	0.3158789789221840	-1.458580546831919	0.3622912768946423	-1.219306792341024	0.3581104596568256	-2.449934934058259
213678669535780.6	0.04274788638209350	0.8432392944326861	0.3155237259586780	-1.491640251192807	0.3618746592351431	-1.254688135981673	0.3582519322055807	-2.487011648012230
213587145262707.0	0.04207791252033699	0.8091945275546084	0.3151554149171198	-1.524515982696759	0.3614397197234248	-1.289915148367271	0.3584258125600748	-2.524123501632812
213495699360639.3	0.04141688902178568	0.7752092610053200	0.3147768637410012	-1.557203263225219	0.3609893190750143	-1.324984090179359	0.3586360628573890	-2.561288100624861
213404331728958.6	0.04076456848653627	0.7412645101725396	0.3143910427594716	-1.589698195824108	0.3605264113706492	-1.359891733666272	0.3588852633980132	-2.598526351190141
213313042267218.0	0.04012063831956803	0.7073411176316270	0.3140010614438646	-1.621997528374231	0.3600540325028608	-1.394635384955912	0.3591743865928278	-2.635861584522159
213221830875142.5	0.03948472571514503	0.6734199275194205	0.3136101500637193	-1.654098711016870	0.3595752837701368	-1.429212902586605	0.3595026437574476	-2.673318597826796
213130697452628.6	0.03885640358105399	0.6394819558359178	0.3132216427542126	-1.685999953064276	0.3590933200253325	-1.463622715890830	0.3598674013095611	-2.710922633428729
213039641899743.7	0.03823519697377394	0.6055085569999164	0.3128389576074067	-1.717700273592224	0.3586113360191806	-1.497863840388957	0.3602641722055060	-2.748698367539213
212948664116726.0	0.03762058972563930	0.5714815854169535	0.3124655709352279	-1.749199543241893	0.3581325468481054	-1.531935886276248	0.3606866831695346	-2.786668960926517
212857764003984.1	0.03701203182038565	0.5373835424774044	0.3121049948676881	-1.780498523615974	0.3576601756482347	-1.565839067803438	0.3611269988896431	-2.824855183150171
212766941462096.4	0.03640894683799722	0.5031977118547486	0.3117607508951019	-1.811598896929098	0.3571974377778674	-1.599574207254491	0.3615757030009056	-2.863274668629553
212676196391811.2	0.03581073984647994	0.4689082760235185	0.3114363463182548	-1.842503289579622	0.3567475312508560	-1.633142740992903	0.3620221149327276	-2.901941310142732
212585528694045.7	0.03521680515681607	0.4345004164428399	0.3111352475254602	-1.873215284302834	0.3563136243909731	-1.666546721668596	0.3624545380655280	-2.940864817448677
212494938269886.3	0.03462653379136838	0.3999603958044716	0.3108608498946933	-1.903739420902461	0.3558988400750189	-1.699788815095781	0.3628605269908884	-2.980050435266192
212404425020587.8	0.03403932107528564	0.3652756165605876	0.3106164517384292	-1.934081188502828	0.3555062465370653	-1.732872301657404	0.3632271518346654	-3.019498800926483
212313988847573.1	0.03345457376490277	0.3304346592555512	0.3104052260303253	-1.964247005250183	0.3551388451708660	-1.765801074552269	0.3635412578837029	-3.059205934139876
212223629652433.0	0.03287171700023696	0.2954272970336376	0.3102301954587703	-1.994244187349408	0.3547995623488641	-1.798579642799700	0.3637897047601855	-3.099163330918952
212133347336925.7	0.03229020078482543	0.2602444882012493	0.3100942082255793	-2.024080905736219	0.3544912406869059	-1.831213135617187	0.3639595831282692	-3.139358139116133
212043141802976.6	0.03170950555807381	0.2248783495226958	0.3099999100624242	-2.053766129884987	0.3542166226252078	-1.863707298720270	0.3640384123804485	-3.179773380895032
211953012952677.8	0.03112914756012342	0.1893221049044478	0.3099497231261481	-2.083309561886316	0.3539783401800071	-1.896068499445056	0.3640143042324832	-3.220388197157374
211862960688287.8	0.03054868340860428	0.1535700141913527	0.3099458248780312	-2.112721559218839	0.3537789003178198	-1.928303728080092	0.3638761040183846	-3.261178089015723
211772984912231.0	0.02996771398767036	0.1176172816165199	0.3099901291273079	-2.142013047784255	0.3536206681453588	-1.960420596944807	0.3636135109369263	-3.302115134903334
211683085527097.8	0.02938588806014647	0.08145994213475157	0.3100842752708176	-2.171195426073720	0.3535058551731892	-1.992427348450717	0.3632171749970699	-3.343168183222794
211593262435643.5	0.02880290437110116	0.04509473369110499	0.3102296097666346	-2.200280461492552	0.3534364906882905	-2.024332835584356	0.3626787993981376	-3.384302976942113
211503515540788.9	0.02821851363934880	0.008518947181616504	0.3104271787059115	-2.229280181260248	0.3534144012651477	-2.056146511345294	0.3619912298948298	-3.425482243419050
211413844745619.0	0.02763251969458225	-0.02826974070839962	0.3106777216154717	-2.258206758818773	0.3534411849398064	-2.087878404407156	0.3611485519591632	-3.466665736437985
211324249953383.2	0.02704477978104500	-0.06527345205687560	0.3109816667312833	-2.287072398222120	0.3535181807049981	-2.119539077642215	0.3601462016695421	-3.507810235863444
211234731067495.0	0.02645520479374059	-0.1024943129873163	0.3113391373530479	-2.315889216287150	0.3536464459709774	-2.151139591880587	0.3589810832658442	-3.548869559615575
211145287991531.4	0.02586375811032869	-0.1399346740701026	0.3117499515658509	-2.344669127868440	0.3538267200696778	-2.182691428144677	0.3576517195913691	-3.589794542039090
211055920629232.5	0.02527045424717488	-0.1775973523454346	0.3122136307258593	-2.373423733585556	0.3540593946487871	-2.214206405131481	0.3561584166215555	-3.630533060279465
210966628884501.5	0.02467535697287753	-0.2154858942024827	0.3127294112078773	-2.402164212394324	0.3543444850227830	-2.245696578341154	0.3545034481764822	-3.671030122125338
210877412661404.0	0.02407857685165552	-0.2536048608595178	0.3132962582952070	-2.430901221206489	0.3546816026307271	-2.277174117750584	0.3526912582039756	-3.711228042381429
210788271864168.0	0.02348026843130287	-0.2919601394197262	0.3139128840141127	-2.459644802399613	0.3550699324202029	-2.308651170431249	0.3507286718646992	-3.751066753188220
210699206397183.1	0.02288062730490635	-0.3305592825447040	0.3145777706514569	-2.488404299094775	0.3555082186579208	-2.340139716659386	0.3486251045939136	-3.790484300591169
210610216165000.7	0.02227988625183240	-0.3694118795294439	0.3152891891811680	-2.517188284955995	0.3559947485164410	-2.371651389253493	0.3463927686041831	-3.829417494627880
210521301072333.2	0.02167831164630053	-0.4085299656347501	0.3160452260485239	-2.546004502637236	0.3565273507561898	-2.403197301616027	0.3440468477539791	-3.867802830837766
210432461024054.0	0.02107619957031908	-0.4479284742914343	0.3168438100767239	-2.574859815153409	0.3571034013123499	-2.434787864949324	0.3416056335369020	-3.905577664629785
210343695925196.8	0.02047387174259318	-0.4876257399490963	0.3176827396133943	-2.603760170792063	0.3577198374394160	-2.466432600194067	0.3390906035961127	-3.942681657990084
210255005680955.7	0.01987167179451985	-0.5276440599260760	0.3185597147496715	-2.632710577809095	0.3583731864504159	-2.498139967847943	0.3365264196400304	-3.979058548992426
210166390196684.4	0.01926996134398839	-0.5680103264110262	0.3194723666305089	-2.661715094149846	0.3590596011972943	-2.529917195385050	0.3339408328359916	-4.014658176025494
210077849377896.3	0.01866911619802025	-0.6087567424741919	0.3204182863089802	-2.690776830552625	0.3597749055595251	-2.561770116389202	0.3313644755316043	-4.049438742702408
209989383130263.9	0.01806952309622454	-0.6499216374714200	0.3213950561626543	-2.719897963501997	0.3605146527864809	-2.593703038958689	0.3288305211212215	-4.083369295704951
209900991359618.3	0.01747157681389169	-0.6915504024007734	0.3224002799331600	-2.749079760202585	0.3612741922171772	-2.625718635593952	0.3263742030404752	-4.116432293162895
209812673971949.5	0.01687567772994987	-0.7336965707299190	0.3234316106975628	-2.778322615555161	0.3620487431341394	-2.657817856866622	0.3240321863657052	-4.148626128674547
209724430873405.3	0.01628223056652490	-0.7764230721099868	0.3244867823859726	-2.807626093937511	0.3628334795272732	-2.689999894904944	0.3218417901476831	-4.179967509019255
209636261970291.4	0.01569164360058112	-0.8198037018230741	0.3255636347016010	-2.836988985002219	0.3636236152243956	-2.722262161799820	0.3198400770680962	-4.210493390056445
209548167169071.3	0.01510432914578440	-0.8639248510418461	0.3266601375761885	-2.866409366389222	0.3644144935089831	-2.754600308213706	0.3180628283729138	-4.240262319854651
209460146376365.1	0.01452070561199555	-0.9088875555814254	0.3277744152002587	-2.895884671531594	0.3652016791460083	-2.787008284389692	0.3165434386609193	-4.269354983628935
209372199498950.3	0.01394120127365862	-0.9548099372722072	0.3289047672413535	-2.925411763938210	0.3659810488197661	-2.819478434815212	0.3153117775976651	-4.297873741607129
209284326443760.5	0.01336626012222405	-1.001830128814570	0.3300496867881534	-2.954987017590106	0.3667488777703193	-2.852001623961055	0.3143930743311483	-4.325941025184254
209196527117885.6	0.01279635070932121	-1.050109786279749	0.3312078789303675	-2.984606396769537	0.3675019233188131	-2.884567407915948	0.3138068861976237	-4.353696598088808
209108801428571.4	0.01223197807671919	-1.099838328140544	0.3323782741969908	-3.014265541828373	0.3682374990430028	-2.917164226216649	0.3135662172708982	-4.381293674168008
209021149283219.2	0.01167369970990236	-1.151238057764785	0.3335600381390077	-3.043959858702159	0.3689535390226101	-2.949779615711284	0.3136768450891667	-4.408894079978554
208933570589385.5	0.01112214691795098	-1.204570340511890	0.3347525805704725	-3.073684605763386	0.3696486525925838	-2.982400457781961	0.3141369036043190	-4.436662790696984
208846065254781.5	0.01057805264872557	-1.260143029074521	0.3359555610917958	-3.103434981830848	0.3703221657501210	-3.015013240735704	0.3149367549222870	-4.464762154589720
208758633187273.2	0.01004228749817128	-1.318319310917629	0.3371688914412973	-3.133206213816021	0.3709741483477979	-3.047604334765745	0.3160591613573165	-4.493346207265666
208671274294880.7	0.009515906080901741	-1.379528082164898	0.3383927347854675	-3.162993643088935	0.3716054261357595	-3.080160274645266	0.3174797481186614	-4.522555459977736
208583988485778.0	0.009000206831937144	-1.444275754575713	0.3396275057461989	-3.192792802657032	0.3722175784435404	-3.112668061460834	0.3191677282798466	-4.552512544703657
208496775668292.7	0.008496807279823061	-1.513159075635135	0.3408738606348578	-3.222599503602112	0.3728129163558667	-3.145115430481697	0.3210868424423088	-4.583318791979309
208409635750905.5	0.008007739509469612	-1.586877703684614	0.3421326900738828	-3.252409908483814	0.3733944470673546	-3.177491132457669	0.3231964591249951	-4.615052042115922
208322568642250.4	0.007535568221547647	-1.666243963412614	0.3434051075426047	-3.282220602462235	0.3739658215798942	-3.209785193203314	0.3254527744972375	-4.647765606050775
208235574251113.6	0.007083532792752420	-1.752184795929658	0.3446924353325019	-3.312028659101092	0.3745312672319009	-3.241989151090833	0.3278100521314361	-4.681488311972043
208148652486433.8	0.006655709650011437	-1.845727114526270	0.3459961872565435	-3.341831701961277	0.3750955061370687	-3.274096262485696	0.3302218482257660	-4.716225471427545
208061803257301.8	0.006257181288233481	-1.947952302306077	0.3473180516097549	-3.371627954096682	0.3756636618774050	-3.306101684755953	0.3326421792881778	-4.751960624460189
207975026472959.8	0.005894178092345699	-2.059899521779520	0.3486598696911775	-3.401416285168264	0.3762411552392919	-3.338002608887726	0.3350265939264561	-4.788657779866753
207888322042801.5	0.005574129346295124	-2.182394404559690	0.3500236118446589	-3.431196252458556	0.3768335922282895	-3.369798344899768	0.3373331235505171	-4.826263980306810
207801689876371.7	0.005305522111012181	-2.315788684767058	0.3514113535278379	-3.460968129917973	0.3774466472626387	-3.401490367309799	0.3395230982342614	-4.864712058338086
207715129883365.7	0.005097441706895195	-2.459631469117495	0.3528252492718477	-3.490732930112503	0.3780859440767095	-3.433082307112199	0.3415618175913794	-4.903923406609452
207628641973629.4	0.004958701742058523	-2.612361586614648	0.3542675054384661	-3.520492417367059	0.3787569376038087	-3.464579892320649	0.3434190750026836	-4.943810669614313
207542226057158.7	0.004896615217397265	-2.771186458173104	0.3557403513015340	-3.550249113929381	0.3794648001645174	-3.495990834085953	0.3450695363010650	-4.984280274659455
207455882044099.3	0.004915699212751192	-2.932316020800676	0.3572460121280845	-3.580006289978671	0.3802143145146362	-3.527324677224706	0.3464929845263905	-5.025234818179889
207369609844746.3	0.005016791128503494	-3.091574568044117	0.3587866790095033	-3.609767952002347	0.3810097773515057	-3.558592592307098	0.3476744296295353	-5.066575194939605
207283409369544.1	0.005196971678515973	-3.245177211952385	0.3603644792243105	-3.639538820992956	0.3818549158431621	-3.589807131757751	0.3486040967605049	-5.108202525285071
207197280529085.8	0.005450316024107973	-3.390338523120587	0.3619814478686425	-3.669324299151485	0.3827528190210006	-3.620981959318888	0.3492773046592022	-5.150019895525193
207111223234113.3	0.005769108942100513	-3.525502413107421	0.3636394996780945	-3.699130429265879	0.3837058860897326	-3.652131554464110	0.3496942417017663	-5.191933900360056
207025237395516.2	0.006145050886385898	-3.650218198143215	0.3653404017984222	-3.728963846087855	0.3847157927941943	-3.683270903173977	0.3498596507751583	-5.233856008722869
206939322924332.6	0.006570147667461957	-3.764832154014015	0.3670857474540433	-3.758831721520922	0.3857834766902663	-3.714415183054656	0.3497824324183614	-5.275703758898365
206853479731747.8	0.007037211304572568	-3.870159352458266	0.3688769320541421	-3.788741700314068	0.3869091405220339	-3.745579458694910	0.3494751812119488	-5.317401812942026
206767707729094.7	0.007540047844364984	-3.967224410642867	0.3707151312071165	-3.818701829321076	0.3880922732430335	-3.776778392652817	0.3489536653779944	-5.358882859840409
206682006827853.0	0.008073449357065120	-4.057091320575255	0.3726012787956546	-3.848720488861718	0.3893316893931718	-3.808025970486999	0.3482362528184023	-5.400088328104141
206596376939649.2	0.008633087930532742	-4.140767646361503	0.3745360493468127	-3.878806313610961	0.3906255821173581	-3.839335266904498	0.3473433107753508	-5.440968970696605
206510817976256.2	0.009215375460047592	-4.219159713264416	0.3765198422830662	-3.908968112709797	0.3919715893886309	-3.870718246326496	0.3462965838699481	-5.481485265149898
206425329849592.9	0.009817323580523276	-4.293058454582634	0.3785527688148840	-3.939214788262623	0.3933668705299281	-3.902185605278703	0.3451185667096784	-5.521607625165725
206339912471724.1	0.01043641911568054	-4.363141743337435	0.3806346415931645	-3.969555253365264	0.3948081902640216	-3.933746659335298	0.3438318859146655	-5.561316408904554
206254565754860.1	0.01107051993724103	-4.429984462497332	0.3827649667087050	-3.999998352976951	0.3962920081422601	-3.965409273363800	0.3424587036280244	-5.600601702212042
206169289611356.1	0.01171777050701797	-4.494071316620777	0.3849429404152531	-4.030552778569321	0.3978145670129489	-3.997179845211790	0.3410201719172268	-5.639462910222881
206084083953712.6	0.01237653538335825	-4.555809880867880	0.3871674463373200	-4.061226995597938	0.3993719835729149	-4.029063320921785	0.3395359278239297	-5.677908080017897
205998948694574.5	0.01304534719136822	-4.615542615339695	0.3894370565523976	-4.092029170676810	0.4009603339200807	-4.061063254107946	0.3380236612555157	-5.715953023025478
205913883746730.9	0.01372286632541708	-4.673557403525344	0.3917500356309461	-4.122967102396249	0.4025757324978164	-4.093181900813551	0.3364987636123635	-5.753620240258612
205828889023115.0	0.01440785001203021	-4.730096545972593	0.3941043471433482	-4.154048158307283	0.4042144029730141	-4.125420342691732	0.3349740635810779	-5.790937672371604
205743964436803.8	0.01509912869785164	-4.785364309411733	0.3964976626799543	-4.185279217902370	0.4058727390541174	-4.157778633360228	0.3334596572026187	-5.827937317007353
205659109901017.3	0.01579558816416887	-4.839533205155707	0.3989273732161764	-4.216666622082453	0.4075473539194709	-4.190255961583077	0.3319628347401237	-5.864653761088857
205574325329119.1	0.01649615618979398	-4.892749190451953	0.4013906023751491	-4.248216131189865	0.4092351181232581	-4.222850823907382	0.3304881001313968	-5.901122676746916
205489610634615.4	0.01719979244043957	-4.945135949382716	0.4038842225600551	-4.279932884187122	0.4109331821048973	-4.255561204858783	0.3290372914659876	-5.937379358703547
205404965731154.7	0.01790548137374791	-4.996798446290995	0.4064048717239500	-4.311821371440379	0.4126389886213340	-4.288384750886489	0.3276097730013801	-5.973457320470256
205320390532528.1	0.01861222724091065	-5.047825862639140	0.4089489718763372	-4.343885413640120	0.4143502723523617	-4.321318938022532	0.3262026997175426	-6.009387023321883
205235884952668.4	0.01931905066069926	-5.098294026145981	0.4115127491582419	-4.376128145446002	0.4160650466738885	-4.354361228200007	0.3248113436212854	-6.045194781012635
205151448905650.0	0.02002498655069567	-5.148267432512519	0.4140922547647062	-4.408552006873578	0.4177815801110118	-4.387509208223753	0.3234294610885503	-6.080901862342389
205067082305688.8	0.02072908308562638	-5.197800931322059	0.4166833866374403	-4.441158741077077	0.4194983633524930	-4.420760708497457	0.3220496874528762	-6.116523814073876
204982785067141.7	0.02143040145696203	-5.246941136609441	0.4192819116965138	-4.473949398123128	0.4212140683832961	-4.454113898811289	0.3206639435389723	-6.152070012066287
204898557104506.2	0.02212801625402294	-5.295727611156769	0.4218834883892471	-4.506924344287537	0.4229275014736579	-4.487567359336278	0.3192638397910803	-6.187543437677093
204814398332420.6	0.02282101643061421	-5.344193869852489	0.4244836892195321	-4.540083278699978	0.4246375531239169	-4.521120126071423	0.3178410603139224	-6.222940664631257
204730308665663.1	0.02350850619709156	-5.392368206475050	0.4270780237481351	-4.573425245059815	0.4263431407080907	-4.554771709641873	0.3163877402109619	-6.258252051457101
204646288019151.8	0.02418960683552733	-5.440274426415121	0.4296619603981830	-4.606948661425545	0.4280431581086442	-4.588522089172026	0.3148967791183239	-6.293462084966104
204562336307944.8	0.02486345826763160	-5.487932450292248	0.4322309484925181	-4.640651343934712	0.4297364219203582	-4.622371682221998	0.3133621325862923	-6.328549880837899
204478453447238.9	0.02552922085725979	-5.535358834278298	0.4347804395275486	-4.674530535658628	0.4314216221128867	-4.656321292631963	0.3117790531404098	-6.363489797291290
204394639352370.5	0.02618607728874443	-5.582567215962707	0.4373059077291542	-4.708582937758674	0.4330972776005333	-4.690372039006199	0.3101442832783350	-6.398252139651416
204310893938814.5	0.02683323447723271	-5.629568697579791	0.4398028697778904	-4.742804742418380	0.4347616981510239	-4.724525266944355	0.3084561997640103	-6.432803932405127
204227217122184.3	0.02746992547497620	-5.676372176388339	0.4422669036060901	-4.777191667068153	0.4364129538427322	-4.758782448501360	0.3067149099306424	-6.467109738290614
204143608818231.4	0.02809541134389287	-5.722984630354135	0.4446936661856894	-4.811738989471090	0.4380488530201974	-4.793145072614070	0.3049223017811318	-6.501132507194597
204060068942845.4	0.02870898302848184	-5.769411369148550	0.4470789103164989	-4.846441584609622	0.4396669301398780	-4.827614531544683	0.3030820473090539	-6.534834441903647
203976597412053.4	0.02930996293457512	-5.815656241206630	0.4494185000608362	-4.881293956793467	0.4412644405274891	-4.862192002073299	0.3011995764838302	-6.568177864631809
203893194142019.9	0.02989770667283718	-5.861721827214967	0.4517084252184577	-4.916290277412278	0.4428383679403686	-4.896878333442273	0.2992820005847799	-6.601126081103996
203809859049046.3	0.03047160460183720	-5.907609605530816	0.4539448146140962	-4.951424420236569	0.4443854404648971	-4.931673940351935	0.2973380060759039	-6.633644231501983
203726592049571.0	0.03103108320305504	-5.953320094893817	0.4561239481053127	-4.986689994925293	0.4459021547777186	-4.966578704108137	0.2953777205998892	-6.665700118777060
203643393060168.8	0.03157560634961393	-5.998852981269828	0.4582422674120011	-5.022080380188678	0.4473848089172833	-5.001591886245235	0.2934125505983445	-6.697265007648182
203560261997550.7	0.03210467643356894	-6.044207229779048	0.4602963857477396	-5.057588755827061	0.4488295422751959	-5.036712056465214	0.2914549952531060	-6.728314384292641
203477198778563.6	0.03261783534531219	-6.089381183756887	0.4622830962675674	-5.093208133503140	0.4502323816629108	-5.071937036693950	0.2895184399813972	-6.758828665235745
203394203320190.3	0.03311466530017194	-6.134372652713205	0.4641993793540452	-5.128931386151076	0.4515892921634068	-5.107263862519599	0.2876169327460157	-6.788793841658769
203311275539548.8	0.03359478950859067	-6.179178990688370	0.4660424087698334	-5.164751275940091	0.4528962313729893	-5.142688762727778	0.2857649465746290	-6.818202042938538
203228415353892.1	0.03405787271653049	-6.223797168653816	0.4678095568830463	-5.200660481583078	0.4541492059464139	-5.178207158695532	0.2839771297828006	-6.847052004193348
203145622680608.3	0.03450362148577102	-6.268223832035719	0.4694983982993302	-5.236651621340606	0.4553443273436422	-5.213813676787113	0.2822680571057300	-6.875349405255089
203062897437220.0	0.03493178441308002	-6.312455358981256	0.4711067129059709	-5.272717277115697	0.4564778678375644	-5.249502182144004	0.2806519726072628	-6.903107078011166
202980239541384.0	0.03534215219588169	-6.356487914559064	0.4726324881078683	-5.308850017399255	0.4575463142285498	-5.285265829752371	0.2791425347933927	-6.930345058181663
202897648910891.1	0.03573455747881478	-6.400317495313480	0.4740739197730828	-5.345042416964294	0.4585464171226615	-5.321097126624291	0.2777525749735841	-6.957090455287422
202815125463665.9	0.03610887456727704	-6.443939971516405	0.4754294124268957	-5.381287075744216	0.4594752356671426	-5.356988007728734	0.2764938686563644	-6.983377137861704
202732669117766.6	0.03646501898672103	-6.487351125797929	0.4766975786204838	-5.417576636266791	0.4603301764293130	-5.392929922413267	0.2753769278458498	-7.009245226574926
202650279791384.5	0.03680294689131723	-6.530546688607721	0.4778772375264059	-5.453903799695536	0.4611090255851470	-5.428913929064824	0.2744108204587147	-7.034740398641619
202567957402843.6	0.03712265432616994	-6.573522370885598	0.4789674128137614	-5.490261340531133	0.4618099737773763	-5.464930795644688	0.2736030228088385	-7.059913016556088
202485701870600.9	0.03742417634787137	-6.616273894258865	0.4799673298560616	-5.526642120029299	0.4624316332095506	-5.500971103679206	0.2729593104823973	-7.084817104389241
202403513113245.8	0.03770758600893008	-6.658797019049187	0.4808764123247293	-5.563039098402284	0.4629730467556867	-5.537025353300327	0.2724836919334246	-7.109509204684271
202321391049499.6	0.03797299321641449	-6.701087571660450	0.4816942783749940	-5.599445346217447	0.4634336891374385	-5.573084068200602	0.2721783867284190	-7.134047160287404
202239335598215.5	0.03822054345276351	-6.743141467159803	0.4824207359903542	-5.635854053867835	0.4638134601230811	-5.609137894391431	0.2720438532989635	-7.158488859892696
202157346678378.4	0.03845041638712941	-6.784954728782490	0.4830557776658641	-5.672258539756552	0.4641126704237110	-5.645177691782125	0.2720788642811357	-7.182891000728930
202075424209104.4	0.03866282439999587	-6.826523514927430	0.4835995757310779	-5.708652259805149	0.4643320210924062	-5.681194626505565	0.2722806191483073	-7.207307942219819
201993568109640.8	0.03885801097861319	-6.867844136457252	0.4840524763733882	-5.745028813882511	0.4644725764922886	-5.717180246618358	0.2726449033763624	-7.231790661433983
201911778299365.6	0.03903624903067419	-6.908913075075562	0.4844149936152664	-5.781381952061270	0.4645357322424077	-5.753126549387853	0.2731662798058864	-7.256385873199238
201830054697787.4	0.03919783911540627	-6.949727000413557	0.4846878030221741	-5.817705580112085	0.4645231790119868	-5.789026036955836	0.2738383068339942	-7.281135341457023
201748397224544.8	0.03934310760160197	-6.990282785845584	0.4848717351843944	-5.853993764295456	0.4644368632448673	-5.824871759630066	0.2746537751213299	-7.306075402549388
201666805799406.8	0.03947240476259842	-7.030577523051105	0.4849677690139908	-5.890240735512737	0.4642789459402216	-5.860657346403372	0.2756049538903997	-7.331236709605682
201585280342271.9	0.03958610281847032	-7.070608535314146	0.4849770248959901	-5.926440892874790	0.4640517606253886	-5.896377022643429	0.2766838377102269	-7.356644195883412
201503820773168.1	0.03968459393607556	-7.110373389544806	0.4849007577306841	-5.962588806744425	0.4637577716298824	-5.932025615244561	0.2778823848906861	-7.382317244602483
201422427012252.6	0.03976828819787671	-7.149869906992257	0.4847403499015987	-5.998679221307195	0.4633995337091644	-5.967598545862510	0.2791927392051891	-7.408270044075684
201341098979811.6	0.03983761155066232	-7.189096172618213	0.4844973042012142	-6.034707056724102	0.4629796539738441	-6.003091813167557	0.2806074275640537	-7.434512100129245
201259836596259.9	0.03989300372677647	-7.228050545245073	0.4841732370407703	-6.070667411234397	0.4625007566990658	-6.038501967682243	0.2821195260762169	-7.461048878180832
201178639782140.9	0.03993491622823554	-7.266731658723876	0.4837698706404525	-6.106555561780072	0.4619654527995742	-6.073826070071820	0.2837227956625028	-7.487882516347261
201097508458126.1	0.03996381026457406	-7.305138430209052	0.4832890264255407	-6.142366965748573	0.4613763128436449	-6.109061651937651	0.2854117734909266	-7.515012611544161
201016442545014.8	0.03998015472150709	-7.343270064908659	0.4827326182192375	-6.178097262084179	0.4607358448439629	-6.144206669594248	0.2871818252165609	-7.542437017484046
200935441963734.0	0.03998442418803116	-7.381126056981338	0.4821026451966880	-6.213742271891186	0.4600464772468968	-6.179259452131777	0.2890291575338780	-7.570152619938955
200854506635338.3	0.03997709702259439	-7.418706189963036	0.4814011850894986	-6.249297999064372	0.4593105466968054	-6.214218649329633	0.2909507899821866	-7.598156066426123
200773636481009.3	0.03995865347767692	-7.456010535587635	0.4806303875010138	-6.284760630814940	0.4585302905294052	-6.249083179950889	0.2929444891877682	-7.626444420414952
200692831422055.3	0.03992957389324103	-7.493039450975218	0.4797924673437337	-6.320126538122162	0.4577078436767078	-6.283852182023810	0.2950086693486835	-7.655015717273372
200612091379911.5	0.03989033696896636	-7.529793574192610	0.4788896984077598	-6.355392276145897	0.4568452395346839	-6.318524966552954	0.2971422639669208	-7.683869404148762
200531416276139.4	0.03984141812455682	-7.566273818197248	0.4779244070667095	-6.390554584629250	0.4559444142372043	-6.353100975874686	0.2993445748573508	-7.713006651372788
200450806032426.6	0.03978328795679467	-7.602481363193026	0.4768989661251293	-6.425610388319064	0.4550072137013914	-6.387579747615676	0.3016151052744668	-7.742430528673009
200370260570586.7	0.03971641080118696	-7.638417647450645	0.4758157888093040	-6.460556797428970	0.4540354027589130	-6.421960884938802	0.3039533845571296	-7.772146045315428
200289779812558.6	0.03964124340531113	-7.674084356648112	0.4746773229011027	-6.495391108164596	0.4530306756700553	-6.456244033458534	0.3063587919651526	-7.802160059116730
200209363680406.8	0.03955823371986426	-7.709483411821648	0.4734860450126812	-6.530110803328022	0.4519946673258683	-6.490428864926994	0.3088303873441429	-7.832481064823846
200129012096321.1	0.03946781981239830	-7.744616956038794	0.4722444549980177	-6.564713553017677	0.4509289644811926	-6.524515067518589	0.3113667558951579	-7.863118877418950
200048724982615.7	0.03937042886987122	-7.779487341680980	0.4709550707257362	-6.599197215496092	0.4498351158126241	-6.558502344351520	0.3139658731102558	-7.894084233603179
199968502261729.7	0.03926647646196255	-7.814097110398295	0.4696204221510892	-6.633559837901652	0.4487146430051079	-6.592390410121791	0.3166249980685946	-7.925388318914441
199888343856226.6	0.03915636578704182	-7.848448979612311	0.4682430464852260	-6.667799657425636	0.4475690479828459	-6.626179001096248	0.3193405948888998	-7.957042272828804
199808249688793.9	0.03904048708631842	-7.882545826215363	0.4668254831767785	-6.701915102445171	0.4463998189077321	-6.659867886305169	0.3221082888383757	-7.989056678417311
199728219682243.0	0.03891921722407146	-7.916390668180562	0.4653702687871496	-6.735904793703292	0.4452084347588826	-6.693456879503155	0.3249228580497806	-8.021441063666289
199648253759508.8	0.03879291937828689	-7.949986646750329	0.4638799320656565	-6.769767545607836	0.4439963675499362	-6.726945853678361	0.3277782600087360	-8.054203442663502
199568351843649.9	0.03866194285583507	-7.983337008562141	0.4623569891019294	-6.803502367592087	0.4427650824920421	-6.760334756017069	0.3306676914386412	-8.087349915539978
199488513857847.7	0.03852662302738498	-8.016445087933537	0.4608039385456482	-6.837108465512577	0.4415160362306556	-6.793623622287088	0.3335836785130233	-8.120884343865511
199408739725406.6	0.03838728137614102	-8.049314289529193	0.4592232568840624	-6.870585243052400	0.4402506733707709	-6.826812589693272	0.3365181930930741	-8.154808113734044
199329029369753.5	0.03824422565326650	-8.081948071641872	0.4576173937686034	-6.903932303095568	0.4389704215789082	-6.859901907394831	0.3394627896893545	-8.189119994030536
199249382714437.9	0.03809775013180366	-8.114349930308849	0.4559887673828300	-6.937149449031687	0.4376766856068469	-6.892891944022825	0.3424087571146559	-8.223816092645302
199169799683131.4	0.03794813595005048	-8.146523384478062	0.4543397598453035	-6.970236685944000	0.4363708406194141	-6.925783191711870	0.3453472783460881	-8.258889908953728
199090280199627.3	0.03779565153434215	-8.178471962434825	0.4526727126425082	-7.003194221630849	0.4350542252284485	-6.958576266352175	0.3482695919481750	-8.294332476910350
199010824187840.9	0.03764055309063314	-8.210199189675826	0.4509899220887458	-7.036022467405679	0.4337281346375413	-6.991271903953701	0.3511671485126025	-8.330132589755946
198931431571808.5	0.03748308515354295	-8.241708578406062	0.4492936348119229	-7.068722038615495	0.4323938142842638	-7.023870953208643	0.3540317559201980	-8.366277094672686
198852102275687.9	0.03732348118114001	-8.273003618813755	0.4475860432663879	-7.101293754816597	0.4310524543376927	-7.056374364516956	0.3568557077972854	-8.402751243759759
198772836223757.7	0.03716196418342264	-8.304087772249403	0.4458692812762893	-7.133738639542288	0.4297051853633929	-7.088783175903647	0.3596318902881117	-8.439539086408754
198693633340417.1	0.03699874737243426	-8.334964466408659	0.4441454196154773	-7.166057919595062	0.4283530754129818	-7.121098496395500	0.3623538631625909	-8.476623887470868
198614493550185.9	0.03683403482161351	-8.365637092600986	0.4424164616325262	-7.198253023796307	0.4269971287297878	-7.153321487554947	0.3650159122900933	-8.513988555451771
198535416777704.0	0.03666802208914193	-8.396109006119325	0.4406843389872265	-7.230325581072993	0.4256382856256167	-7.185453344896509	0.3676130719385617	-8.551616065691700
198456402947731.5	0.03650089693204617	-8.426383525602613	0.4389509072659082	-7.262277418022819	0.4242774259352828	-7.217495275990542	0.3701411148581117	-8.589489861709463
198377451985147.8	0.03633283990936160	-8.456463937148950	0.4372179418743818	-7.294110555622725	0.4229153727772513	-7.249448481905166	0.3725965121604828	-8.627594224458745
198298563814952.3	0.03616402491071862	-8.486353501503617	0.4354871340607360	-7.325827205057849	0.4215528973361362	-7.281314141041434	0.3749763645124568	-8.665914595012429
198219738362263.2	0.03599461972003757	-8.516055460827737	0.4337600869340261	-7.357429762817217	0.4201907265300512	-7.313093393023926	0.3772783059108830	-8.704437838985230
198140975552317.9	0.03582478649608828	-8.545573048134447	0.4320383116859867	-7.388920804833511	0.4188295514811525	-7.344787326539489	0.3795003848057010	-8.743152445108764
198062275310472.7	0.03565468219031142	-8.574909498394487	0.4303232239889592	-7.420303079667127	0.4174700369959509	-7.376396970983393	0.3816409269059781	-8.782048650575435
197983637562202.2	0.03548445889519503	-8.604068061106441	0.4286161405973075	-7.451579500695799	0.4161128317345756	-7.407923292482141	0.3836983850273368	-8.821118488508899
197905062233099.6	0.03531426411749913	-8.633052014116320	0.4269182761809656	-7.482753137284831	0.4147585787140811	-7.439367194752432	0.3856711819277123	-8.860355755392526
197826549248876.0	0.03514424097203908	-8.661864678427552	0.4252307404207341	-7.513827204918850	0.4134079257662788	-7.470729525090696	0.3875575524626357	-8.899755898883278
197748098535360.2	0.03497452829290405	-8.690509433733162	0.4235545353955891	-7.544805054290643	0.4120615355574144	-7.502011085652514	0.3893553915487887	-8.939315829079019
197669710018498.9	0.03480526066053704	-8.718989734365703	0.4218905532924508	-7.575690159352284	0.4107200947774382	-7.533212650000067	0.3910621143408763	-8.979033658897494
197591383624356.1	0.03463656834432048	-8.747309125351356	0.4202395744685807	-7.606486104347386	0.4093843221136670	-7.564334984735693	0.3926745346977827	-9.018908381655663
197513119279112.8	0.03446857716184962	-8.775471258237905	0.4186022658960856	-7.637196569855460	0.4080549746462046	-7.595378875867413	0.3941887674465245	-9.058939496088517
197434916909066.9	0.03430140825743580	-8.803479906354120	0.4169791800167758	-7.667825317893056	0.4067328523321654	-7.626345159384638	0.3956001591669930	-9.099126590812311
197356776440633.2	0.03413517780365601	-8.831338979157811	0.4153707540339546	-7.698376176128549	0.4054188002862386	-7.657234755363721	0.3969032512481173	-9.139468901515876
197278697800342.9	0.03396999663123512	-8.859052535327797	0.4137773096655986	-7.728853021281802	0.4041137086163054	-7.688048704776177	0.3980917778498346	-9.179964854893589
197200680914843.1	0.03380596979370679	-8.886624794261735	0.4121990533808199	-7.759259761790909	0.4028185096294300	-7.718788208034965	0.3991587001951540	-9.220611613477558
197122725710897.3	0.03364319607454044	-8.914060145649916	0.4106360771384599	-7.789600319840007	0.4015341722897893	-7.749454664196290	0.4000962773681031	-9.261404635095053
197044832115384.6	0.03348176744540892	-8.941363156817141	0.4090883596432893	-7.819878612853758	0.4002616938798365	-7.780049709643458	0.4008961725624072	-9.302337259718694
196967000055299.5	0.03332176848538437	-8.968538577547944	0.4075557681316165	-7.850098534573239	0.3990020888939962	-7.810575255012058	0.4015495925653975	-9.343400335074113
196889229457752.1	0.03316327577148984	-8.995591342134929	0.4060380606939943	-7.880263935836168	0.3977563752702079	-7.841033519071414	0.4020474572183334	-9.384581890642210
196811520249967.1	0.03300635725190464	-9.022526568428271	0.4045348891385280	-7.910378605191354	0.3965255581466758	-7.871427058273246	0.4023805947048896	-9.425866867768356
196733872359284.6	0.03285107161365709	-9.049349553696738	0.4030458023938012	-7.940446249482339	0.3953106114102192	-7.901758790705193	0.4025399578095180	-9.467236911610954
196656285713158.9	0.03269746765665537	-9.076065767172127	0.4015702504458995	-7.970470474539537	0.3941124573767147	-7.932032013261297	0.4025168557699059	-9.508670228758962
196578760239159.0	0.03254558368663007	-9.102680839174479	0.4001075887994019	-8.000454766120852	0.3929319450195656	-7.962250410933561	0.4023031960239001	-9.550141512637218
196501295864967.8	0.03239544693912043	-9.129200546780375	0.3986570834475844	-8.030402471241022	0.3917698272226996	-7.992418057281064	0.4018917300113032	-9.591621937392038
196423892518382.3	0.03224707304652994	-9.155630796055613	0.3972179163325980	-8.060316780029107	0.3906267375905886	-8.022539405314827	0.4012762972160945	-9.633079219870460
196346550127313.3	0.03210046556023587	-9.181977600900908	0.3957891912719920	-8.090200708248064	0.3895031673936540	-8.052619268237340	0.4004520617996145	-9.674477748599095
196269268619784.8	0.03195561553827636	-9.208247058668437	0.3943699403237661	-8.120057080608058	0.3883994432481887	-8.082662789756791	0.3994157364505896	-9.715778778335675
196192047923934.4	0.03181250120982840	-9.234445322685009	0.3929591305582184	-8.149888514995075	0.3873157061597196	-8.112675403909625	0.3981657884329342	-9.756940688767983
196114887968012.6	0.03167108772504380	-9.260578571953417	0.3915556712012719	-8.179697407731679	0.3862518925373459	-8.142662784676213	0.3967026232173526	-9.797919306215526
196037788680382.6	0.03153132698925815	-9.286652978445375	0.3901584210796147	-8.209485919964973	0.3852077176545679	-8.172630785979182	0.3950287417049185	-9.838668287074190
195960749989520.6	0.03139315761121895	-9.312674671931120	0.3887661963927072	-8.239255965305834	0.3841826624160858	-8.202585372746075	0.3931488668290165	-9.879139564175709
195883771824014.7	0.03125650500801748	-9.338649702184409	0.3873777788963557	-8.269009198828510	0.3831759643942178	-8.232532543991418	0.3910700355303839	-9.919283858841050
195806854112565.5	0.03112128149577023	-9.364584001724552	0.3859919238921188	-8.298747007337024	0.3821866113209341	-8.262478250353809	0.3888016565088537	-9.959051248877696
195729996783985.3	0.03098738659608908	-9.390483345847802	0.3846073686810715	-8.328470501195417	0.3812133403265679	-8.292428306255369	0.3863555267734707	-9.998391806727561
195653199767198.5	0.03085470743025335	-9.416353312505009	0.3832228410380569	-8.358180507630067	0.3802546414913506	-8.322388299321897	0.3837458072966613	-10.03725630065189
195576462991240.7	0.03072311922914579	-9.442199242017420	0.3818370677410503	-8.387877565575142	0.3793087662229373	-8.352363498825980	0.3809889553535967	-10.07559695994002
195499786385258.8	0.03059248595709009	-9.468026197080773	0.3804487831056619	-8.417561922087508	0.3783737404864861	-8.382358765172445	0.3781036120617788	-10.11336830172194
195423169878510.8	0.03046266104654450	-9.493838923498901	0.3790567374750224	-8.447233530345915	0.3774473827968425	-8.412378462465338	0.3751104440758129	-10.15052801428584
195346613400365.6	0.03033348823909151	-9.519641812076033	0.3776597056156117	-8.476892049240423	0.3765273267615599	-8.442426376176327	0.3720319389276702	-10.18703788816370
195270116880302.8	0.03020480252677152	-9.545438862085305	0.3762564949706310	-8.506536844546496	0.3756110478467450	-8.472505637844787	0.3688921541742696	-10.22286478163138
195193680247912.3	0.03007643118687467	-9.571233646684652	0.3748459537235298	-8.536166991670543	0.3746958939290821	-8.502618658574821	0.3657164213613183	-10.25798160176782
195117303432894.2	0.02994819490172397	-9.597029280636059	0.3734269786258895	-8.565781279944517	0.3737791190936314	-8.532767072917483	0.3625310068690775	-10.29236827603424
195040986365058.7	0.02981990895466999	-9.622828390636062	0.3719985225455559	-8.595378218440551	0.3728579200559818	-8.562951694475984	0.3593627329924398	-10.32601268284408
194964728974325.5	0.02969138449222167	-9.648633088529357	0.3705596016929051	-8.624956043270792	0.3719294745120553	-8.593172484297542	0.3562385641246000	-10.35891150333709
194888531190724.3	0.02956242984192287	-9.674444947628862	0.3691093024853416	-8.654512726330365	0.3709909806681782	-8.623428532814407	0.3531851646320389	-10.39107095125524
194812392944393.8	0.02943285187489813	-9.700264982334739	0.3676467880123983	-8.684045985439791	0.3700396971694202	-8.653718055795254	0.3502284368626698	-10.42250733430045
194736314165581.9	0.02930245740200794	-9.726093631183398	0.3661713040663907	-8.713553295836277	0.3690729826339300	-8.684038404425225	0.3473930496142012	-10.45324739952988
194660294784645.4	0.02917105459188314	-9.751930743434858	0.3646821847060452	-8.743031902963217	0.3680883340032140	-8.714386089343384	0.3447019691583398	-10.48332841808037
194584334732049.9	0.02903845439975760	-9.777775569245657	0.3631788573232797	-8.772478836502637	0.3670834229539371	-8.744756818138708	0.3421760063898248	-10.51279797144434
194508433938369.5	0.02890447199546846	-9.803626753463558	0.3616608471859932	-8.801890925595027	0.3660561296550304	-8.775145545559024	0.3398333946483378	-10.54171341292754
194432592334286.4	0.02876892817976796	-9.829482333022176	0.3601277814324673	-8.831264815188710	0.3650045732250757	-8.805546535399353	0.3376894130534331	-10.57014099354407
194356809850591.2	0.02863165077806281	-9.855339737905993	0.3585793924957745	-8.860596983459853	0.3639271383195992	-8.835953432850069	0.3357560696381941	-10.59815466057963
194281086418181.8	0.02849247600150873	-9.881195795617243	0.3570155209393403	-8.889883760243855	0.3628224973740961	-8.866359345880621	0.3340418570721644	-10.62583455788580
194205421968064.4	0.02835124976541201	-9.907046739067711	0.3554361176876213	-8.919121346416434	0.3616896281259965	-8.896756934100703	0.3325515913252408	-10.65326527767056
194129816431352.2	0.02820782895589439	-9.932888217805019	0.3538412456385705	-8.948305834163040	0.3605278261500184	-8.927138503444178	0.3312863403457881	-10.68053393188666
194054269739265.8	0.02806208263615135	-9.958715312463463	0.3522310806473467	-8.977433228072737	0.3593367122537004	-8.957496104936297	0.3302434459194889	-10.70772812513098
193978781823132.8	0.02791389318439195	-9.984522552336918	0.3506059118734834	-9.006499466990988	0.3581162346909730	-8.987821635797975	0.3294166376389676	-10.73493391854104
193903352614387.6	0.02776315735596774	-10.01030393597506	0.3489661414864018	-9.035500446563859	0.3568666662616601	-9.018106941143468	0.3287962336987638	-10.76223387453678
193827982044571.2	0.02760978726331145	-10.03605295468659	0.3473122837269589	-9.064432042402414	0.3555885964737505	-9.048343914556130	0.3283694193921588	-10.78970526536148
193752670045330.9	0.02745371126725836	-10.06176261887107	0.3456449633254057	-9.093290133793175	0.3542829190353642	-9.078524595918934	0.3281205910380675	-10.81741851511248
193677416548420.5	0.02729487477453815	-10.08742548708624	0.3439649132789152	-9.122070627875436	0.3529508150392738	-9.108641264955812	0.3280317508364320	-10.84543592697622
193602221485699.5	0.02713324093670956	-10.11303369778778	0.3422729719946148	-9.150769484201122	0.3515937322768816	-9.138686529079834	0.3280829369577323	-10.87381072682167
193527084789133.2	0.02696879124594798	-10.13857900367394	0.3405700798068674	-9.179382739587439	0.3502133611815638	-9.168653404254723	0.3282526730181408	-10.90258643340702
193452006390792.7	0.02680152602414894	-10.16405280860913	0.3388572748804407	-9.207906533164172	0.3488116079542618	-9.198535387789288	0.3285184218742900	-10.93179654623758
193376986222854.2	0.02663146480194693	-10.18944620708029	0.3371356885141286	-9.236337131512011	0.3473905654633305	-9.228326522091107	0.3288570302097552	-10.96146452612650
193302024217599.2	0.02645864658496443	-10.21475002618342	0.3354065398623762	-9.264670953777705	0.3459524825319995	-9.258021448661665	0.3292451524542522	-10.99160403168767
193227120307414.1	0.02628313000464648	-10.23995487012701	0.3336711300955655	-9.292904596644664	0.3444997322357585	-9.287615451762269	0.3296596449401063	-11.02221936764632
193152274424790.2	0.02610499335170121	-10.26505116726742	0.3319308360227814	-9.321034859026955	0.3430347798280495	-9.317104491422365	0.3300779236411710	-11.05330609776466
193077486502323.2	0.02592433449051636	-10.29002921967127	0.3301871032040906	-9.349058766345980	0.3415601508970812	-9.346485225647317	0.3304782811769880	-11.08485177573758
193002756472713.2	0.02574127065313782	-10.31487925521892	0.3284414385827135	-9.376973594238905	0.3400784003231183	-9.375755021906047	0.3308401608674980	-11.11683675078591
192928084268764.5	0.02555593811155053	-10.33959148225683	0.3266954026708965	-9.404776891537834	0.3385920825615364	-9.404911958199932	0.3311443874094864	-11.14923500996554
192853469823385.3	0.02536849172770149	-10.36415614677935	0.3249506013266647	-9.432466502351142	0.3371037237297734	-9.433954814188850	0.3313733551773429	-11.18201502557266
192778913069587.7	0.02517910438074758	-10.38856359211934	0.3232086771621789	-9.460040587068173	0.3356157959091444	-9.462883053074965	0.3315111762274951	-11.21514058274426
192704413940486.9	0.02498796627131688	-10.41280432109091	0.3214713006278958	-9.487497642103334	0.3341306940033729	-9.491696795094008	0.3315437908327870	-11.24857156887949
192629972369302.1	0.02479528410303648	-10.43686906048670	0.3197401608202021	-9.514836518188293	0.3326507154207067	-9.520396783627819	0.3314590438320201	-11.28226471246235
192555588289355.2	0.02460128011475771	-10.46074882765774	0.3180169558714068	-9.542056437379141	0.3311780424852682	-9.548984344777221	0.3312467302565118	-11.31617426161288
192481261634071.0	0.02440619109075395	-10.48443499963985	0.3163033838556540	-9.569157006961174	0.3297147289796092	-9.577461343052367	0.3308986139268270	-11.35025261053238
192406992336977.5	0.02421026712886676	-10.50791938348252	0.3146011327404035	-9.596138232811697	0.3282626885539763	-9.605830132016765	0.3304084222657752	-11.38445085471594
192332780331704.8	0.02401377033986813	-10.53119428821733	0.3129118706061347	-9.623000530003903	0.3268236867171734	-9.634093503052460	0.3297718205879385	-11.41871929292764
192258625551985.6	0.02381697344568856	-10.55425259797805	0.3112372359673368	-9.649744730811506	0.3253993359022122	-9.662254633230333	0.3289863688892185	-11.45300787758872
192184527931654.7	0.02362015825750584	-10.57708784562156	0.3095788281007439	-9.676372090251711	0.3239910931760175	-9.690317033249718	0.3280514637287161	-11.48726661755859
192110487404648.8	0.02342361404864502	-10.59969428631470	0.3079381975151300	-9.702884288885212	0.3226002604378331	-9.718284496727360	0.3269682675332619	-11.52144594079582
192036503905006.4	0.02322763582792520	-10.62206697040230	0.3063168366308000	-9.729283432733142	0.3212279867967335	-9.746161051873997	0.3257396273255280	-11.55549702377871
191962577366867.7	0.02303252252084277	-10.64420181474160	0.3047161707375625	-9.755572050193173	0.3198752727895571	-9.773950916424262	0.3243699845692232	-11.58937209448506
191888707724474.1	0.02283857506675982	-10.66609567161507	0.3031375493000452	-9.781753085863395	0.3185429760682194	-9.801658456517984	0.3228652775383434	-11.62302471539015
191814894912168.3	0.02264609444214371	-10.68774639422981	0.3015822376784083	-9.807829891210748	0.3172318181805018	-9.829288150039663	0.3212328373578682	-11.65641005238946
191741138864393.8	0.02245537962142664	-10.70915289770079	0.3000514093311226	-9.833806212055420	0.3159423920725071	-9.856844554691936	0.3194812786347453	-11.68948513482963
191667439515695.1	0.02226672548834057	-10.73031521436349	0.2985461385641827	-9.859686172877435	0.3146751699500058	-9.884332280889458	0.3176203854037659	-11.72220911096198
191593796800717.3	0.02208042071263699	-10.75123454219742	0.2970673938879969	-9.885474257989054	0.3134305111680782	-9.911755969358918	0.3156609929557452	-11.75454350213598
191520210654205.6	0.02189674560864491	-10.77191328509645	0.2956160320392258	-9.911175289657805	0.3122086698551336	-9.939120273130349	0.3136148659974899	-11.78645245793861
191446681011005.9	0.02171596999369741	-10.79235508373069	0.2941927927201319	-9.936794403303638	0.3110098020204662	-9.966429843455542	0.3114945735165585	-11.81790301327060
191373207806063.7	0.02153835106604644	-10.81256483576037	0.2927982941022737	-9.962337019935951	0.3098339719493524	-9.993689319042250	0.3093133606899542	-11.84886534705031
191299790974424.5	0.02136413132328938	-10.83254870423720	0.2914330291351497	-9.987808816034649	0.3086811577452308	-10.02090331789525	0.3070850181859033	-11.87931304086749
191226430451233.6	0.02119353654351024	-10.85231411313255	0.2900973626932333	-10.01321569111743	0.3075512559373758	-10.04807643099175	0.3048237492611868	-11.90922333450789
191153126171735.3	0.02102677385197975	-10.87186972907320	0.2887915295872525	-10.03856373327195	0.3064440851304434	-10.07521321697170	0.3025440351515649	-11.93857737387709
191079878071273.5	0.02086402989711646	-10.89122542856708	0.2875156334573651	-10.06385918296146	0.3053593887298631	-10.10231819705127	0.3002604993862170	-11.96736044552367
191006686085291.1	0.02070546915918392	-10.91039225023223	0.2862696465573535	-10.08910839544042	0.3042968368262752	-10.12939584940652	0.2979877718226766	-11.99556219077164
190933550149329.9	0.02055123241497588	-10.92938233180393	0.2850534104301462	-10.11431780213979	0.3032560273705927	-10.15645060234252	0.2957403533884838	-12.02317679149715
190860470199030.4	0.02040143538077443	-10.94820883200874	0.2838666374661217	-10.13949387139593	0.3022364868058258	-10.18348682569049	0.2935324827183533	-12.05020311891652
190787446170131.3	0.02025616755431152	-10.96688583770522	0.2827089133267740	-10.16464306890925	0.3012376703505827	-10.21050881999468	0.2913780060774945	-12.07664483648187
190714477998470.2	0.02011549127474913	-10.98542825702530	0.2815797002076824	-10.18977181832192	0.3002589621516507	-10.23752080320127	0.2892902521471626	-12.10251044818463
190641565619982.2	0.01997944101690870	-11.00385169961174	0.2804783409063735	-10.21488646229974	0.2992996755243766	-10.26452689474964	0.2872819133999994	-12.12781328431683
190568708970700.6	0.01984802293298388	-11.02217234532937	0.2794040636529577	-10.23999322449680	0.2983590535028526	-10.29153109709528	0.2853649358930310	-12.15257141806274
190495907986756.7	0.01972121465163534	-11.04040680315760	0.2783559876541448	-10.26509817276343	0.2974362699073452	-10.31853727488512	0.2835504193383667	-12.17680750819023
190423162604378.8	0.01959896534054681	-11.05857196222822	0.2773331292947563	-10.29020718393787	0.2965304311142667	-10.34554913216297	0.2818485292619812	-12.20054856552834
190350472759893.1	0.01948119603426645	-11.07668483716669	0.2763344089353708	-10.31532591053506	0.2956405786847365	-10.37257018809576	0.2802684229198880	-12.22382564374990
190277838389722.7	0.01936780022530803	-11.09476241007071	0.2753586582398130	-10.34045974961526	0.2947656929714851	-10.39960375185415	0.2788181904043983	-12.24667345807824
190205259430387.8	0.01925864471195432	-11.11282147153348	0.2744046279626353	-10.36561381407863	0.2939046977794805	-10.42665289735712	0.2775048120446987	-12.26912993870512
190132735818505.3	0.01915357066629196	-11.13087846235315	0.2734709958194038	-10.39079290798519	0.2930564658580515	-10.45372043812866	0.2763341322057403	-12.29123572683522
190060267490789.0	0.01905239500836228	-11.14894932122521	0.2725563755250078	-10.41600150088458	0.2922198261887110	-10.48080890501294	0.2753108519471008	-12.31303363323933
189987854384048.8	0.01895491195865560	-11.16704933765669	0.2716593256870571	-10.44124370656494	0.2913935719437839	-10.50792052542366	0.2744385378843339	-12.33456806532923
189915496435191.1	0.01886089470585270	-11.18519301059051	0.2707783579252602	-10.46652326927295	0.2905764685692203	-10.53505720402043	0.2737196453263898	-12.35588443609820
189843193581218.3	0.01877009734061483	-11.20339391983604	0.2699119462037320	-10.49184354790159	0.2897672635756874	-10.56222050884161	0.2731555583982004	-12.37702858360344
189770945759228.7	0.01868225690303392	-11.22166460815525	0.2690585358257436	-10.51720750483671	0.2889646966008152	-10.58941166105149	0.2727466425363858	-12.39804620746154
189698752906416.4	0.01859709554800761	-11.24001647609933	0.2682165523768376	-10.54261769785647	0.2881675098381441	-10.61663152932537	0.2724923079337660	-12.41898233908082
189626614960071.0	0.01851432280136060	-11.25845969048268	0.2673844105507832	-10.56807627502369	0.2873744586064363	-10.64388062917766	0.2723910815672010	-12.43988085799054
189554531857577.3	0.01843363787934849	-11.27700310708050	0.2665605227968568	-10.59358497247613	0.2865843218129273	-10.67115912742133	0.2724406853046759	-12.46078406397558
189482503536415.5	0.01835473204489161	-11.29565420775183	0.2657433077314610	-10.61914511499949	0.2857959120710663	-10.69846685173665	0.2726381175720099	-12.48173231171956
189410529934160.6	0.01827729097482992	-11.31441905191583	0.2649311982620019	-10.64475761924008	0.2850080852324327	-10.72580330520830	0.2729797361634098	-12.50276371152806
189338610988482.5	0.01820099711416637	-11.33330224201918	0.2641226493760251	-10.67042299939614	0.2842197491078331	-10.75316768553286	0.2734613399910750	-12.52391389667392
189266746637145.8	0.01812553199496545	-11.35230690236702	0.2633161455540681	-10.69614137521265	0.2834298711749658	-10.78055890844042	0.2740782478685648	-12.54521585517257
189194936818009.4	0.01805057849983383	-11.37143467049044	0.2625102077700233	-10.72191248209244	0.2826374850977137	-10.80797563475817	0.2748253727869744	-12.56669982151001
189123181469026.5	0.01797582305239722	-11.39068570006272	0.2617034000482572	-10.74773568312815	0.2818416959169197	-10.83541630043953	0.2756972905461284	-12.58839322210856
189051480528244.7	0.01790095771948618	-11.41005867424258	0.2608943355521111	-10.77360998285640	0.2810416838103396	-10.86287914878692	0.2766883020187885	-12.61032066716974
188979833933805.0	0.01782568221229672	-11.42955082824867	0.2600816821836155	-10.79953404253370	0.2802367063614884	-10.89036226404022	0.2777924887293889	-12.63250398097301
188908241623942.4	0.01774970577662844	-11.44915797993749	0.2592641676791886	-10.82550619673548	0.2794260993242813	-10.91786360547132	0.2790037617987952	-12.65496226268324
188836703536985.6	0.01767274896413885	-11.46887456712275	0.2584405841910871	-10.85152447108577	0.2786092759106928	-10.94538104109199	0.2803159046256947	-12.67771197014649
188765219611356.5	0.01759454527937064	-11.48869369046530	0.2576097923485703	-10.87758660092725	0.2777857246736379	-10.97291238014757	0.2817226099313034	-12.70076701993213
188693789785570.2	0.01751484268250294	-11.50860715986571	0.2567707245455511	-10.90369005260620	0.2769550059050495	-11.00045540315975	0.2832175114844366	-12.72413889785198
188622413998234.8	0.01743340499568223	-11.52860554586267	0.2559223881930730	-10.92983204198595	0.2761167472657120	-11.02800788997547	0.2847942128837880	-12.74783677591315
188551092188051.5	0.01735001321690612	-11.54867823563950	0.2550638690455531	-10.95600954856353	0.2752706389065050	-11.05556764536987	0.2864463145575383	-12.77186763093751
188479824293813.8	0.01726446656647494	-11.56881348282495	0.2541943318697099	-10.98221934600399	0.2744164261899080	-11.08313251717683	0.2881674345419369	-12.79623636366656
188408610254408.1	0.01717658353196604	-11.58899846467539	0.2533130224818478	-11.00845801922136	0.2735539033186936	-11.11070041310200	0.2899512317989614	-12.82094591745434
188337450008812.8	0.01708620275728917	-11.60921933759567	0.2524192687763689	-11.03472198528263	0.2726829062735970	-11.13826931205485	0.2917914280994896	-12.84599739530835
188266343496098.7	0.01699318381612565	-11.62946129241158	0.2515124812917530	-11.06100751421682	0.2718033057119157	-11.16583727077944	0.2936818300898069	-12.87139017583409
188195290655428.3	0.01689740787471719	-11.64970860903671	0.2505921533326420	-11.08731074962908	0.2709150000633804	-11.19340242581077	0.2956163519304183	-12.89712202880345
188124291426056.3	0.01679877824990831	-11.66994471033355	0.2496578606679610	-11.11362772902900	0.2700179090516754	-11.22096299096330	0.2975890387004779	-12.92318923133152
188053345747328.7	0.01669722086815042	-11.69015221510546	0.2487092608264860	-11.13995440379125	0.2691119678438821	-11.24851725070753	0.2995940905660555	-12.94958668573081
187982453558683.1	0.01659268463143133	-11.71031299026985	0.2477460920123386	-11.16628665867798	0.2681971220060273	-11.27606354991606	0.3016258875257295	-12.97630804004104
187911614799648.3	0.01648514169610170	-11.73040820237861	0.2467681716637337	-11.19262033086277	0.2672733234112718	-11.30360028057544	0.3036790143814543	-13.00334581203605
187840829409844.3	0.01637458767015552	-11.75041836877851	0.2457753946789691	-11.21895122840226	0.2663405272062149	-11.33112586616302	0.3057482854429921	-13.03069151721785
187770097328982.1	0.01626104173422027	-11.77032340881892	0.2447677313341236	-11.24527514811032	0.2653986898997867	-11.35863874445709	0.3078287683657481	-13.05833580095312
187699418496863.3	0.01614454669136844	-11.79010269560432	0.2437452249171485	-11.27158789279816	0.2644477686002105	-11.38613734958546	0.3099158064478388	-13.08626857452014
187628792853380.2	0.01602516894985439	-11.80973510893381	0.2427079891031964	-11.29788528784484	0.2634877213736144	-11.41362009415639	0.3120050386744908	-13.11447915443896
187558220338515.6	0.01590299842933078	-11.82919908896979	0.2416562048509922	-11.32416319999918	0.2625185084604316	-11.44108535182969	0.3140924163619093	-13.14295640593213
187487700892342.4	0.01577814843589699	-11.84847269496934	0.2405901176143096	-11.35041754961619	0.2615400948773550	-11.46853144244304	0.3161742171137270	-13.17168888394379
187417234455023.8	0.01565075549819256	-11.86753366964535	0.2395100347487673	-11.37664431662990	0.2605524541792295	-11.49595662017612	0.3182470551237257	-13.20066496909203
187346820966812.8	0.01552097904833274	-11.88635949940461	0.2384163209241549	-11.40283956823992	0.2595555713280553	-11.52335906142552	0.3203078834890201	-13.22987301579153
187276460368052.1	0.01538900113671772	-11.90492748795801	0.2373093950553745	-11.42899946629624	0.2585494474031262	-11.55073685897744	0.3223539942996470	-13.25930148351927
187206152599174.1	0.01525502606353050	-11.92321483455450	0.2361897266384170	-11.45512027946047	0.2575341041692016	-11.57808801910712	0.3243830124328881	-13.28893906466800
187135897600700.5	0.01511927995161824	-11.94119872022406	0.2350578319950678	-11.48119839459711	0.2565095886887614	-11.60541046262217	0.3263928838178417	-13.31877480349474
187065695313242.5	0.01498201025802399	-11.95885640326337	0.2339142704482292	-11.50723032739114	0.2554759777681490	-11.63270202988835	0.3283818582347439	-13.34879820407586
186995545677500.0	0.01484348522003847	-11.97616532521222	0.2327596404490752	-11.53321273219019	0.2544333820349072	-11.65996048971889	0.3303484668816391	-13.37899932531408
186925448634262.2	0.01470399323049750	-11.99310322856197	0.2315945756764457	-11.55914241106971	0.2533819494608807	-11.68718355186658	0.3322914951064728	-13.40936886124567
186855404124406.7	0.01456384213588503	-12.00964828737105	0.2304197411281125	-11.58501632212309	0.2523218681717694	-11.71436888270807	0.3342099508595896	-13.43989820516548
186785412088900.0	0.01442335844947774	-12.02577925185600	0.2292358292227101	-11.61083158697973	0.2512533684131701	-11.74151412358470	0.3361030295644049	-13.47057949641455
186715472468796.8	0.01428288647053420	-12.04147560789344	0.2280435559302220	-11.63658549755243	0.2501767235761855	-11.76861691117585	0.3379700762274791	-13.50140564905256
186645585205240.2	0.01414278729970306	-12.05671775212012	0.2268436569479278	-11.66227552202179	0.2490922502290993	-11.79567489918732	0.3398105457085097	-13.53237036205337
186575750239461.2	0.01400343772361606	-12.07148718075593	0.2256368835955864	-11.68789931736474	0.2480003067554822	-11.82268577992119	0.3416239618452816	-13.56346811782794
186505967512779.0	0.01386522902987708	-12.08576670223281	0.2244239999957229	-11.71345471629835	0.2469012923234167	-11.84964730798155	0.3434098779183527	-13.59469414025727
186436236966600.2	0.01372856561877554	-12.09954065674599	0.2232057789725244	-11.73893974011275	0.2457956434936672	-11.87655732033942	0.3451678368545041	-13.62604435972707
186366558542419.3	0.01359386347881305	-12.11279515170381	0.2219829983410817	-11.76435260684582	0.2446838302542527	-11.90341375520314	0.3468973341569100	-13.65751535967619
186296932181818.2	0.01346154852012175	-12.12551831258605	0.2207564377295606	-11.78969172951242	0.2435663518510936	-11.93021466932695	0.3485977843518560	-13.68910430094988
186227357826465.8	0.01333205472649803	-12.13770054253140	0.2195268753276237	-11.81495571767571	0.2424437318804920	-11.95695825199788	0.3502684912863454	-13.72080883839392
186157835418118.5	0.01320582212724748	-12.14933478842194	0.2182950847701104	-11.84014337832551	0.2413165130424635	-11.98364283565481	0.3519086232115556	-13.75262702847568
186088364898619.2	0.01308329458327410	-12.16041680895546	0.2170618321645798	-11.86525371608206	0.2401852517502537	-12.01026690283025	0.3535171932457418	-13.78455723060221
186018946209898.0	0.01296491738553667	-12.17094543921672	0.2158278732698321	-11.89028593274284	0.2390505127957437	-12.03682908928650	0.3550930456456163	-13.81659800492982
185949579293971.4	0.01285113466861092	-12.18092284523342	0.2145939508315465	-11.91523942619248	0.2379128642669265	-12.06332818337077	0.3566348481373059	-13.84874800949257
185880264092942.3	0.01274238664770765	-12.19035476103761	0.2133607920800838	-11.94011378869943	0.2367728729016392	-12.08976312176992	0.3581410903733938	-13.88100589941935
185811000549000.1	0.01263910669402935	-12.19925069996303	0.2121291063941872	-11.96490880462150	0.2356311000420286	-12.11613298202321	0.3596100883979350	-13.91337023086245
185741788604420.2	0.01254171826465920	-12.20762412985796	0.2108995830066667	-11.98962445365961	0.2344880980602979	-12.14243697196399	0.3610399951251623	-13.94583937812819
185672628201563.9	0.01245063174117305	-12.21549260838172	0.2096728892574972	-12.01426089732113	0.2333444083572498	-12.16867441794257	0.3624288154121851	-13.97841144380586
185603519282878.4	0.01236624118974827	-12.22287786399836	0.2084496688249519	-12.03881846912937	0.2322005600672038	-12.19484475127257	0.3637744256098345	-14.01108418401348
185534461790896.7	0.01228892107548303	-12.22980581017350	0.2072305397084935	-12.06329768802291	0.2310570686758804	-12.22094749300443	0.3650745984547380	-14.04385496960000
185465455668237.1	0.01221902303311078	-12.23630649653088	0.2060160929188544	-12.08769924568873	0.2299144367069557	-12.24698224031743	0.3663270298129840	-14.07672073494406
185396500857603.2	0.01215687271969806	-12.24241398311892	0.2048068911558124	-12.11202400133508	0.2287731549362289	-12.27294865362657	0.3675293679513562	-14.10967794820826
185327597301784.0	0.01210276682303676	-12.24816613590904	0.2036034676483784	-12.13627297608597	0.2276337043889025	-12.29884644570970	0.3686792440784725	-14.14272259525359
185258744943653.3	0.01205697029377465	-12.25360434226763	0.2024063251531985	-12.16044734703468	0.2264965589910512	-12.32467537362442	0.3697743032254717	-14.17585017682032
185189943726169.8	0.01201971386911530	-12.25877314813581	0.2012159351061476	-12.18454844098990	0.2253621887118869	-12.35043523411133	0.3708122345627715	-14.20905571819447
185121193592377.2	0.01199119195285225	-12.26371982183020	0.2000327369212983	-12.20857772794777	0.2242310630075854	-12.37612586306126	0.3717908003050450	-14.24233379023486
185052494485403.3	0.01197156091059298	-12.26849385255609	0.1988571374308647	-12.23253681432465	0.2231036543604415	-12.40174713946106	0.3727078624379256	-14.27567854034181
184983846348460.5	0.01196093782711605	-12.27314639390778	0.1976895104576233	-12.25642744108052	0.2219804414837674	-12.42729899393190	0.3735614072267615	-14.30908373661102
184915249124845.5	0.01195939977167056	-12.27772966843391	0.1965301965545430	-12.28025147290918	0.2208619125500535	-12.45278142228401	0.3743495654040390	-14.34254280985330
184846702757939.0	0.01196698359748651	-12.28229634960062	0.1953795027768645	-12.30401087168273	0.2197485685099121	-12.47819450392934	0.3750706263459867	-14.37604888549696
184778207191205.6	0.01198368625012470	-12.28689892844716	0.1942377026007307	-12.32770771817591	0.2186409236427148	-12.50353842351825	0.3757230543076160	-14.40959486435539
184709762368193.6	0.01200946562540554	-12.29158909637517	0.1931050359811384	-12.35134419327384	0.2175395068614971	-12.52881349723234	0.3763054956472436	-14.44317346493287
184641368232535.2	0.01204424192413184	-12.29641715254293	0.1919817094812816	-12.37492257041637	0.2164448614711773	-12.55402020176477	0.3768167832636465	-14.47677727528043
184573024727945.8	0.01208789947146957	-12.30143145326953	0.1908678964888785	-12.39844520800128	0.2153575437412401	-12.57915920536370	0.3772559371253979	-14.51039880166743
184504731798224.0	0.01214028894958234	-12.30667791691038	0.1897637375114521	-12.42191454176704	0.2142781202262886	-12.60423139989947	0.3776221612212637	-14.54403051245191
184436489387251.9	0.01220122998188235	-12.31219959498809	0.1886693405428255	-12.44533307717188	0.2132071638121105	-12.62923793280482	0.3779148373838615	-14.57766487575425
184368297438994.3	0.01227051399996845	-12.31803631731818	0.1875847814934186	-12.46870338178361	0.2121452485119992	-12.65418023766690	0.3781335165446032	-14.61129438979934
184300155897499.1	0.01234790732023667	-12.32422441566201	0.1865101046798305	-12.49202807785307	0.2110929430796959	-12.67906006222553	0.3782779080911097	-14.64491160522062
184232064706896.6	0.01243315434642515	-12.33079652550758	0.1854453236850256	-12.51530985295810	0.2100508028014607	-12.70387949241166	0.3783478712412297	-14.67850915384642
184164023811399.7	0.01252598087648822	-12.33778147366858	0.1843904210191527	-12.53855139722473	0.2090193634931030	-12.72864097195940	0.3783433929196265	-14.71207970618837
184096033155304.0	0.01262609734658694	-12.34520422871777	0.1833453496006726	-12.56175545113252	0.2079991301421960	-12.75334731507432	0.3782645852391295	-14.74561601487003
184028092682986.8	0.01273320205089816	-12.35308592733792	0.1823100331421591	-12.58492477970852	0.2069905681889189	-12.77800171274989	0.3781116712655836	-14.77911088620942
183960202338908.0	0.01284698423508964	-12.36144395910966	0.1812843668322295	-12.60806216514106	0.2059940938279951	-12.80260773123068	0.3778849755940340	-14.81255716033438
183892362067609.1	0.01296712702978000	-12.37029210301989	0.1802682180427704	-12.63117039943734	0.2050100643815410	-12.82716930226797	0.3775849172191929	-14.84594768497138
183824571813713.5	0.01309331018920733	-12.37964070650905	0.1792614270584235	-12.65425227711971	0.2040387690228090	-12.85169070491336	0.3772120052163358	-14.87927528430413
183756831521926.1	0.01322521260969039	-12.38949689782631	0.1782638078259490	-12.67731058795731	0.2030804201306272	-12.87617653884819	0.3767668376320308	-14.91253272453780
183689141137033.4	0.01336251461101379	-12.39986482279885	0.1772751487217158	-12.70034810972772	0.2021351455426529	-12.90063168951839	0.3762501038501138	-14.94571267799466
183621500603903.3	0.01350489996528442	-12.41074589724741	0.1762952135745298	-12.72336760859424	0.2012029816174489	-12.92506128559198	0.3756625921571404	-14.97880769298202
183553909867484.7	0.01365205768981350	-12.42213906933942	0.1753237422102946	-12.74637182240499	0.2002838684065026	-12.94947064964242	0.3750051973277450	-15.01181015379122
183486368872807.6	0.01380368360177046	-12.43404108449279	0.1743604506770938	-12.76936343671209	0.1993776466969111	-12.97386524311855	0.3742789298290103	-15.04471224156660
183418877564982.8	0.01395948159744429	-12.44644674384662	0.1734050330780320	-12.79234510931438	0.1984840545908818	-12.99825060637917	0.3734849384308738	-15.07750593469130
183351435889202.1	0.01411916473986640	-12.45934915810003	0.1724571620337326	-12.81531945007141	0.1976027278111191	-13.02263229581583	0.3726245259034654	-15.11018298642022
183284043790737.6	0.01428245612515574	-12.47273998922543	0.1715164895532864	-12.83828901372902	0.1967332012313658	-13.04701581921505	0.3716991693118951	-15.14273492207173
183216701214941.8	0.01444908955373872	-12.48660967836360	0.1705826479259943	-12.86125629274600	0.1958749121874489	-13.07140657098557	0.3707105414449622	-15.17515304801259
183149408107247.8	0.01461881002344293	-12.50094765808668	0.1696552506358707	-12.88422371012038	0.1950272054985111	-13.09580976882423	0.3696605325318919	-15.20742847366440
183082164413168.5	0.01479137406194378	-12.51574254790235	0.1687338933009799	-12.90719361221710	0.1941893400793133	-13.12023039334288	0.3685512713305909	-15.23955214742737
183014970078297.0	0.01496654991006297	-12.53098233214231	0.1678181549061870	-12.93016826755901	0.1933604967105091	-13.14467313196169	0.3673851459970903	-15.27151491008877
182947825048306.3	0.01514411758534833	-12.54665452089178	0.1669075987810239	-12.95314985833859	0.1925397873619186	-13.16914232853986	0.3661648207553873	-15.30330755842195
182880729268948.7	0.01532386886910708	-12.56274629532392	0.1660017721586742	-12.97614044175229	0.1917262668946457	-13.19364194037111	0.3648932420273814	-15.33492090903746
182813682686056.5	0.01550560712092504	-12.57924463274648	0.1651002091622200	-12.99914198611893	0.1909189420910422	-13.21817550139958	0.3635736573821581	-15.36634591317045
182746685245541.2	0.01568914707310101	-12.59613641910147	0.1642024311955789	-13.02215634749895	0.1901167838555885	-13.24274609465596	0.3622096155971982	-15.39757375271046
182679736893393.6	0.01587431454184168	-12.61340854589547	0.1633079480773877	-13.04518526269012	0.1893187388659555	-13.26735633296852	0.3608049645090371	-15.42859595539761
182612837575683.6	0.01606094608281931	-12.63104799348294	0.1624162592135620	-13.06823034229340	0.1885237411389180	-13.29200834832784	0.3593638423611855	-15.45940451831416
182545987238560.1	0.01624888860203425	-12.64904190179906	0.1615268548096476	-13.09129306386896	0.1877307232520973	-13.31670378972878	0.3578906622494940	-15.48999203707633
182479185828250.8	0.01643799893173822	-12.66737762965160	0.1606392171236750	-13.11437476520288	0.1869386269826049	-13.34144382907372	0.3563900894522412	-15.52035183774191
182412433291062.1	0.01662814336026668	-12.68604280301719	0.1597528226143746	-13.13747665246534	0.1861464124619223	-13.36622917398338	0.3548670151010368	-15.55047811261676
182345729573378.8	0.01681919720725544	-12.70502535626672	0.1588671412983174	-13.16059975862648	0.1853530686724671	-13.39106008897139	0.3533265112182247	-15.58036603572278
182279074621664.4	0.01701104432137127	-12.72431356276288	0.1579816390067510	-13.18374495414204	0.1845576204100549	-13.41593642063077	0.3517737915090032	-15.61001188874141
182212468382460.4	0.01720357657476182	-12.74389605838372	0.1570957795445487	-13.20691295325084	0.1837591342348343	-13.44085762735777	0.3502141652391199	-15.63941317165764
182145910802386.4	0.01739669338418496	-12.76376185953384	0.1562090256323646	-13.23010429911167	0.1829567241356299	-13.46582281332025	0.3486529811221941	-15.66856869152380
182079401828140.3	0.01759030122342581	-12.78390037512781	0.1553208403906057	-13.25331935816818	0.1821495554795743	-13.49083076435949	0.3470955694114348	-15.69747863491675
182012941406497.2	0.01778431314209734	-12.80430141369384	0.1544306888552751	-13.27655831477376	0.1813368476851479	-13.51587998495947	0.3455471813268251	-15.72614461780222
181946529484310.4	0.01797864829389706	-12.82495518627566	0.1535380395224707	-13.29982116609598	0.1805178756775094	-13.54096873515240	0.3440129272061780	-15.75456970993036
181880166008510.7	0.01817323146285601	-12.84585230537055	0.1526423665487038	-13.32310772638725	0.1796919697974234	-13.56609506578213	0.3424977169528007	-15.78275843248164
181813850926106.0	0.01836799263468640	-12.86698378168461	0.1517431506057582	-13.34641761122921	0.1788585156551290	-13.59125685278983	0.3410061975695909	-15.81071672336590
181747584184181.8	0.01856286660057412	-12.88834101871628	0.1508398789886294	-13.36975021294921	0.1780169535438302	-13.61645182943395	0.3395426920737233	-15.83845187371333
181681365729900.4	0.01875779248578504	-12.90991580280216	0.1499320499113549	-13.39310473527964	0.1771667744232725	-13.64167761137767	0.3381111567437710	-15.86597243977847
181615195510501.4	0.01895271338029149	-12.93170029370929	0.1490191730542660	-13.41648017414071	0.1763075178952588	-13.66693172092412	0.3367151323124366	-15.89328812017962
181549073473301.0	0.01914757596506157	-12.95368701320776	0.1481007711872739	-13.43987531459788	0.1754387690954697	-13.69221160604622	0.3353577064851684	-15.92040960916406
181482999565692.1	0.01934233015820974	-12.97586883258230	0.1471763817873800	-13.46328872820739	0.1745601554066003	-13.71751465497640	0.3340414852749600	-15.94734842707817
181416973735144.3	0.01953692878138857	-12.99823895935050	0.1462455586442318	-13.48671877075987	0.1736713431578913	-13.74283820639660	0.3327685740359141	-15.97411673225172
181350995929203.5	0.01973132722660400	-13.02079092294543	0.1453078743808404	-13.51016359193213	0.1727720339399519	-13.76817955446407	0.3315405712711215	-16.00072711822070
181285066095492.0	0.01992548319817265	-13.04351856134377	0.1443629204353785	-13.53362111371474	0.1718619626372445	-13.79353595250391	0.3303585661605397	-16.02719240493712
181219184181708.1	0.02011935645673955	-13.06641600703387	0.1434103078147444	-13.55708902087040	0.1709408952965530	-13.81890461269415	0.3292231493716716	-16.05352542938868
181153350135626.1	0.02031290851180156	-13.08947767129220	0.1424496711525004	-13.58056479177293	0.1700086256538041	-13.84428269940018	0.3281344425361570	-16.07973883494025
181087563905096.3	0.02050610241375810	-13.11269823044066	0.1414806690197409	-13.60404568394444	0.1690649742679208	-13.86966732421512	0.3270921274349961	-16.10584487502048
181021825438044.6	0.02069890254041047	-13.13607261171338	0.1405029853241056	-13.62752873429794	0.1681097875567840	-13.89505553847132	0.3260954868618228	-16.13185523185933
180956134682472.5	0.02089127440195141	-13.15959597941262	0.1395163306518135	-13.65101075980136	0.1671429373895110	-13.92044432512656	0.3251434528302202	-16.15778085643627
180890491586457.1	0.02108318446377329	-13.18326372142770	0.1385204435465200	-13.67448835856160	0.1661643212099646	-13.94583059077881	0.3242346606694929	-16.18363183407755
180824896098150.6	0.02127459994439581	-13.20707143526223	0.1375150937370806	-13.69795793318004	0.1651738616847325	-13.97121115611844	0.3233675116239221	-16.20941727273822
180759348165780.6	0.02146548878737829	-13.23101491799720	0.1365000777168347	-13.72141563180562	0.1641715103958464	-13.99658275688528	0.3225402217817603	-16.23514524620736
180693847737649.5	0.02165581943587678	-13.25509015206641	0.1354752244296950	-13.74485740198574	0.1631572468956471	-14.02194203499071	0.3217508939697218	-16.26082274054807
180628394762134.8	0.02184556073276505	-13.27929329403941	0.1344403955672699	-13.76827898556026	0.1621310806075632	-14.04728553837937	0.3209975767015850	-16.28645564800241
180562989187688.6	0.02203468182928781	-13.30362066383700	0.1333954860233373	-13.79167591716932	0.1610930526817134	-14.07260972362838	0.3202783210921416	-16.31204879311931
180497630962837.8	0.02222315209738556	-13.32806873431612	0.1323404246762123	-13.81504352782040	0.1600432376256129	-14.09791096130233	0.3195912343433564	-16.33760598797639
180432320036183.8	0.02241094105375626	-13.35263412142568	0.1312751750714579	-13.83837694886420	0.1589817447962439	-14.12318554467501	0.3189345274657313	-16.36313011486973
180367056356402.3	0.02259801826933969	-13.37731357440270	0.1301997372819496	-13.86167112900239	0.1579087191152402	-14.14842970007256	0.3183065581747303	-16.38862322681140
180301839872243.0	0.02278435336113455	-13.40210396805636	0.1291141460482764	-13.88492081563043	0.1568243429371932	-14.17363960517581	0.3177058595523505	-16.41408668349465
180236670532530.2	0.02296991595766634	-13.42700229484080	0.1280184705154055	-13.90812055469579	0.1557288366731433	-14.19881140814746	0.3171311635441233	-16.43952129584222
180171548286161.7	0.02315467559888142	-13.45200565594995	0.1269128175998837	-13.93126472691128	0.1546224574183781	-14.22394124408968	0.3165814212500093	-16.46492746104802
180106473082109.3	0.02333860173426879	-13.47711125483678	0.1257973306797249	-13.95434753941136	0.1535054988610804	-14.24902525957827	0.3160558063592478	-16.49030532278302
180041444869418.7	0.02352166369833557	-13.50231639062563	0.1246721896099472	-13.97736303223232	0.1523782899613601	-14.27405963666298	0.3155537120757239	-16.51565492361734
179976463597208.9	0.02370383069164572	-13.52761845200534	0.1235376106190379	-14.00030508522954	0.1512411929900403	-14.29904061754769	0.3150747394676230	-16.54097635092925
179911529214672.3	0.02388507174677965	-13.55301491118487	0.1223938471259514	-14.02316743493114	0.1500946005699647	-14.32396452767335	0.3146186792827348	-16.56626986536977
179846641671074.8	0.02406535573999697	-13.57850331912088	0.1212411882760288	-14.04594367179315	0.1489389329088325	-14.34882780110456	0.3141854838117080	-16.59153602558127
179781800915755.3	0.02424465143828073	-13.60408130175299	0.1200799556424761	-14.06862722322424	0.1477746350129185	-14.37362700701587	0.3137752312679203	-16.61677580496875
179717006898125.9	0.02442292740207264	-13.62974655371958	0.1189105074953913	-14.09121140660835	0.1466021707686409	-14.39835886241061	0.3133880952510623	-16.64199063992961
179652259567671.5	0.02460015202097163	-13.65549683502624	0.1177332361476778	-14.11368942064527	0.1454220190567148	-14.42302025176246	0.3130243022346850	-16.66718249264342
179587558873949.6	0.02477629351339957	-13.68132996728605	0.1165485671266590	-14.13605435511459	0.1442346688944612	-14.44760824014471	0.3126840900764251	-16.69235387645812
179522904766590.7	0.02495131992736320	-13.70724383025571	0.1153569582269648	-14.15829920115797	0.1430406144264039	-14.47212008212043	0.3123676664639286	-16.71750785443308
179458297195297.5	0.02512519911561642	-13.73323635815472	0.1141588998626319	-14.18041687424975	0.1418403494630987	-14.49655322367638	0.3120751701203540	-16.74264800178759
179393736109845.3	0.02529789878235963	-13.75930553756815	0.1129549114804499	-14.20240020460163	0.1406343633106763	-14.52090530521797	0.3118066311133237	-16.76777836881848
179329221460081.5	0.02546938650741665	-13.78544940510375	0.1117455390338581	-14.22424193896254	0.1394231364022503	-14.54517415772114	0.3115619370804587	-16.79290341451400
179264753195925.7	0.02563962967289675	-13.81166604346863	0.1105313576052533	-14.24593478754544	0.1382071347612598	-14.56935778510353	0.3113408092882437	-16.81802788329931
179200331267369.5	0.02580859549764673	-13.83795357973065	0.1093129681011754	-14.26747142152322	0.1369868067073361	-14.59345435084148	0.3111427796019758	-16.84315670534912
179135955624476.1	0.02597625103740181	-13.86431018309571	0.1080909956426861	-14.28884448664019	0.1357625795906828	-14.61746215695519	0.3109671763111972	-16.86829487299449
179071626217380.9	0.02614256318410791	-13.89073406281056	0.1068660878576447	-14.31004661739224	0.1345348571986122	-14.64137961864195	0.3108131175422117	-16.89344730993294
179007342996290.6	0.02630749861946887	-13.91722346541295	0.1056389155438902	-14.33107047204243	0.1333040172700310	-14.66520523084961	0.3106795139015697	-16.91861871926872
178943105911483.3	0.02647102393005861	-13.94377667484188	0.1044101643429808	-14.35190869474135	0.1320704121243657	-14.68893754712054	0.3105650734589711	-16.94381350164213
178878914913308.6	0.02663310552071652	-13.97039200914438	0.1031805373180604	-14.37255396921223	0.1308343671786834	-14.71257513742535	0.3104683213411943	-16.96903559843257
178814769952187.4	0.02679370960419730	-13.99706781860883	0.1019507532564252	-14.39299903779106	0.1295961814494974	-14.73611655165434	0.3103876230511457	-16.99428837733500
178750670978611.6	0.02695280221330403	-14.02380248431537	0.1007215436236936	-14.41323671055307	0.1283561291563368	-14.75956028500288	0.3103212132814546	-17.01957454386245
178686617943143.8	0.02711034919548387	-14.05059441642231	0.09949365038346061	-14.43325988253430	0.1271144618251165	-14.78290474237972	0.3102672303919074	-17.04489606502722
178622610796417.9	0.02726631619489786	-14.07744205228430	0.09826782442591332	-14.45306155666614	0.1258714109174930	-14.80614820321128	0.3102237549907111	-17.07025410939923
178558649489138.2	0.02742066863067400	-14.10434385454438	0.09704482414302088	-14.47263486849336	0.1246271910235047	-14.82928878840885	0.3101888509954373	-17.09564900892726
178494733972079.7	0.02757337181034729	-14.13129831121975	0.09582540657066127	-14.49197305175230	0.1233820051294898	-14.85232444470066	0.3101606064402381	-17.12108030718069
178430864196087.8	0.02772439078100091	-14.15830393181792	0.09461033289449095	-14.51106951986634	0.1221360470487606	-14.87525290665911	0.3101371779214909	-17.14654671378479
178367040112078.2	0.02787369037563171	-14.18535924641308	0.09340036325388923	-14.52991786136054	0.1208895064809112	-14.89807168347624	0.3101168304104929	-17.17204617069720
178303261671037.0	0.02802123520880368	-14.21246280390621	0.09219625437180500	-14.54851185805953	0.1196425735052757	-14.92077804621589	0.3100979751883882	-17.19757591836588
178239528824020.0	0.02816698967338510	-14.23961317026317	0.09099875718939829	-14.56684550306952	0.1183954430138612	-14.94336902116179	0.3100792037651461	-17.22313258271922
178175841522153.4	0.02831091788430256	-14.26680892602026	0.08980861742804100	-14.58491304168951	0.1171483183969426	-14.96584138375534	0.3100593164348461	-17.24871225478352
178112199716632.9	0.02845298382858207	-14.29404866646138	0.08862656519266801	-14.60270892392718	0.1159014169901990	-14.98819168061447	0.3100373454613025	-17.27431068097297
178048603358724.1	0.02859315124195033	-14.32133099808326	0.08745331946049528	-14.62022787501654	0.1146549721878964	-15.01041622880076	0.3100125711741251	-17.29992333584714
177985052399762.1	0.02873138363015226	-14.34865453698803	0.08628958491911680	-14.63746490345354	0.1134092365235887	-15.03251113603226	0.3099845305696967	-17.32554556842068
177921546791151.3	0.02886764428782728	-14.37601790716498	0.08513604916166091	-14.65441531028508	0.1121644840192626	-15.05447232593378	0.3099530185638752	-17.35117274935495
177858086484365.8	0.02900189630807693	-14.40341973859171	0.08399338062277090	-14.67107470241283	0.1109210116821836	-15.07629556684888	0.3099180815947680	-17.37680041128743
177794671430948.4	0.02913410255378010	-14.43085866485710	0.08286222873861490	-14.68743902165801	0.1096791398863926	-15.09797650021449	0.3098800028760865	-17.40242436448448
177731301582511.6	0.02926422576887989	-14.45833332234630	0.08174321717199452	-14.70350451533792	0.1084392131148160	-15.11951068667514	0.3098392832170138	-17.42804086689543
177667976890736.4	0.02939222856024362	-14.48584234783703	0.08063694411069107	-14.71926776081202	0.1072015987188813	-15.14089363992045	0.3097966133501415	-17.45364671858816
177604697307372.7	0.02951807337721183	-14.51338437610302	0.07954398293919529	-14.73472569018444	0.1059666849282237	-15.16212086057112	0.3097528397950644	-17.47923933681756
177541462784239.3	0.02964172256745019	-14.54095803833241	0.07846487936512571	-14.74987558287212	0.1047348787283582	-15.18318787744854	0.3097089276711337	-17.50481684520438
177478273273223.4	0.02976313840879433	-14.56856196023862	0.07740015018011764	-14.76471506765992	0.1035066028499137	-15.20409028411511	0.3096659194302353	-17.53037812763721
177415128726280.9	0.02988228310801711	-14.59619475982870	0.07635028402061400	-14.77924213739100	0.1022822919584637	-15.22482376844268	0.3096248898975940	-17.55592284146037
177352029095435.7	0.02999911891682726	-14.62385504633370	0.07531573680994166	-14.79345511556557	0.1010623891739899	-15.24538415022537	0.3095869042292003	-17.58145145692406
177288974332780.3	0.03011360817438592	-14.65154141835218	0.07429693134582724	-14.80735265236619	0.09984734168571256	-15.26576740508166	0.3095529740876406	-17.60696523512378
177225964390475.1	0.03022571328605275	-14.67925246142136	0.07329426031058037	-14.82093374515132	0.09863759580128854	-15.28596967477107	0.3095240124678563	-17.63246615103885
177162999220748.5	0.03033539681353003	-14.70698674668943	0.07230808433632907	-14.83419771339717	0.09743359266829223	-15.30598728197925	0.3095007955396393	-17.65795684112656
177100078775896.8	0.03044262153385166	-14.73474282929511	0.07133873206264647	-14.84714418563961	0.09623576386992168	-15.32581673352832	0.3094839275358853	-17.68344051303467
177037203008284.0	0.03054735045989164	-14.76251924644289	0.07038650238098734	-14.85977310087757	0.09504452706664339	-15.34545471088433	0.3094738088368959	-17.70892081820080
176974371870341.9	0.03064954700205226	-14.79031451677701	0.06945166069029451	-14.87208465421288	0.09386028276793505	-15.36489806698326	0.3094706170801284	-17.73440176729140
176911585314569.6	0.03074917501673876	-14.81812713876679	0.06853444088694562	-14.88407928703577	0.09268341096356399	-15.38414380225698	0.3094742900790723	-17.75988758249680
176848843293533.5	0.03084619882185740	-14.84595558889668	0.06763504913581192	-14.89575768967129	0.09151426827148174	-15.40318902899239	0.3094845138915173	-17.78538252794936
176786145759867.7	0.03094058331174292	-14.87379832079720	0.06675366358740831	-14.90712076556398	0.09035318631055272	-15.42203093869038	0.3095007236812277	-17.81089077742018
176723492666272.9	0.03103229404159203	-14.90165376418012	0.06589043589565546	-14.91816960810542	0.08920047070327758	-15.44066675955699	0.3095221108562231	-17.83641626897230
176660883965517.3	0.03112129725641850	-14.92952032339967	0.06504549542022955	-14.92890549963960	0.08805640071075677	-15.45909370282443	0.3095476342301271	-17.86196254299930
176598319610435.6	0.03120756013569936	-14.95739637791334	0.06421894470449718	-14.93932982952796	0.08692123059034268	-15.47730892766541	0.3095760516166136	-17.88753267367009
176535799553929.7	0.03129105078100175	-14.98528028068992	0.06341086620798654	-14.94944411260276	0.08579519074535442	-15.49530947688877	0.3096059424359301	-17.91312911185658
176473323748967.8	0.03137173830271788	-15.01317035757384	0.06262132499304191	-14.95924997178202	0.08467849014632960	-15.51309222263570	0.3096357415060221	-17.93875358547473
176410892148584.9	0.03144959294223665	-15.04106490706762	0.06185037022524879	-14.96874911022759	0.08357131963748958	-15.53065381711895	0.3096637796278821	-17.96440703207288
176348504705882.4	0.03152458617332100	-15.06896220006863	0.06109803775644204	-14.97794329487678	0.08247385582534562	-15.54799064464400	0.3096883263867818	-17.99008954586589
