214137470000000.0	0.04257175785307382	1.015135625836152	0.3597529715897896	-1.438734826170365	0.4033202527399357	-1.269027432098153	0.3500445393862217	-2.245446963958199
214045552356560.3	0.04189112041891355	0.9836292610239021	0.3592970867134196	-1.472380240183310	0.4025198131626838	-1.304865675263944	0.3504652038334920	-2.283776845379546
213953713589816.9	0.04121688648109019	0.9523143651905717	0.3588533605603747	-1.505830555463426	0.4017238308711643	-1.340532415159046	0.3508502684216954	-2.322327743894902
213861953598284.4	0.04054896205087934	0.9211880115922977	0.3584257736185434	-1.539089599185621	0.4009365470602218	-1.376029199712744	0.3511870304830401	-2.361089184854542
213770272280651.6	0.03988722985122448	0.8902476743572731	0.3580181805158977	-1.572162159922278	0.4001621442876924	-1.411358618840392	0.3514630453891168	-2.400045345694161
213678669535780.6	0.03923155257709477	0.8594913175010392	0.3576342761610855	-1.605053962116311	0.3994046981634474	-1.446524304287851	0.3516664174472267	-2.439175149441599
213587145262707.0	0.03858177645452153	0.8289174801070969	0.3572775641005531	-1.637771629513021	0.3986681314980873	-1.481530915252382	0.3517860862428828	-2.478452450493404
213495699360639.3	0.03793773526070245	0.7985253539420851	0.3569513297077802	-1.670322637928358	0.3979561742730050	-1.516384113807725	0.3518121003332140	-2.517846298609977
213404331728958.6	0.03729925360891295	0.7683148656729970	0.3566586069221048	-1.702715252813509	0.3972723152631393	-1.551090514742877	0.3517358865328527	-2.557321328382320
213313042267218.0	0.03666615093719271	0.7382867455469951	0.3564021543298995	-1.734958459322254	0.3966197652505255	-1.585657630959595	0.3515504938642681	-2.596838191647313
213221830875142.5	0.03603824517748999	0.7084425928289623	0.3561844310236715	-1.767061880966900	0.3960014195843711	-1.620093802216740	0.3512508187517093	-2.636354076893581
213130697452628.6	0.03541535667088871	0.6787849299242217	0.3560075788962953	-1.799035689875257	0.3954198281865008	-1.654408117481951	0.3508338002877383	-2.675823286107887
213039641899743.7	0.03479731184462248	0.6493172495790061	0.3558734072579312	-1.830890508254080	0.3948771676433775	-1.688610325578003	0.3502985871627152	-2.715197886047386
212948664116726.0	0.03418394630512344	0.6200440585607336	0.3557833771613306	-1.862637302936783	0.3943752121916883	-1.722710729297663	0.3496466771919948	-2.754428436127619
212857764003984.1	0.03357510817476037	0.5909709067575156	0.3557385943791750	-1.894287275764394	0.3939153143381391	-1.756720078470461	0.3488820147761823	-2.793464766649357
212766941462096.4	0.03297066089182698	0.5621044105996907	0.3557398037819183	-1.925851750419786	0.3934983862770728	-1.790649450560988	0.3480110526025871	-2.832256829830869
212676196391811.2	0.03237048609470368	0.5334522621902134	0.3557873916921344	-1.957342057556287	0.3931248899693138	-1.824510131489876	0.3470427654351589	-2.870755609354126
212585528694045.7	0.03177448593789359	0.5050232320737073	0.3558813900807620	-1.988769419906854	0.3927948287774929	-1.858313486536111	0.3459886212096613	-2.908914100313755
212494938269886.3	0.03118258475743387	0.4768271671405699	0.3560214821127634	-2.020144840259287	0.3925077406736328	-1.892070820304736	0.3448625074304307	-2.946688348689011
212404425020587.8	0.03059473076608932	0.4488749742590214	0.3562070157203402	-2.051478992974077	0.3922627011244625	-1.925793240642044	0.3436805999499865	-2.984038534688453
212313988847573.1	0.03001089711161674	0.4211785989952412	0.3564370186735031	-2.082782121597196	0.3920583287307785	-1.959491515287160	0.3424611807442419	-3.020930093192505
212223629652433.0	0.02943108280415379	0.3937509923711435	0.3567102198534459	-2.114063942894616	0.3918927995318152	-1.993175933364221	0.3412243953495124	-3.057334848386493
212133347336925.7	0.02885531321838847	0.3666060701037875	0.3570250735950358	-2.145333559073048	0.3917638670687251	-2.026856167979667	0.3399919531652262	-3.093232137332475
212043141802976.6	0.02828363967452540	0.3397586736137324	0.3573797821384028	-2.176599381995841	0.3916688838359562	-2.060541130706061	0.3387867784751253	-3.128609877258851
211953012952677.8	0.02771613914103801	0.3132245171909167	0.3577723255648069	-2.207869066358331	0.3916048348061099	-2.094238842856647	0.3376325992243439	-3.163465538233771
211862960688287.8	0.02715291334433561	0.2870201336268176	0.3582004919177558	-2.239149455180448	0.3915683757347935	-2.127956310662556	0.3365534886988915	-3.197806965636371
211772984912231.0	0.02659408748850963	0.2611628167462658	0.3586619088325664	-2.270446537612167	0.3915558781749422	-2.161699411032095	0.3355733645976774	-3.231652995099833
211683085527097.8	0.02603980919436996	0.2356705500525707	0.3591540815717783	-2.301765415253830	0.3915634860099622	-2.195472805012949	0.3347154468632171	-3.265033818387269
211593262435643.5	0.02549024602796584	0.2105619550850394	0.3596744218103567	-2.333110287604585	0.3915871683724217	-2.229279842454242	0.3340017121519699	-3.297991004619266
211503515540788.9	0.02494558355216943	0.1858562250428899	0.3602202841995934	-2.364484444931286	0.3916227853992100	-2.263122505321898	0.3334523327074453	-3.330577173704326
211413844745619.0	0.02440602291560759	0.1615730643545891	0.3607890008337986	-2.395890274153736	0.3916661565578501	-2.297001368295851	0.3330851333292683	-3.362855270320337
211324249953383.2	0.02387177803066017	0.1377326374308309	0.3613779133353862	-2.427329277874411	0.3917131308263060	-2.330915578430742	0.3329150864171926	-3.394897423863115
211234731067495.0	0.02334307337011763	0.1143555045338704	0.3619844109837648	-2.458802097207697	0.3917596648913633	-2.364862880558139	0.3329538510544377	-3.426783450158554
211145287991531.4	0.02282014060776039	0.09146259090469565	0.3626059580921527	-2.490308553274045	0.3918018936147667	-2.398839643193083	0.3332094031656122	-3.458598965124609
211055920629232.5	0.02230321574891774	0.06907515491210944	0.3632401246182019	-2.521847693369973	0.3918362037082089	-2.432840925235697	0.3336857505843960	-3.490433238836346
210966628884501.5	0.02179253625619054	0.04721477014754383	0.3638846146740247	-2.553417845120672	0.3918593042868926	-2.466860569417176	0.3343827552356535	-3.522376863105134
210877412661404.0	0.02128833813528645	0.02590332785021371	0.3645372917847636	-2.585016678853005	0.3918682919087086	-2.500891318674494	0.3352960730375971	-3.554519333953581
210788271864168.0	0.02079085325677654	0.005163057019562867	0.3651962025043560	-2.616641275077305	0.3918607098001914	-2.534924959133311	0.3364172120309789	-3.586946674053887
210699206397183.1	0.02030030718519598	-0.01498344332470419	0.3658595999754386	-2.648288193130891	0.3918346006333284	-2.568952493101227	0.3377337035719199	-3.619739222578206
210610216165000.7	0.01981691652166576	-0.03451311840096080	0.3665259577348571	-2.679953553194980	0.3917885448347147	-2.602964309197542	0.3392293945284268	-3.652969624612484
210521301072333.2	0.01934088724587754	-0.05340236271025242	0.3671939861898390	-2.711633114057790	0.3917216920418645	-2.636950384634823	0.3408848269257191	-3.686701184393745
210432461024054.0	0.01887241332872396	-0.07162688660261536	0.3678626444657952	-2.743322354945317	0.3916337794567626	-2.670900493430603	0.3426777005100867	-3.720986589969312
210343695925196.8	0.01841167575048886	-0.08916154139929229	0.3685311480284892	-2.775016560426934	0.3915251369401887	-2.704804417083958	0.3445833983762489	-3.755867036452801
210255005680955.7	0.01795884251856077	-0.1059801254935028	0.3691989767239672	-2.806710899728601	0.3913966810804750	-2.738652168153966	0.3465755481229418	-3.791371789150255
210166390196684.4	0.01751406900389044	-0.1220551370967623	0.3698658763916037	-2.838400510543948	0.3912498941665163	-2.772434199483528	0.3486266096422256	-3.827518107537789
210077849377896.3	0.01707749896622608	-0.1373574828893532	0.3705318566630634	-2.870080583137597	0.3910867902650990	-2.806141601964066	0.3507084663753550	-3.864311507604379
209989383130263.9	0.01664926666334577	-0.1518561629897501	0.3711971880132479	-2.901746438336525	0.3909098705200969	-2.839766295989099	0.3527929986622470	-3.901746340318586
209900991359618.3	0.01622949975668574	-0.1655179187853644	0.3718623949371255	-2.933393604144619	0.3907220670024811	-2.873301201194192	0.3548526299080755	-3.939806600060610
209812673971949.5	0.01581832304992947	-0.1783068452394666	0.3725282450750864	-2.965017891313347	0.3905266766221657	-2.906740378832566	0.3568608340084398	-3.978466899205803
209724430873405.3	0.01541586363508151	-0.1901840171326065	0.3731957396245772	-2.996615456316015	0.3903272886798049	-2.940079160868065	0.3587925877979508	-4.017693610687342
209636261970291.4	0.01502225658468533	-0.2011070794337741	0.3738660965280241	-3.028182868767331	0.3901277046894340	-2.973314232580001	0.3606247739907915	-4.057446037334615
209548167169071.3	0.01463765180859129	-0.2110298576601165	0.3745407322838592	-3.059717171711267	0.3899318551151134	-3.006443685478363	0.3623365215930861	-4.097677624256690
209460146376365.1	0.01426222207675776	-0.2199020180057062	0.3752212427956984	-3.091215933168064	0.3897437151166424	-3.039467039886574	0.3639094810396605	-4.138337186753828
209372199498950.3	0.01389617199049976	-0.2276687931768398	0.3759093815837507	-3.122677292505072	0.3895672210664490	-3.072385229984604	0.3653280351189357	-4.179370107309799
209284326443760.5	0.01353974783952767	-0.2342708084801866	0.3766070353877908	-3.154100002045451	0.3894061903658103	-3.105200550987904	0.3665794452420889	-4.220719478951995
209196527117885.6	0.01319324853592443	-0.2396440961022090	0.3773162008957935	-3.185483454651667	0.3892642472996593	-3.137916582610064	0.3676539303608246	-4.262327227897337
209108801428571.4	0.01285703704529804	-0.2437203081383174	0.3780389580285061	-3.216827708802009	0.3891447561818353	-3.170538074310540	0.3685446850105565	-4.304135145490196
209021149283219.2	0.01253155225200141	-0.2464272072222973	0.3787774413178347	-3.248133508569734	0.3890507642762990	-3.203070800589116	0.3692478363318789	-4.346085835883200
208933570589385.5	0.01221732118334929	-0.2476895585129525	0.3795338127110047	-3.279402289983876	0.3889849561047697	-3.235521402208264	0.3697623405709348	-4.388123617646610
208846065254781.5	0.01191497096551390	-0.2474304870449877	0.3803102332872896	-3.310636180938225	0.3889496199810418	-3.267897208912983	0.3700898249837950	-4.430195337596644
208758633187273.2	0.01162524004056869	-0.2455734091340379	0.3811088347096854	-3.341837993504932	0.3889466276205196	-3.300206051778840	0.3702343785947223	-4.472251098143487
208671274294880.7	0.01134898799317064	-0.2420446444444871	0.3819316908400484	-3.373011208525615	0.3889774271110593	-3.332456072281611	0.3702022965287763	-4.514244893550711
208583988485778.0	0.01108720323461851	-0.2367768605883830	0.3827807928963721	-3.404159942542635	0.3890430481565786	-3.364655545782297	0.3700017840365304	-4.556135198292472
208496775668292.7	0.01084100721224339	-0.2297132725569704	0.3836580198458984	-3.435288924921540	0.3891441206846786	-3.396812694968689	0.3696426277685353	-4.597885361663246
208409635750905.5	0.01061165439235252	-0.2208127789068357	0.3845651142623234	-3.466403454430536	0.3892809038266405	-3.428935534997001	0.3691358404320408	-4.639463955417374
208322568642250.4	0.01040052647333779	-0.2100558834842351	0.3855036585518047	-3.497509352411243	0.3894533245158522	-3.461031736149250	0.3684932889199867	-4.680844981504624
208235574251113.6	0.01020911956412680	-0.1974512369423049	0.3864750529510633	-3.528612909715577	0.3896610236317408	-3.493108512322432	0.3677273152040302	-4.722007948418025
208148652486433.8	0.01003902315013072	-0.1830424475780386	0.3874804949349540	-3.559720830514866	0.3899034078671835	-3.525172536328003	0.3668503596558312	-4.762937797539622
208061803257301.8	0.009891889893466909	-0.1669147056373773	0.3885209628470103	-3.590840163818347	0.3901797036088242	-3.557229892682654	0.3658745999308791	-4.803624722727366
207975026472959.8	0.009769396041594353	-0.1492004507863110	0.3895972001193275	-3.621978237771197	0.3904890122463269	-3.589286055023937	0.3648116135027256	-4.844063813888688
207888322042801.5	0.009673193098875292	-0.1300832880956761	0.3907097016722694	-3.653142593112864	0.3908303642609204	-3.621345892531629	0.3636720741285556	-4.884254551646223
207801689876371.7	0.009604852318171171	-0.1097993350706630	0.3918587043356037	-3.684340909490611	0.3912027686456851	-3.653413708942433	0.3624654946833369	-4.924200196729097
207715129883365.7	0.009565804978897849	-0.08863520461130967	0.3930441795284090	-3.715580932835614	0.3916052567118613	-3.685493304645060	0.3612000230321487	-4.963907055101632
207628641973629.4	0.009557282438021843	-0.06692216343268938	0.3942658287376184	-3.746870402901515	0.3920369183297479	-3.717588059410400	0.3598822983266816	-5.003383649024628
207542226057158.7	0.009580260783754903	-0.04502643034209833	0.3955230812600678	-3.778216984654625	0.3924969298359734	-3.749701029291451	0.3585173711178377	-5.042639808359238
207455882044099.3	0.009635414554232858	-0.02333619780672365	0.3968150965831445	-3.809628192523130	0.3929845701915741	-3.781835059451042	0.3571086965366627	-5.081685765618502
207369609844746.3	0.009723084333893255	-0.002246345356968181	0.3981407673131731	-3.841111327649582	0.3934992287459942	-3.813992895000946	0.3556581906796664	-5.120531201516656
207283409369544.1	0.009843260797492535	0.01785763151362192	0.3994987250990233	-3.872673417418169	0.3940404023745966	-3.846177292265645	0.3541663529580146	-5.159184328394568
207197280529085.8	0.009995586069374268	0.03661486789025747	0.4008873496470570	-3.904321156027475	0.3946076817742292	-3.878391125272439	0.3526324514539331	-5.197651053156477
207111223234113.3	0.01017937157831153	0.05370211537820602	0.4023047796675029	-3.936060851739429	0.3952007287507166	-3.910637479457776	0.3510547611943508	-5.235934229495157
207025237395516.2	0.01039362963135613	0.06884339680502380	0.4037489258723953	-3.967898379769276	0.3958192453190076	-3.942919729005049	0.3494308470539341	-5.274033034720093
206939322924332.6	0.01063711490241354	0.08181580812977433	0.4052174855856794	-3.999839142746199	0.3964629364722322	-3.975241593624302	0.3477578792746953	-5.311942488869734
206853479731747.8	0.01090837125298336	0.09245147988463447	0.4067079595260009	-4.031888033785087	0.3971314670174180	-4.007607173575241	0.3460329740912713	-5.349653155733070
206767707729094.7	0.01120577990326218	0.1006361830417298	0.4082176699507084	-4.064049405212586	0.3978244150284660	-4.040020959387602	0.3442535452958821	-5.387151025821662
206682006827853.0	0.01152760608837834	0.1063053417499569	0.4097437786908892	-4.096327052724900	0.3985412265984236	-4.072487813923575	0.3424176447457404	-5.424417551631023
206596376939649.2	0.01187204086854932	0.1094382796821958	0.4112833072893396	-4.128724197373485	0.3992811693690202	-4.105012931487779	0.3405242947887796	-5.461429906421527
206510817976256.2	0.01223723721389924	0.1100515417871368	0.4128331573591568	-4.161243476323872	0.4000432897087199	-4.137601772128272	0.3385737912982982	-5.498161419469843
206425329849592.9	0.01262133967510422	0.1081919711711747	0.4143901313025477	-4.193886939600154	0.4008263747912308	-4.170259974271939	0.3365679683656592	-5.534582191141493
206339912471724.1	0.01302250774284069	0.1039300520632204	0.4159509531546563	-4.226656052486122	0.4016289212732347	-4.202993248915179	0.3345104146948302	-5.570659876991261
206254565754860.1	0.01343893359328017	0.09735385255194134	0.4175122891002490	-4.259551705978140	0.4024491128114180	-4.235807259635905	0.3324066297991080	-5.606360617040824
206169289611356.1	0.01386885431018592	0.08856375333171206	0.4190707685710438	-4.292574221893172	0.4032848038302878	-4.268707491803554	0.3302641274598434	-5.641650135847243
206084083953712.6	0.01431056070997183	0.07766802265774125	0.4206230036461562	-4.325723375131249	0.4041335168809967	-4.301699117165642	0.3280924550848431	-5.676494911763717
205998948694574.5	0.01476240265505542	0.06477921972642003	0.4221656083364406	-4.358998414610960	0.4049924488877886	-4.334786858578801	0.3259031444927901	-5.710863451209905
205913883746730.9	0.01522279185181598	0.05001136129949052	0.4236952171140456	-4.392398086318037	0.4058584873934511	-4.367974859257914	0.3237095881253578	-5.744727620153515
205828889023115.0	0.01569020292216686	0.03347775561874129	0.4252085023862852	-4.425920660207556	0.4067282371016368	-4.401266561612549	0.3215268379117285	-5.778063986318349
205743964436803.8	0.01616317323897308	0.01528940054239370	0.4267021908896130	-4.459563959440059	0.4075980557131297	-4.434664599857957	0.3193713301349464	-5.810855129828858
205659109901017.3	0.01664030195450729	-0.004446155090302798	0.4281730789078240	-4.493325391456860	0.4084640980245383	-4.468170710060068	0.3172605410386488	-5.843090869965791
205574325329119.1	0.01712024865466853	-0.02562558246929644	0.4296180461973155	-4.527201982598751	0.4093223675925702	-4.501785661719737	0.3152125776466132	-5.874769344312783
205489610634615.4	0.01760173140132092	-0.04815024246460671	0.4310340687867521	-4.561190406156692	0.4101687717143180	-4.535509208243064	0.3132457274978650	-5.905897904896126
205404965731154.7	0.01808352511731113	-0.07192644379310405	0.4324182301475326	-4.595287019095421	0.4109991824990064	-4.569340064798789	0.3113779594644719	-5.936493725711441
205320390532528.1	0.01856445994229592	-0.09686553383106017	0.4337677311218681	-4.629487897634904	0.4118094995179596	-4.603275910617882	0.3096264042267186	-5.966584091068064
205235884952668.4	0.01904341956806701	-0.1228838629651796	0.4350798985076982	-4.663788869760905	0.4125957118262046	-4.637313413793859	0.3080068357197355	-5.996206318503218
205151448905650.0	0.01951933979622872	-0.1499026642828539	0.4363521922363191	-4.698185548474789	0.4133539587281704	-4.671448279757897	0.3065331683650039	-6.025407271167587
205067082305688.8	0.01999120727364497	-0.1778478742581916	0.4375822111976499	-4.732673364224749	0.4140805872341671	-4.705675321105821	0.3052169933304355	-6.054242449405291
204982785067141.7	0.02045805840886083	-0.2066499154570542	0.4387676977461162	-4.767247596281758	0.4147722046502401	-4.739988546492331	0.3040671751096709	-6.082774672600951
204898557104506.2	0.02091897846142398	-0.2362434570673263	0.4399065409312249	-4.801903402843448	0.4154257249276071	-4.774381265831494	0.3030895281625671	-6.111072389669179
204814398332420.6	0.02137310090307449	-0.2665671711911536	0.4409967786769978	-4.836635852614360	0.4160384082625422	-4.808846211680249	0.3022865857507665	-6.139207678494881
204730308665663.1	0.02181960645160101	-0.2975634624567914	0.4420365981684841	-4.871439943012631	0.4166078897202091	-4.843375658717031	0.3016574969635597	-6.167254050039267
204646288019151.8	0.02225772293519301	-0.3291782385045144	0.4430243360231553	-4.906310634391157	0.4171322029976545	-4.877961566695934	0.3011980126553771	-6.195284109429518
204562336307944.8	0.02268672476868280	-0.3613606645159209	0.4439584769187223	-4.941242870616776	0.4176097920739134	-4.912595715064700	0.3009006083591311	-6.223367245906413
204478453447238.9	0.02310593262358669	-0.3940629346044690	0.4448376514046559	-4.976231600677926	0.4180395141317672	-4.947269839513446	0.3007547167378800	-6.251567438449281
204394639352370.5	0.02351471315094918	-0.4272400559367172	0.4456606328671088	-5.011271798383079	0.4184206332320792	-4.981975764490663	0.3007470640945099	-6.279941288070258
204310893938814.5	0.02391247873575427	-0.4608496464344392	0.4464263337342331	-5.046358480094519	0.4187528051641636	-5.016705528540766	0.3008620962628013	-6.308536363838885
204227217122184.3	0.02429868726461261	-0.4948517464170693	0.4471338010123975	-5.081486720488734	0.4190360541362134	-5.051451499642300	0.3010824755849544	-6.337389925702094
204143608818231.4	0.02467284188974353	-0.5292086441323681	0.4477822112450834	-5.116651666350768	0.4192707421789617	-5.086206478072320	0.3013896284627910	-6.366528060517447
204060068942845.4	0.02503449081698859	-0.5638847191352453	0.4483708652295987	-5.151848550099502	0.4194575324974250	-5.120963787342247	0.3017643191145690	-6.395965240646341
203976597412053.4	0.02538322689971327	-0.5988462835109264	0.4488991815079099	-5.187072695359508	0.4195973470348745	-5.155717339785084	0.3021872424234524	-6.425704296003696
203893194142019.9	0.02571868739472839	-0.6340614536140308	0.4493666904924480	-5.222319527971240	0.4196913212669770	-5.190461695445022	0.3026395927748438	-6.455736758888151
203809859049046.3	0.02604055358432399	-0.6695000278954554	0.4497730281347122	-5.257584582782595	0.4197407561596864	-5.225192099830391	0.3031036085820617	-6.486043544894926
203726592049571.0	0.02634855030473855	-0.7051333724149533	0.4501179292618526	-5.292863507423818	0.4197470689635880	-5.259904501318520	0.3035630761254011	-6.516595915247565
203643393060168.8	0.02664244542386618	-0.7409343185931219	0.4504012209730480	-5.328152065190599	0.4197117443983531	-5.294595551769782	0.3040037771434013	-6.547356665698654
203560261997550.7	0.02692204924104862	-0.7768770705887175	0.4506228160727173	-5.363446136361089	0.4196362874100542	-5.329262589953407	0.3044138723964815	-6.578281490315773
203477198778563.6	0.02718721380367145	-0.8129371216058146	0.4507827066159656	-5.398741718037196	0.4195221786824326	-5.363903608948340	0.3047842145458838	-6.609320472667669
203394203320190.3	0.02743783213656279	-0.8490911784856322	0.4508809576369272	-5.434034922614999	0.4193708339526826	-5.398517209074011	0.3051085858514486	-6.640419662983995
203311275539548.8	0.02767383738117960	-0.8853170939552715	0.4509177011252656	-5.469321974990361	0.4191835680273733	-5.433102538221884	0.3053838580071575	-6.671522706104821
203228415353892.1	0.02789520184840316	-0.9215938091698082	0.4508931305802755	-5.504599209655698	0.4189615641244695	-5.467659224117073	0.3056100707482326	-6.702572492196046
203145622680608.3	0.02810193595155108	-0.9579012922920607	0.4508074950708347	-5.539863063317505	0.4187058493994310	-5.502187290751415	0.3057904385696523	-6.733512797922307
203062897437220.0	0.02829408708276873	-0.9942204926282470	0.4506610944459509	-5.575110069855882	0.4184172766704140	-5.536687075910386	0.3059312730320744	-6.764289902893687
202980239541384.0	0.02847173838423115	-1.030533302143181	0.4504542751984528	-5.610336854971619	0.4180965123623425	-5.571159147088695	0.3060418280957403	-6.794854156849381
202897648910891.1	0.02863500741661256	-1.066822515316021	0.4501874262464611	-5.645540128024049	0.4177440310341114	-5.605604211579736	0.3061340773480305	-6.825161466671074
202815125463665.9	0.02878404474461754	-1.103071796074882	0.4498609754256577	-5.680716674157748	0.4173601160069745	-5.640023029864366	0.3062224211704799	-6.855174679870913
202732669117766.6	0.02891903243592053	-1.139265648903510	0.4494753865088143	-5.715863346030112	0.4169448657662926	-5.674416332616928	0.3063233310924735	-6.884864831372678
202650279791384.5	0.02904018247710293	-1.175389393711910	0.4490311567644681	-5.750977055268291	0.4164982056209154	-5.708784743231594	0.3064549383821214	-6.914212217612428
202567957402843.6	0.02914773511090578	-1.211429144084451	0.4485288150594444	-5.786054763786214	0.4160199039943785	-5.743128707504670	0.3066365756133876	-6.943207258994691
202485701870600.9	0.02924195709982419	-1.247371788528969	0.4479689205028801	-5.821093475090408	0.4155095926390174	-5.777448431806905	0.3068882817729753	-6.971851110721520
202403513113245.8	0.02932313992165041	-1.283204974363030	0.4473520616224717	-5.856090225703172	0.4149667900075779	-5.811743830768161	0.3072302833244582	-7.000155983947415
202321391049499.6	0.02939159789148736	-1.318917095689727	0.4466788562456248	-5.891042077281969	0.4143909267630346	-5.846014486726110	0.3076824642412384	-7.028145146805539
202239335598215.5	0.02944766625074211	-1.354497279217033	0.4459499514582450	-5.925946108026643	0.4137813732973901	-5.880259616312872	0.3082638443139397	-7.055852576778036
202157346678378.4	0.02949169923374479	-1.389935369773190	0.4451660238102240	-5.960799404194737	0.4131374684350126	-5.914478045949430	0.3089920806577470	-7.083322257497391
202075424209104.4	0.02952406800884751	-1.425221929067359	0.4443277812171821	-5.995599055168037	0.4124585465851230	-5.948668208280369	0.3098830005299011	-7.110607144485818
201993568109640.8	0.02954515865960043	-1.460348224243582	0.4434359641021425	-6.030342146390320	0.4117439656101355	-5.982828139160129	0.3109501958250549	-7.137767803683696
201911778299365.6	0.02955537012601871	-1.495306220247902	0.4424913472183532	-6.065025753936226	0.4109931330624131	-6.016955486875145	0.3122046844820403	-7.164870786240374
201830054697787.4	0.02955511213440555	-1.530088572427703	0.4414947417714711	-6.099646939962619	0.4102055306219521	-6.051047530052288	0.3136546524969732	-7.191986802895509
201748397224544.8	0.02954480312595054	-1.564688619046532	0.4404469977890176	-6.134202749127206	0.4093807362746622	-6.085101203348293	0.3153052847227228	-7.219188778799581
201666805799406.8	0.02952486819468431	-1.599100373393529	0.4393490066818191	-6.168690206048153	0.4085184438558958	-6.119113129914234	0.3171586885631327	-7.246549878074109
201585280342271.9	0.02949573704569092	-1.633318515187652	0.4382017039396508	-6.203106313872571	0.4076184796679085	-6.153079659574468	0.3192139102936684	-7.274141588976644
201503820773168.1	0.02945784198475367	-1.667338380988177	0.4370060719013386	-6.237448054012615	0.4066808159622937	-6.186996911626480	0.3214670394076586	-7.302031954944602
201422427012252.6	0.02941161595077377	-1.701155953332781	0.4357631425382582	-6.271712387095591	0.4057055811574069	-6.220860821151009	0.3239113924457987	-7.330284024698745
201341098979811.6	0.02935749060240205	-1.734767848351860	0.4344740001894267	-6.305896255166001	0.4046930667337199	-6.254667187737596	0.3265377645138775	-7.358954577444277
201259836596259.9	0.02929589442825404	-1.768171304401034	0.4331397844915850	-6.339996585665832	0.4036437301158591	-6.288411728142425	0.3293347330079374	-7.388093162364315
201178639782140.9	0.02922725107737299	-1.801364159038981	0.4317616920639072	-6.374010294935724	0.4025581967199676	-6.322090120190015	0.3322890041908568	-7.417741452044800
201097508458126.1	0.02915197762141092	-1.834344834939772	0.4303409791886715	-6.407934295101780	0.4014372562912121	-6.355698056283935	0.3353857763406963	-7.447932929924201
201016442545014.8	0.02907048294500374	-1.867112320922523	0.4288789639065166	-6.441765501702515	0.4002818568247124	-6.389231292884738	0.3386091114207842	-7.478692873026278
200935441963734.0	0.02898316629138148	-1.899666147700749	0.4273770274406236	-6.475500842084197	0.3990930965900267	-6.422685694731234	0.3419423011963747	-7.510038594301248
200854506635338.3	0.02889041590502976	-1.932006362677379	0.4258366153810730	-6.509137265311173	0.3978722134092607	-6.456057277096258	0.3453682136561283	-7.541979905875555
200773636481009.3	0.02879260780126964	-1.964133502347588	0.4242592384190931	-6.542671753289073	0.3966205718609722	-6.489342244013606	0.3488696106329671	-7.574519752954323
200692831422055.3	0.02869010467047604	-1.996048562348556	0.4226464725850678	-6.576101333041888	0.3953396487632286	-6.522537021821536	0.3524294291544667	-7.607654969199546
200612091379911.5	0.02858325492359170	-2.027752965255214	0.4209999589484354	-6.609423090078904	0.3940310173180095	-6.555638287483341	0.3560310213915316	-7.641377106766623
200531416276139.4	0.02847239188442834	-2.059248526259422	0.4193214027425635	-6.642634182769347	0.3926963303222363	-6.588642991242706	0.3596583502705004	-7.675673298717536
200450806032426.6	0.02835783313293185	-2.090537416938591	0.4176125718827854	-6.675731857634415	0.3913373028648895	-6.621548373307086	0.3632961397865183	-7.710527117410782
200370260570586.7	0.02823988000215938	-2.121622127353517	0.4158752948516365	-6.708713465449397	0.3899556949386858	-6.654351974379325	0.3669299807584383	-7.745919398964420
200289779812558.6	0.02811881723024291	-2.152505426756538	0.4141114579311967	-6.741576478035173	0.3885532943942709	-6.687051639998352	0.3705463941819260	-7.781829010435797
200209363680406.8	0.02799491276704449	-2.183190323244408	0.4123230017689384	-6.774318505606875	0.3871319006537229	-6.719645518815385	0.3741328554714947	-7.818233542544972
200129012096321.1	0.02786841773359525	-2.213680022739343	0.4105119172702053	-6.806937314535968	0.3856933095765597	-6.752132055104171	0.3776777837524585	-7.855109916342562
200048724982615.7	0.02773956647929116	-2.243977889868481	0.4086802410049633	-6.839430845611241	0.3842392989411463	-6.784509977911711	0.3811705007124109	-7.892434899372403
199968502261729.7	0.02760857696369640	-2.274087401170666	0.4068300492656241	-6.871797231477467	0.3827716189256812	-6.816778278449188	0.3846011656688149	-7.930185517952738
199888343856226.6	0.02747565106841090	-2.304012108060650	0.4049634523014621	-6.904034815069048	0.3812919810740562	-6.848936191912741	0.3879606895009855	-7.968339384586409
199808249688793.9	0.02734097509374441	-2.333755598173950	0.4030825876592808	-6.936142167396018	0.3798020505301726	-6.880983173810316	0.3912406353218911	-8.006874930670731
199728219682243.0	0.02720472042259786	-2.363321456214481	0.4011896127626268	-6.968118104616540	0.3783034415535066	-6.912918872558183	0.3944331107819654	-8.045771550940131
199648253759508.8	0.02706704426884232	-2.392713227802609	0.3992866970226119	-6.999961704523396	0.3767977151059258	-6.944743102211468	0.3975306568935283	-8.085009669766116
199568351843649.9	0.02692809052245463	-2.421934385684262	0.3973760134316683	-7.031672322101666	0.3752863789056044	-6.976455815570578	0.4005261384754695	-8.124570736296146
199488513857847.7	0.02678799067838159	-2.450988298719679	0.3954597296927261	-7.063249603935274	0.3737708898308489	-7.008057078900291	0.4034126407456051	-8.164437157368974
199408739725406.6	0.02664686483520216	-2.479878204034642	0.3935399989434557	-7.094693501239335	0.3722526584695040	-7.039547049489925	0.4061833761007672	-8.204592177661255
199329029369753.5	0.02650482274892643	-2.508607182676347	0.3916189501421646	-7.126004281292799	0.3707330555269133	-7.070925957215572	0.4088316045683527	-8.245019716772839
199249382714437.9	0.02636196492702392	-2.537178139087774	0.3896986781884853	-7.157182537054894	0.3692134197282697	-7.102194091183558	0.4113505708026878	-8.285704172981113
199169799683131.4	0.02621838374725500	-2.565593784652327	0.3877812338579824	-7.188229194750851	0.3676950667826683	-7.133351792367888	0.4137334598509354	-8.326630203210142
199090280199627.3	0.02607416458589921	-2.593856625524516	0.3858686136352169	-7.219145519226631	0.3661792989204413	-7.164399452979901	0.4159733732425440	-8.367782488389430
199010824187840.9	0.02592938694024596	-2.621968954895383	0.3839627495345148	-7.249933116885744	0.3646674144758416	-7.195337523071719	0.4180633262812795	-8.409145492844607
198931431571808.5	0.02578412553022163	-2.649932849791455	0.3820654990015371	-7.280593936038725	0.3631607169609574	-7.226166524611674	0.4199962667561335	-8.450703225690042
198852102275687.9	0.02563845136480415	-2.677750172452693	0.3801786349916965	-7.311130264519646	0.3616605230730877	-7.256887072987535	0.4217651146539457	-8.492439011410593
198772836223757.7	0.02549243275937728	-2.705422576261479	0.3783038363233694	-7.341544724448729	0.3601681690942076	-7.287499905574531	0.4233628218674890	-8.534335275958343
198693633340417.1	0.02534613629110824	-2.732951516152992	0.3764426784046360	-7.371840264050023	0.3586850151749782	-7.318005916696202	0.4247824503611337	-8.576373353782387
198614493550185.9	0.02519962768032578	-2.760338263371671	0.3745966244319048	-7.402020146466870	0.3572124470533473	-7.348406197999258	0.4260172667929810	-8.618533320290906
198535416777704.0	0.02505297254852069	-2.787583925541099	0.3727670171604541	-7.432087935610278	0.3557518741636106	-7.378702083657617	0.4270608517877144	-8.660793853536571
198456402947731.5	0.02490623720276838	-2.814689466910296	0.3709550713081986	-7.462047478802552	0.3543047266476954	-7.408895195816229	0.4279072188329836	-8.703132126884540
198377451985147.8	0.02475948921784201	-2.841655735381975	0.3691618667699445	-7.491902886653119	0.3528724472218634	-7.438987492951479	0.4285509429019468	-8.745523736645433
198298563814952.3	0.02461279786524599	-2.868483493982173	0.3673883426316902	-7.521658510117185	0.3514564788666085	-7.468981317638853	0.4289872953022893	-8.787942664592329
198219738362263.2	0.02446623451963754	-2.895173452380124	0.3656352920913245	-7.551318914699252	0.3500582507788657	-7.498879439388592	0.4292123793569570	-8.830361276102785
198140975552317.9	0.02431987291274608	-2.921726301839415	0.3639033583691815	-7.580888852172045	0.3486791606017781	-7.528685092764289	0.4292232656630595	-8.872750355030219
198062275310472.7	0.02417378926567483	-2.948142752112704	0.3621930316596728	-7.610373229979691	0.3473205538534100	-7.558402008082120	0.4290181233714485	-8.915079175270034
197983637562202.2	0.02402806229814326	-2.974423569749594	0.3605046471733375	-7.639777078577756	0.3459837010201689	-7.588034432704713	0.4285963445009604	-8.957315609073941
197905062233099.6	0.02388277311563079	-3.000569617282276	0.3588383843076236	-7.669105517003309	0.3446697728960695	-7.617587141184130	0.4279586584387524	-8.999426272129547
197826549248876.0	0.02373800497656970	-3.026581892700356	0.3571942669727999	-7.698363716993249	0.3433798148461074	-7.647065432750888	0.4271072339408765	-9.041376705464479
197748098535360.2	0.02359384294341956	-3.052461568615782	0.3555721650870519	-7.727556865996891	0.3421147207479185	-7.676475115015190	0.4260457661253732	-9.083131594321316
197669710018498.9	0.02345037342295165	-3.078210030504813	0.3539717972421230	-7.756690129447891	0.3408752074168552	-7.705822473159034	0.4247795461352706	-9.124655024242385
197591383624356.1	0.02330768360253905	-3.103828913392748	0.3523927345279860	-7.785768612674324	0.3396617903459243	-7.735114224348350	0.4233155113349493	-9.165910774656492
197513119279112.8	0.02316586079069072	-3.129320136352241	0.3508344054923749	-7.814797322832902	0.3384747615874420	-7.764357457594480	0.4216622740873670	-9.206862650216490
197434916909066.9	0.02302499167146030	-3.154685934188532	0.3492961021985344	-7.843781131256170	0.3373141705702271	-7.793559559800506	0.4198301273413949	-9.247474849948489
197356776440633.2	0.02288516148348986	-3.179928885693241	0.3477769873326462	-7.872724736594315	0.3361798085840918	-7.822728129215705	0.4178310254422459	-9.287712373874133
197278697800342.9	0.02274645313578774	-3.205051937880785	0.3462761023012315	-7.901632629124260	0.3350711975749899	-7.851870878001403	0.4156785387707738	-9.327541466106320
197200680914843.1	0.02260894627327199	-3.230058425647632	0.3447923762485223	-7.930509056580421	0.3339875837804055	-7.880995526024369	0.4133877810309395	-9.366930092438283
197122725710897.3	0.02247271630594777	-3.254952086332099	0.3433246359145170	-7.959357991838127	0.3329279366030299	-7.910109688329807	0.4109753082532093	-9.405848449106799
197044832115384.6	0.02233783341640414	-3.279737068720335	0.3418716162463735	-7.988183102756451	0.3318909529705910	-7.939220759037161	0.4084589888824338	-9.444269497686777
196967000055299.5	0.02220436156093901	-3.304417936104610	0.3404319716689948	-8.016987724453925	0.3308750672726902	-7.968335794561543	0.4058578446904895	-9.482169518964096
196889229457752.1	0.02207235747972449	-3.328999663057990	0.3390042879151601	-8.045774834256555	0.3298784668044141	-7.997461399113653	0.4031918627147544	-9.519528676176813
196811520249967.1	0.02194186973186994	-3.353487625705852	0.3375870943115002	-8.074547029522988	0.3288991124829806	-8.026603615433269	0.4004817789898841	-9.556331575285988
196733872359284.6	0.02181293777099906	-3.377887585332855	0.3361788764139008	-8.103306508511333	0.3279347644555885	-8.055767823528814	0.3977488355230882	-9.592567807072747
196656285713158.9	0.02168559107664304	-3.402205665311558	0.3347780888845426	-8.132055054417373	0.3269830120698413	-8.084958650016517	0.3950145127655482	-9.628232453048083
196578760239159.0	0.02155984835626159	-3.426448321380070	0.3333831685028074	-8.160794022671539	0.3260413075652912	-8.114179890264943	0.3923002407469768	-9.663326534653976
196501295864967.8	0.02143571683191528	-3.450622305475491	0.3319925472034520	-8.189524331549682	0.3251070027345536	-8.143434445243919	0.3896270930444619	-9.697857383328540
196423892518382.3	0.02131319162466707	-3.474734623392698	0.3306046650377997	-8.218246456115171	0.3241773877336138	-8.172724274487507	0.3870154688127127	-9.731838908034630
196346550127313.3	0.02119225524834052	-3.498792486665675	0.3292179829571199	-8.246960425477987	0.3232497311662443	-8.202050366144247	0.3844847691555095	-9.765291737137158
196269268619784.8	0.02107287722305988	-3.522803259167771	0.3278309953215514	-8.275665823326353	0.3223213205481657	-8.231412724583255	0.3820530750960375	-9.798243213354368
196192047923934.4	0.02095501381718344	-3.546774399028439	0.3264422420431573	-8.304361791661133	0.3213895022582578	-8.260810375582707	0.3797368352236078	-9.830727224097057
196114887968012.6	0.02083860792467052	-3.570713396541290	0.3250503202772432	-8.333047037638599	0.3204517201181396	-8.290241388642306	0.3775505716659704	-9.862783854912646
196037788680382.6	0.02072358907345644	-3.594627708929003	0.3236538955444485	-8.361719843421209	0.3195055516586219	-8.319702915501177	0.3755066134807675	-9.894458860319773
195960749989520.6	0.02060987358961861	-3.618524692492702	0.3222517122945383	-8.390378078884371	0.3185487416549497	-8.349191243739595	0.3736148656863243	-9.925802956448507
195883771824014.7	0.02049736495076656	-3.642411532746657	0.3208426039948712	-8.419019216974943	0.3175792327347568	-8.378701864261586	0.3718826213218316	-9.956870950065756
195806854112565.5	0.02038595416653694	-3.666295175095292	0.3194255020084378	-8.447640351801049	0.3165951902693709	-8.408229549579170	0.3703144270900931	-9.987720716597222
195729996783985.3	0.02027552039380382	-3.690182254602823	0.3179994440727367	-8.476238219020313	0.3155950241041657	-8.437768442437013	0.3689120033210606	-10.01841206963951
195653199767198.5	0.02016593166072638	-3.714079027102938	0.3165635818472997	-8.504809218512879	0.3145774051271882	-8.467312151809818	0.3676742244968347	-10.04900555302726
195576462991240.7	0.02005704571918982	-3.737991302177108	0.3151171875961821	-8.533349439146321	0.3135412768833200	-8.496853854260834	0.3665971610982649	-10.07956119961329
195499786385258.8	0.01994871101715859	-3.761924378788820	0.3136596599738701	-8.561854685469857	0.3124858621922731	-8.526386398465805	0.3656741818321977	-10.11013730167580
195423169878510.8	0.01984076778104812	-3.785882984296078	0.3121905288894089	-8.590320506176134	0.3114106648491055	-8.555902410733772	0.3648961130398975	-10.14078923709253
195346613400365.6	0.01973304919664158	-3.809871217485639	0.3107094594296733	-8.618742224172872	0.3103154665953408	-8.585394399458721	0.3642514500182236	-10.17156839176220
195270116880302.8	0.01962538267660639	-3.833892496209630	0.3092162548286768	-8.647114968108326	0.3092003196517189	-8.614854856590798	0.3637266132400673	-10.20252121259351
195193680247912.3	0.01951759120136328	-3.857949510081551	0.3077108584752366	-8.675433705198675	0.3080655351930774	-8.644276354344719	0.3633062411399284	-10.23368841736015
195117303432894.2	0.01940949471947590	-3.882044178623061	0.3061933549566531	-8.703693275207252	0.3069116682160650	-8.673651635596363	0.3629735102927653	-10.26510437861187
195040986365058.7	0.01930091159371446	-3.906177615136833	0.3046639701410115	-8.731888425428069	0.3057394993160685	-8.702973696615379	0.3627104734722182	-10.29679668946943
194964728974325.5	0.01919166007868107	-3.930350096506460	0.3031230703053721	-8.760013846527711	0.3045500139287421	-8.732235861052523	0.3624984061988954	-10.32878591027483
194888531190724.3	0.01908155981558771	-3.954561039012461	0.3015711603216849	-8.788064209097408	0.3033443796192721	-8.761431844303917	0.3623181529173289	-10.36108548733827
194812392944393.8	0.01897043333075758	-3.978808980196688	0.3000088809163694	-8.816034200768090	0.3021239220163702	-8.790555807685013	0.3621504647852659	-10.39370182885233
194736314165581.9	0.01885810752430631	-4.003091566722413	0.2984370050237761	-8.843918563734912	0.3008900999799179	-8.819602402074807	0.3619763221243738	-10.42663451863806
194660294784645.4	0.01874441513618268	-4.027405548105548	0.2968564332575268	-8.871712132534780	0.2996444805753156	-8.848566800943253	0.3617772357703433	-10.45987664577756
194584334732049.9	0.01862919617767010	-4.051746776168468	0.2952681885277553	-8.899409871911646	0.2983887143926887	-8.877444722957495	0.3615355227857524	-10.49341522722256
194508433938369.5	0.01851229931691688	-4.076110210003577	0.2936734098359953	-8.927006914596564	0.2971245117044633	-8.906232444558199	0.3612345531888139	-10.52723170090403
194432592334286.4	0.01839358320817092	-4.100489926224593	0.2920733452833078	-8.954498598818482	0.2958536198993010	-8.934926803139545	0.3608589654518071	-10.56130246838269
194356809850591.2	0.01827291775519566	-4.124879134256274	0.2904693443310820	-8.981880505349839	0.2945778025675157	-8.963525191645422	0.3603948494996184	-10.59559946834729
194281086418181.8	0.01815018530037338	-4.149270196431159	0.2888628493577296	-9.009148493878499	0.2932988205372332	-8.992025545588051	0.3598298967737586	-10.63009076497145
194205421968064.4	0.01802528173159718	-4.173654652645391	0.2872553865585374	-9.036298738482667	0.2920184150903641	-9.020426323581239	0.3591535176166774	-10.66474113800721
194129816431352.2	0.01789811750038515	-4.198023249370944	0.2856485562397934	-9.063327761972342	0.2907382935034103	-9.048726482637525	0.3583569267823038	-10.69951266431180
194054269739265.8	0.01776861854507849	-4.222365972825648	0.2840440225624664	-9.090232468846043	0.2894601169848468	-9.076925449488982	0.3574331983057268	-10.73436528310728
193978781823132.8	0.01763672711408507	-4.246672086151621	0.2824435027947703	-9.117010176598367	0.2881854910007343	-9.105023089246515	0.3563772912860607	-10.76925733956073
193903352614387.6	0.01750240248463765	-4.270930170502165	0.2808487561370818	-9.143658645102327	0.2869159579088246	-9.133019672681673	0.3551860483713268	-10.80414610318524
193827982044571.2	0.01736562157334257	-4.295128169949718	0.2792615721868366	-9.170176103780202	0.2856529917594701	-9.160915843340609	0.3538581689021944	-10.83898825907730
193752670045330.9	0.01722637943509772	-4.319253440217594	0.2776837591150462	-9.196561276269971	0.2843979950573416	-9.188712585625279	0.3523941587895532	-10.87374037113713
193677416548420.5	0.01708468964781434	-4.343292801254836	0.2761171316300473	-9.222813402290758	0.2831522972384340	-9.216411194822873	0.3507962592842014	-10.90835931718754
193602221485699.5	0.01694058458063460	-4.367232593743511	0.2745634988078114	-9.248932256411484	0.2819171545746334	-9.244013249922368	0.3490683568570762	-10.94280269636000
193527084789133.2	0.01679411554340802	-4.391058739650164	0.2730246518715685	-9.274918163433318	0.2806937511978149	-9.271520589832321	0.3472158764540382	-10.97702920929959
193452006390792.7	0.01664535281595623	-4.414756807013214	0.2715023520065566	-9.300772010106728	0.2794832009175738	-9.298935293466215	0.3452456604262521	-11.01099901170551
193376986222854.2	0.01649438555536748	-4.438312079142882	0.2699983182982312	-9.326495252923213	0.2782865495149698	-9.326259663877165	0.3431658354686288	-11.04467404152468
193302024217599.2	0.01634132158020949	-4.461709628475935	0.2685142158841808	-9.352089921744192	0.2771047772010983	-9.353496216471591	0.3409856699258368	-11.07801831980369
193227120307414.1	0.01618628703012671	-4.484934395326722	0.2670516444112166	-9.377558619061409	0.2759388009524021	-9.380647671079387	0.3387154238465394	-11.11099822483061
193152274424790.2	0.01602942589988014	-4.507971271779425	0.2656121268894180	-9.402904514720305	0.2747894764706528	-9.407716947484767	0.3363661941795402	-11.14358273881067
193077486502323.2	0.01587089944672538	-4.530805190947289	0.2641970990343096	-9.428131335982361	0.2736575995563814	-9.434707163838672	0.3339497575060831	-11.17574366596572
193002756472713.2	0.01571088547004068	-4.553421221794016	0.2628078991867446	-9.453243352852681	0.2725439067301366	-9.461621637226481	0.3314784126856626	-11.20745582066778
192928084268764.5	0.01554957746266683	-4.575804669666050	0.2614457588972415	-9.478245358654640	0.2714490749901974	-9.488463885574809	0.3289648257530524	-11.23869718405160
192853469823385.3	0.01538718363303110	-4.597941182585190	0.2601117942576276	-9.503142645895249	0.2703737206508869	-9.515237629967499	0.3264218793352789	-11.26944902753121
192778913069587.7	0.01522392579805493	-4.619816863263741	0.2588069980576302	-9.527940977527354	0.2693183972588477	-9.541946796453185	0.3238625287538153	-11.29969600179445
192704413940486.9	0.01506003814678513	-4.641418386660172	0.2575322328377161	-9.552646553782999	0.2682835926400701	-9.568595516397945	0.3212996668334869	-11.32942619018344
192629972369302.1	0.01489576587538461	-4.662733122717095	0.2562882249019204	-9.577265974817660	0.2672697251792250	-9.595188124499812	0.3187459992518262	-11.35863112588592
192555588289355.2	0.01473136367845189	-4.683749263452935	0.2550755591480329	-9.601806200007067	0.2662771393244836	-9.621729153105276	0.3162139319423375	-11.38730577064707
192481261634071.0	0.01456709417581525	-4.704455954991364	0.2538946756642241	-9.626274501851809	0.2653061012082442	-9.648223324785974	0.3137154722299940	-11.41544846701562
192406992336977.5	0.01440322614292495	-4.724843431146587	0.2527458665572082	-9.650678419048138	0.2643567933432617	-9.674675538024950	0.3112621441273210	-11.44306084669798
192332780331704.8	0.01424003265454379	-4.744903148994695	0.2516292742283905	-9.675025706139463	0.2634293096052592	-9.701090849213435	0.3088649187692967	-11.47014771268706
192258625551985.6	0.01407778912643063	-4.764627924503545	0.2505448908741991	-9.699324280821340	0.2625236505272914	-9.727474450083921	0.3065341602068818	-11.49671689598675
192184527931654.7	0.01391677124985311	-4.784012066015301	0.2494925590458532	-9.723582169916540	0.2616397190237130	-9.753831640146331	0.3042795862887809	-11.52277908963858
192110487404648.8	0.01375725283549405	-4.803051503401452	0.2484719733246088	-9.747807454427200	0.2607773168319721	-9.780167794545365	0.3021102440480457	-11.54834766627224
192036503905006.4	0.01359950358053111	-4.821743910361489	0.2474826830868730	-9.772008214265419	0.2599361418791297	-9.806488327824091	0.3000344985753443	-11.57343848499082
191962577366867.7	0.01344378677438534	-4.840088816944679	0.2465240963217144	-9.796192473271614	0.2591157867633481	-9.832798654148473	0.2980600339812659	-11.59806969353783
191888707724474.1	0.01329035696220084	-4.858087709240846	0.2455954844519670	-9.820368145117959	0.2583157384935357	-9.859104144794284	0.2961938647183120	-11.62226153149137
191814894912168.3	0.01313945758779484	-4.875744112950533	0.2446959880995453	-9.844542980676502	0.2575353795984076	-9.885410083773360	0.2944423552670106	-11.64603613967396
191741138864393.8	0.01299131864075439	-4.893063657453793	0.2438246237261221	-9.868724517401180	0.2567739906717866	-9.911721622572049	0.2928112460046725	-11.66941738007098
191667439515695.1	0.01284615433503847	-4.910054117034550	0.2429802910719539	-9.892920031232418	0.2560307543695475	-9.938043735034958	0.2913056829816333	-11.69243066935871
191593796800717.3	0.01270416084920485	-4.926725426050835	0.2421617813086038	-9.917136491483477	0.2553047608305268	-9.964381173447739	0.2899302493357996	-11.71510282772511
191520210654205.6	0.01256551416028319	-4.943089665096863	0.2413677858156674	-9.941380519113181	0.2545950144494284	-9.990738426830157	0.2886889961842258	-11.73746194311643
191446681011005.9	0.01243036800490232	-4.959161015648650	0.2405969054875341	-9.965658348726100	0.2539004418835643	-10.01711968240521	0.2875854710373488	-11.75953724947011
191373207806063.7	0.01229885200210915	-4.974955681232367	0.2398476604734973	-9.989975794577763	0.2532199011427525	-10.04352879110175	0.2866227420784460	-11.78135901601833
191299790974424.5	0.01217106997227987	-4.990491773895504	0.2391185002534620	-10.01433822079249	0.2525521915747910	-10.06996923783911	0.2858034170243192	-11.80295844348224
191226430451233.6	0.01204709848552212	-5.005789165571555	0.2384078139517341	-10.03875051593480	0.2518960645379221	-10.09644411718339	0.2851296557145134	-11.82436756203271
191153126171735.3	0.01192698567066795	-5.020869304857060	0.2377139407931126	-10.06321707200925	0.2512502345350999	-10.12295611478561	0.2846031760435986	-11.84561912535337
191079878071273.5	0.01181075031326664	-5.035755000756374	0.2370351806083545	-10.08774176789653	0.2506133905716930	-10.14950749487655	0.2842252533298845	-11.86674649506459
191006686085291.1	0.01169838126634724	-5.050470175919413	0.2363698043001785	-10.11232795717582	0.2499842075001196	-10.17610009388142	0.2839967136788096	-11.88778351017692
190933550149329.9	0.01158983719271721	-5.065039592888434	0.2357160641859869	-10.13697846022854	0.2493613571227797	-10.20273532004510	0.2839179223254461	-11.90876433712490
190860470199030.4	0.01148504665153398	-5.079488557774790	0.2350722041393105	-10.16169556046772	0.2487435188358588	-10.22941415880788	0.2839887683049512	-11.92972329723544
190787446170131.3	0.01138390853518569	-5.093842606541292	0.2344364694585034	-10.18648100449610	0.2481293896169760	-10.25613718351658	0.2842086470828966	-11.95069467012451
190714477998470.2	0.01128629285558484	-5.108127179658716	0.2338071163981582	-10.21133600595941	0.2475176931875250	-10.28290457092606	0.2845764429643196	-11.97171247337172
190641565619982.2	0.01119204187148187	-5.122367291232115	0.2331824213060737	-10.23626125283479	0.2469071882108704	-10.30971612082238	0.2850905131816700	-11.99281022076534
190568708970700.6	0.01110097154181450	-5.136587198884779	0.2325606893160391	-10.26125691786982	0.2462966754173487	-10.33657127905400	0.2857486755347437	-12.01402066328897
190495907986756.7	0.01101287328331489	-5.150810080524567	0.2319402625542381	-10.28632267187472	0.2456850035863516	-10.36346916317674	0.2865482013233673	-12.03537551870062
190423162604378.8	0.01092751600463484	-5.165057723759964	0.2313195278245214	-10.31145769956343	0.2450710743511593	-10.39040858988415	0.2874858150859769	-12.05690519690708
190350472759893.1	0.01084464838468847	-5.179350233188369	0.2306969237449760	-10.33666071763251	0.2444538458247047	-10.41738810342815	0.2885577023491422	-12.07863852926353
190277838389722.7	0.01076400135887079	-5.193705759994304	0.2300709473151521	-10.36192999477429	0.2438323350810267	-10.44440600423057	0.2897595262241238	-12.10060251036914
190205259430387.8	0.01068529077445992	-5.208140257402679	0.2294401598998565	-10.38726337332431	0.2432056195567192	-10.47146037695469	0.2910864532789064	-12.12282206085743
190132735818505.3	0.01060822016114886	-5.222667263525218	0.2288031922995475	-10.41265829398089	0.2425728373515834	-10.49854911678635	0.2925331882404469	-12.14531981728129
190060267490789.0	0.01053248363061547	-5.237297716851446	0.2281587501310829	-10.43811181687897	0.2419331869833360	-10.52566995552915	0.2940940188172709	-12.16811596330885
189987854384048.8	0.01045776880650412	-5.252039801033154	0.2275056182129434	-10.46362064535326	0.2412859262478203	-10.55282048465022	0.2957628680786796	-12.19122809926094
189915496435191.1	0.01038375972680689	-5.266898816444780	0.2268426633759341	-10.48918115578996	0.2406303701405233	-10.57999817397545	0.2975333523568562	-12.21467115192556
189843193581218.3	0.01031013977779740	-5.281877083969834	0.2261688378897943	-10.51478942150832	0.2399658887644988	-10.60720038956353	0.2993988463412354	-12.23845733876124
189770945759228.7	0.01023659456175395	-5.296973874128486	0.2254831819570877	-10.54044123878347	0.2392919048205447	-10.63442440786214	0.3013525515634898	-12.26259617785180
189698752906416.4	0.01016281468958232	-5.312185359978377	0.2247848256675064	-10.56613215287054	0.2386078909663708	-10.66166742679117	0.3033875670374672	-12.28709454457568
189626614960071.0	0.01008849847766452	-5.327504590660459	0.2240729904329290	-10.59185748387760	0.2379133671889832	-10.68892657385632	0.3054969602401414	-12.31195677216763
189554531857577.3	0.01001335453267948	-5.342921482116484	0.2233469899257619	-10.61761235235687	0.2372078983224331	-10.71619891147177	0.3076738366317489	-12.33718479203573
189482503536415.5	0.009937104213242612	-5.358422821409987	0.2226062305445341	-10.64339170450243	0.2364910918253563	-10.74348143979024	0.3099114059903608	-12.36277830865121
189410529934160.6	0.009859483961249048	-5.373992281037859	0.2218502114321202	-10.66919033686192	0.2357625959128277	-10.77077109739331	0.3122030439695548	-12.38873500306656
189338610988482.5	0.009780247500534958	-5.389610439768260	0.2210785240726165	-10.69500292048752	0.2350220981152034	-10.79806476027910	0.3145423474680597	-12.41505075864237
189266746637145.8	0.009699167904060144	-5.405254806759465	0.2202908514935346	-10.72082402446673	0.2342693243115931	-10.82535923961911	0.3169231826166770	-12.44171990235301
189194936818009.4	0.009616039534294102	-5.420899846026640	0.2194869671001448	-10.74664813879057	0.2335040382628911	-10.85265127877487	0.3193397244304561	-12.46873545507243
189123181469026.5	0.009530679864654858	-5.436516998752381	0.2186667331687630	-10.77246969652844	0.2327260416435349	-10.87993755008478	0.3217864874330751	-12.49608938447409
189051480528244.7	0.009442931192361118	-5.452074701426418	0.2178300990254698	-10.79828309529075	0.2319351745465110	-10.90721465192281	0.3242583468269340	-12.52377285457922
188979833933805.0	0.009352662255194256	-5.467538398346694	0.2169770989362913	-10.82408271797219	0.2311313164168070	-10.93447910649582	0.3267505500484459	-12.55177646651531
188908241623942.4	0.009259769766382472	-5.482870547651936	0.2161078497341972	-10.84986295277614	0.2303143873480369	-10.96172735880646	0.3292587188065858	-12.58009048566798
188836703536985.6	0.009164179883045442	-5.498030620765205	0.2152225482075036	-10.87561821253051	0.2294843496625389	-10.98895577714612	0.3317788419478396	-12.60870505109445
188765219611356.5	0.009065849624367666	-5.512975095961373	0.2143214682733621	-10.90134295330773	0.2286412096773965	-11.01616065542784	0.3343072597171716	-12.63761036378935
188693789785570.2	0.008964768249009401	-5.527657446626086	0.2134049576921229	-10.92703169461870	0.2277850194747788	-11.04333821722296	0.3368406397252250	-12.66679685138464
188622413998234.8	0.008860958629989833	-5.542028129898304	0.2124734351237265	-10.95267903487048	0.2269158788140422	-11.07048462268533	0.3393759469124649	-12.69625530702546
188551092188051.5	0.008754478642690718	-5.556034580354603	0.2115273876589890	-10.97827966035332	0.2260339371038107	-11.09759597851271	0.3419104088418719	-12.72597699967804
188479824293813.8	0.008645422505560231	-5.569621202289625	0.2105673659371669	-11.00382837320264	0.2251393944451089	-11.12466834707326	0.3444414724382112	-12.75595375973902
188408610254408.1	0.008533922199376470	-5.582729384743685	0.2095939811236736	-11.02932010228740	0.2242325029584574	-11.15169776026239	0.3469667608601736	-12.78617803570135
188337450008812.8	0.008420148905172070	-5.595297538382711	0.2086079012303064	-11.05474991817724	0.2233135675350223	-11.17868023445205	0.3494840274565725	-12.81664292463845
188266343496098.7	0.008304314481002819	-5.607261168009808	0.2076098473551339	-11.08011304759507	0.2223829461130758	-11.20561178703455	0.3519911091173395	-12.84734217754743
188195290655428.3	0.008186672976412944	-5.618552994965786	0.2066005898565799	-11.10540488738251	0.2214410494324195	-11.23248845420324	0.3544858803353924	-12.87827018143137
188124291426056.3	0.008067522175858750	-5.629103146852519	0.2055809444750656	-11.13062101800048	0.2204883402377146	-11.25930630958785	0.3569662092332083	-12.90942192044797
188053345747328.7	0.007947205152082899	-5.638839435515885	0.2045517684145097	-11.15575721658314	0.2195253319194995	-11.28606148332574	0.3594299167132669	-12.94079291882481
187982453558683.1	0.007826111797705978	-5.647687747994768	0.2035139563949388	-11.18080946956010	0.2185525866045331	-11.31275018113315	0.3618747397671611	-12.97237916853053
187911614799648.3	0.007704680287225422	-5.655572579017685	0.2024684366864433	-11.20577398485797	0.2175707127287095	-11.33936870294180	0.3642982998283370	-13.00417704489336
187840829409844.3	0.007583398401685275	-5.662417737310171	0.2014161671338178	-11.23064720368632	0.2165803621438799	-11.36591346068377	0.3666980768826787	-13.03618321346766
187770097328982.1	0.007462804624435566	-5.668147261012718	0.2003581311803911	-11.25542581190809	0.2155822268268995	-11.39238099484773	0.3690713898652338	-13.06839453146580
187699418496863.3	0.007343488888582456	-5.672686579178708	0.1992953338986708	-11.28010675098785	0.2145770352752256	-11.41876798948878	0.3714153836759804	-13.10080794699803
187628792853380.2	0.007226092824907004	-5.675963955671255	0.1982287980349284	-11.30468722850617	0.2135655486832024	-11.44507128542469	0.3737270229492674	-13.13342039920141
187558220338515.6	0.007111309321839810	-5.677912246304168	0.1971595598033189	-11.32916473174695	0.2125485569177103	-11.47128789118808	0.3760030920740560	-13.16622872420678
187487700892342.4	0.006999881189090366	-5.678470996448629	0.1960886652797131	-11.35353703374847	0.2115268746606686	-11.49741499248675	0.3782402026320070	-13.19922956342847
187417234455023.8	0.006892598668042766	-5.677588885704627	0.1950171672609405	-11.37780219219424	0.2105013377976020	-11.52344995987419	0.3804348074950509	-13.23241927559625
187346820966812.8	0.006790295489623888	-5.675226490407688	0.1939461201273963	-11.40195857482233	0.2094727993429793	-11.54939035266290	0.3825832171037171	-13.26579387562065
187276460368052.1	0.006693843243012302	-5.671359332708136	0.1928765765734976	-11.42600486067819	0.2084421262322338	-11.57523392278264	0.3846816235139541	-13.29934897103000
187206152599174.1	0.006604143759355780	-5.665981111035285	0.1918095838562279	-11.44994004741069	0.2074101963081275	-11.60097861666259	0.3867261275359070	-13.33307971470161
187135897600700.5	0.006522119299877058	-5.659106969837793	0.1907461800952676	-11.47376345786762	0.2063778957239410	-11.62662257604730	0.3887127689761463	-13.36698077049472
187065695313242.5	0.006448700421615473	-5.650776608454352	0.1896873906297431	-11.49747474593029	0.2053461168046606	-11.65216413818265	0.3906375590736341	-13.40104629183522
186995545677500.0	0.006384811532071038	-5.641056976545366	0.1886342244366845	-11.52107390152058	0.2043157563809483	-11.67760183587644	0.3924965142068221	-13.43526991291805
186925448634262.2	0.006331354329949216	-5.630044263923828	0.1875876706165417	-11.54456125470800	0.2032877145864385	-11.70293439798014	0.3942856899643765	-13.46964475184903
186855404124406.7	0.006289189554088644	-5.617864877954800	0.1865486949514241	-11.56793747884359	0.2022628940865980	-11.72816075083841	0.3960012147132266	-13.50416342475017
186785412088900.0	0.006259117706364090	-5.604675124093063	0.1855182365421843	-11.59120359264529	0.2012421996831150	-11.75328002123643	0.3976393218620509	-13.53881806960728
186715472468796.8	0.006241859645616501	-5.590659373395151	0.1844972045308704	-11.61436096115608	0.2002265382130684	-11.77829154135009	0.3991963801029889	-13.57360037844745
186645585205240.2	0.006238038129117240	-5.576026616452037	0.1834864749155376	-11.63741129549919	0.1992168186449053	-11.80319485613353	0.4006689210152834	-13.60850163629666
186575750239461.2	0.006248161465922363	-5.561005455699387	0.1824868870315108	-11.66035666010235	0.1982139520663364	-11.82798973341086	0.4020536632174425	-13.64351277218249
186505967512779.0	0.006272610401217361	-5.545837771771380	0.1814992416532261	-11.68319944881374	0.1972188522657726	-11.85267617733107	0.4033475342064244	-13.67862439031499
186436236966600.2	0.006311629184259792	-5.530771440521604	0.1805242975253050	-11.70594239153473	0.1962324354405202	-11.87725444444357	0.4045476868751357	-13.71382682780416
186366558542419.3	0.006365321458481951	-5.516052624889562	0.1795627683415231	-11.72858855464227	0.1952556196806049	-11.90172506311241	0.4056515126402994	-13.74911020929564
186296932181818.2	0.006433651216550851	-5.501918214610530	0.1786153203939928	-11.75114132883472	0.1942893242306119	-11.92608885589008	0.4066566510183891	-13.78446449154935
186227357826465.8	0.006516448641644928	-5.488588963126826	0.1776825701188416	-11.77360442025628	0.1933344680540817	-11.95034696438029	0.4075609952204487	-13.81987950914955
186157835418118.5	0.006613420260012142	-5.476263781846301	0.1767650817974203	-11.79598184001390	0.1923919676899622	-11.97450087613704	0.4083626942035539	-13.85534501632763
186088364898619.2	0.006724162525792220	-5.465115503104397	0.1758633654237511	-11.81827789206931	0.1914627343050971	-11.99855245290919	0.4090601515124989	-13.89085072384060
186018946209898.0	0.006848177778684737	-5.455288250702696	0.1749778747487668	-11.84049715949992	0.1905476698690838	-12.02250395941987	0.4096520213325088	-13.92638633004086
185949579293971.4	0.006984891468657773	-5.446896389990801	0.1741090055120085	-11.86264448913776	0.1896476624052567	-12.04635809173580	0.4101372022457490	-13.96194154547664
185880264092942.3	0.007133669614797562	-5.440024892803278	0.1732570938713962	-11.88472497461351	0.1887635803031126	-12.07011800416832	0.4105148292397562	-13.99750611057684
185811000549000.1	0.007293835625820249	-5.434730860482476	0.1724224150412659	-11.90674393784899	0.1878962657116161	-12.09378733358345	0.4107842645534916	-14.03306980619286
185741788604420.2	0.007464685819263230	-5.431045903391501	0.1716051819209064	-11.92870691630636	0.1870465268942457	-12.11737022015461	0.4109450882666265	-14.06862246297962
185672628201563.9	0.007645503198732307	-5.428979075170889	0.1708055445894806	-11.95061962952113	0.1862151302594911	-12.14087132271597	0.4109970882818395	-14.10415394785834
185603519282878.4	0.007835569258666368	-5.428520084953495	0.1700235897904857	-11.97248794942239	0.1854027916338912	-12.16429582807883	0.4109402507778222	-14.13965414823461
185534461790896.7	0.008034173750659925	-5.429642559783010	0.1692593398384224	-11.99431789748499	0.1846101663550550	-12.18764945412928	0.4107747532741867	-14.17511297348965
185465455668237.1	0.008240622484661737	-5.432307188153873	0.1685127527354754	-12.01611561040564	0.1838378397696387	-12.21093844410572	0.4105009581513643	-14.21052032626547
185396500857603.2	0.008454243323731776	-5.436464623865838	0.1677837222371696	-12.03788731417110	0.1830863174026410	-12.23416955235127	0.4101194086198960	-14.24586607738412
185327597301784.0	0.008674390582281349	-5.442058079972413	0.1670720781760643	-12.05963929735255	0.1823560152391049	-12.25735002079156	0.4096308271592259	-14.28114003784390
185258744943653.3	0.008900448060544545	-5.449025580235310	0.1663775870457587	-12.08137788379926	0.1816472503583087	-12.28048754580491	0.4090361166821359	-14.31633192917566
185189943726169.8	0.009131830947550171	-5.457301864172774	0.1656999528457774	-12.10310940490982	0.1809602321614779	-12.30359023544014	0.4083363645779043	-14.35143135355150
185121193592377.2	0.009367986810374165	-5.466819961500444	0.1650388181862005	-12.12484017166592	0.1802950544312175	-12.32666655721886	0.4075328496775093	-14.38642776512087
185052494485403.3	0.009608395865049937	-5.477512463981011	0.1643937656492227	-12.14657644662112	0.1796516884531610	-12.34972527702575	0.4066270520699932	-14.42131044410311
184983846348460.5	0.009852570694404804	-5.489312528979590	0.1637643193025039	-12.16832442200583	0.1790299772468920	-12.37277539010201	0.4056206661928806	-14.45606847984214
184915249124845.5	0.01010005556253914	-5.502154651709265	0.1631499466648870	-12.19009018788389	0.1784296315348254	-12.39582604455989	0.4045156153613436	-14.49069075149865
184846702757939.0	0.01035042545145962	-5.515975242164347	0.1625500611367841	-12.21187968265458	0.1778502278635218	-12.41888645834452	0.4033140660905423	-14.52516590236059
184778207191205.6	0.01060328486230689	-5.530713038743276	0.1619640237483449	-12.23369870089025	0.1772912068742611	-12.44196583418611	0.4020184498198928	-14.55948236688699
184709762368193.6	0.01085826651719796	-5.546309390754256	0.1613911459432258	-12.25555285470580	0.1767518747073891	-12.46507326998801	0.4006314807182910	-14.59362837080822
184641368232535.2	0.01111502998281324	-5.562708434722349	0.1608306923258561	-12.27744754943344	0.1762314059037590	-12.48821766882561	0.3991561749359652	-14.62759195295979
184573024727945.8	0.01137326026465797	-5.579857187171226	0.1602818835987195	-12.29938796050598	0.1757288481574004	-12.51140764983467	0.3975958692692928	-14.66136099944250
184504731798224.0	0.01163266640261986	-5.597705572647787	0.1597438996741940	-12.32137901168748	0.1752431288674461	-12.53465146178970	0.3959542384432109	-14.69492329092025
184436489387251.9	0.01189298008966978	-5.616206402478520	0.1592158829445066	-12.34342535477312	0.1747730633933574	-12.55795690110905	0.3942353101860401	-14.72826656362976
184368297438994.3	0.01215395432864773	-5.635315316865922	0.1586969416924594	-12.36553135086304	0.1743173648766572	-12.58133123590686	0.3924434772617190	-14.76137858440455
184300155897499.1	0.01241536213669061	-5.654990700467977	0.1581861536241337	-12.38770105348346	0.1738746554503680	-12.60478113755248	0.3905835056626580	-14.79424723983771
184232064706896.6	0.01267699527906715	-5.675193579094593	0.1576825694555387	-12.40993821424069	0.1734434779635931	-12.62831262170503	0.3886605412247547	-14.82686065306481
184164023811399.7	0.01293866315554761	-5.695887505998504	0.1571852168502787	-12.43224620546840	0.1730223113878126	-12.65193099614268	0.3866800984558119	-14.85920725611257
184096033155304.0	0.01320019160220469	-5.717038438393105	0.1566931039349772	-12.45462807235559	0.1726095828538506	-12.67564082367625	0.3846480617567692	-14.89127596135543
184028092682986.8	0.01346142184259054	-5.738614612207870	0.1562052232440599	-12.47708650177024	0.1722036828412749	-12.69944589295989	0.3825706679007545	-14.92305628466144
183960202338908.0	0.01372220947094344	-5.760586415800885	0.1557205555827256	-12.49962381415153	0.1718029798771092	-12.72334920129455	0.3804544844708264	-14.95453849171713
183892362067609.1	0.01398242348853165	-5.782926265149462	0.1552380738989432	-12.52224195720376	0.1714058351579498	-12.74735294853962	0.3783063809774456	-14.98571375037574
183824571813713.5	0.01424194539021083	-5.805608482027639	0.1547567471462069	-12.54494250135145	0.1710106168396260	-12.77145854181627	0.3761334925316483	-15.01657428620152
183756831521926.1	0.01450066829867389	-5.828609176228954	0.1542755441193906	-12.56772663690854	0.1706157137586283	-12.79566661042986	0.3739431761301125	-15.04711353796494
183689141137033.4	0.01475849614392734	-5.851906132540107	0.1537934372467124	-12.59059517290181	0.1702195483714744	-12.81997703023009	0.3717429598025598	-15.07732630945866
183621500603903.3	0.01501534287172872	-5.875478702672811	0.1533094064083266	-12.61354854613732	0.1698205884140761	-12.84438895665046	0.3695404865662579	-15.10720891840163
183553909867484.7	0.01527113172123066	-5.899307703095435	0.1528224425303416	-12.63658681222957	0.1694173581116888	-12.86890086470166	0.3673434490635317	-15.13675932234465
183486368872807.6	0.01552579455568685	-5.923375318610778	0.1523315508892345	-12.65970962981185	0.1690084484365940	-12.89351059523058	0.3651595174739513	-15.16597722517369
183418877564982.8	0.01577927114314623	-5.947665009927341	0.1518357549399977	-12.68291630136515	0.1685925240560623	-12.91821540707277	0.3629962729792393	-15.19486419243808
183351435889202.1	0.01603150854882443	-5.972161427872569	0.1513340995356065	-12.70620576422355	0.1681683306621832	-12.94301203191749	0.3608611296678038	-15.22342371388918
183284043790737.6	0.01628246053764996	-5.996850332388050	0.1508256541468920	-12.72957659757037	0.1677347003443418	-12.96789673192671	0.3587612575938989	-15.25166124568849
183216701214941.8	0.01653208700820658	-6.021718516475515	0.1503095159448062	-12.75302703046518	0.1672905555349797	-12.99286535854589	0.3567035060361258	-15.27958422054543
183149408107247.8	0.01678035345672076	-6.046753734860511	0.1497848127356531	-12.77655495080234	0.1668349115667256	-13.01791341134833	0.3546943286249203	-15.30720202305841
183082164413168.5	0.01702723046993372	-6.071944637130635	0.1492507057408418	-12.80015791510477	0.1663668779071229	-13.04303609584425	0.3527397120633067	-15.33452592839896
183014970078297.0	0.01727269323385389	-6.097280704892711	0.1487063923708827	-12.82383316580653	0.1658856579152175	-13.06822837926208	0.3508451114110186	-15.36156900615831
182947825048306.3	0.01751672108377881	-6.122752193155447	0.1481511086860381	-12.84757764091542	0.1653905477806592	-13.09348504342351	0.3490153908633578	-15.38834598319044
182880729268948.7	0.01775929714411310	-6.148350076567048	0.1475841307708602	-12.87138795007769	0.1648809357361344	-13.11880073440827	0.3472547667380054	-15.41487305883721
182813682686056.5	0.01800040784096080	-6.174065996521787	0.1470047779587369	-12.89526043577846	0.1643562973075255	-13.14417000769168	0.3455667760402010	-15.44116771998541
182746685245541.2	0.01824004256017638	-6.199892213658292	0.1464124143394629	-12.91919116750172	0.1638161923368908	-13.16958736895590	0.3439542437431736	-15.46724850052635
182679736893393.6	0.01847819329762641	-6.225821562904021	0.1458064504832967	-12.94317595473028	0.1632602607815266	-13.19504731007568	0.3424192654724395	-15.49313472502245
182612837575683.6	0.01871485433323006	-6.251847411433468	0.1451863449763888	-12.96721036022478	0.1626882181122593	-13.22054434020233	0.3409632027813989	-15.51884623521128
182545987238560.1	0.01895002192846539	-6.277963619367574	0.1445516057660387	-12.99128971352899	0.1620998504578267	-13.24607301194200	0.3395866912503657	-15.54440310634231
182479185828250.8	0.01918369404692928	-6.304164503053432	0.1439017913148611	-13.01540912465415	0.1614950096329735	-13.27162794275256	0.3382896612800175	-15.56982536083430
182412433291062.1	0.01941587006380280	-6.330444800182295	0.1432365121777444	-13.03956351458958	0.1608736075547194	-13.29720383133959	0.3370713741986873	-15.59513269059475
182345729573378.8	0.01964655060831259	-6.356799639149575	0.1425554303769257	-13.06374758949722	0.1602356128616981	-13.32279547138136	0.3359304592090948	-15.62034417861650
182279074621664.4	0.01987573731248320	-6.383224508554878	0.1418582605739223	-13.08795587386876	0.1595810455633204	-13.34839776012500	0.3348649715356468	-15.64547805561078
182212468382460.4	0.02010343258832023	-6.409715228875157	0.1411447710105392	-13.11218273854378	0.1589099721649757	-13.37400570359403	0.3338724583527777	-15.67055147955487
182145910802386.4	0.02032963947292357	-6.436267926911175	0.1404147833538749	-13.13642240457664	0.1582225020272514	-13.39961441979290	0.3329500272962469	-15.69558034166547
182079401828140.3	0.02055436147234391	-6.462879011698842	0.1396681727145240	-13.16066895726749	0.1575187837260484	-13.42521913947485	0.3320944221173943	-15.72057911055898
182012941406497.2	0.02077760242323625	-6.489545152138451	0.1389048674816464	-13.18491636018063	0.1567990018060257	-13.45081520531313	0.3313021016378293	-15.74556071515001
181946529484310.4	0.02099936637142094	-6.516263256249282	0.1381248489778020	-13.20915846914086	0.1560633739270711	-13.47639807003509	0.3305693200171326	-15.77053646793045
181880166008510.7	0.02121965744495839	-6.543030451587805	0.1373281514349930	-13.23338905649735	0.1553121480163846	-13.50196329350029	0.3298922082385802	-15.79551602945851
181813850926106.0	0.02143847979010156	-6.569844067968122	0.1365148607345308	-13.25760181228918	0.1545456006034538	-13.52750654088432	0.3292668488353441	-15.82050741054307
181747584184181.8	0.02165583754462710	-6.596701621971044	0.1356851123331619	-13.28179033490264	0.1537640358200139	-13.55302358213950	0.3286893445289362	-15.84551701357020
181681365729900.4	0.02187173468257238	-6.623600800274456	0.1348390923490696	-13.30594818858931	0.1529677822379673	-13.57851028850161	0.3281558931262488	-15.87054971033333
181615195510501.4	0.02208617500003364	-6.650539446493695	0.1339770355285090	-13.33006889939354	0.1521571921196008	-13.60396263331628	0.3276628440379460	-15.89560894677874
181549073473301.0	0.02229916207440826	-6.677515548534068	0.1330992238985058	-13.35414596896365	0.1513326401399203	-13.62937669324950	0.3272067497888630	-15.92069687478073
181482999565692.1	0.02251069923318327	-6.704527227044034	0.1322059852688505	-13.37817288833020	0.1504945221632140	-13.65474865091044	0.3267844084202215	-15.94581450451039
181416973735144.3	0.02272078953116380	-6.731572724906757	0.1312976915888892	-13.40214315165073	0.1496432540094916	-13.68007479891434	0.3263928962278319	-15.97096187198049
181350995929203.5	0.02292943570653777	-6.758650397214465	0.1303747579421645	-13.42605028309416	0.1487792696997653	-13.70535154427717	0.3260295928103459	-15.99613821460762
181285066095492.0	0.02313664022142655	-6.785758703513634	0.1294376393264517	-13.44988782750253	0.1479030208313916	-13.73057541676101	0.3256921899046412	-16.02134215449745
181219184181708.1	0.02334240527968077	-6.812896200411005	0.1284868279443735	-13.47364935414546	0.1470149753024863	-13.75574307755914	0.3253786929555062	-16.04657188144943
181153350135626.1	0.02354673274863812	-6.840061533255598	0.1275228531800767	-13.49732850629831	0.1461156142823828	-13.78085132481029	0.3250874212004357	-16.07182532248996
181087563905096.3	0.02374962419757435	-6.867253430525102	0.1265462783823934	-13.52091899837332	0.1452054307575234	-13.80589710360099	0.3248169902874169	-16.09710030715343
181021825438044.6	0.02395108090265613	-6.894470698280017	0.1255576984871261	-13.54441462928686	0.1442849272782250	-13.83087751470936	0.3245662901227893	-16.12239471647929
180956134682472.5	0.02415110385293414	-6.921712215245938	0.1245577375432918	-13.56780929569783	0.1433546134765733	-13.85578982289764	0.3243344561971845	-16.14770661395866
180890491586457.1	0.02434969375650029	-6.948976928470206	0.1235470461519888	-13.59109700508509	0.1424150033725202	-13.88063146431364	0.3241208355904168	-16.17303435564428
180824896098150.6	0.02454685098966366	-6.976263848564880	0.1225263005526900	-13.61427191401816	0.1414666116939826	-13.90540004991350	0.3239249528801960	-16.19837666979834
180759348165780.6	0.02474257575656041	-7.003572048956509	0.1214961951724962	-13.63732827017801	0.1405099531104188	-13.93009337700688	0.3237464584066389	-16.22373273952542
180693847737649.5	0.02493686795930066	-7.030900660744450	0.1204574438042784	-13.66026048433587	0.1395455371976647	-13.95470942553393	0.3235850957911318	-16.24910222527083
180628394762134.8	0.02512972721611932	-7.058248870468662	0.1194107762253875	-13.68306313329810	0.1385738655964072	-13.97924635858009	0.3234406585765501	-16.27448527963165
180562989187688.6	0.02532115286835405	-7.085615918067033	0.1183569349850101	-13.70573096607013	0.1375954290768129	-14.00370251985776	0.3233129489422942	-16.29988253790906
180497630962837.8	0.02551114397138958	-7.113001094907826	0.1172966725272657	-13.72825891492062	0.1366107045334477	-14.02807642766330	0.3232017399307238	-16.32529508465358
180432320036183.8	0.02569969928114613	-7.140403742053643	0.1162307483009871	-13.75064210587323	0.1356201521551267	-14.05236676572240	0.3231067414649442	-16.35072439982193
180367056356402.3	0.02588681720263580	-7.167823248190270	0.1151599269746842	-13.77287588344718	0.1346242124143275	-14.07657236899246	0.3230275731623751	-16.37617228070398
180301839872243.0	0.02607249582810604	-7.195259049219862	0.1140849735468193	-13.79495579216474	0.1336233046085152	-14.10069221159548	0.3229637368254903	-16.40164076704071
180236670532530.2	0.02625673292310371	-7.222710627186166	0.1130066499483398	-13.81687757827737	0.1326178251167125	-14.12472538950314	0.3229145983654922	-16.42713204829841
180171548286161.7	0.02643952581228568	-7.250177507794200	0.1119257149227063	-13.83863723322063	0.1316081449054314	-14.14867109483476	0.3228793818808414	-16.45264834327785
180106473082109.3	0.02662087137823925	-7.277659259848533	0.1108429200201852	-13.86023098290767	0.1305946090322776	-14.17252859448107	0.3228571633381944	-16.47819179963740
180041444869418.7	0.02680076601733538	-7.305155494096787	0.1097590069050103	-13.88165529283187	0.1295775361638562	-14.19629720466484	0.3228468734210830	-16.50376438694142
179976463597208.9	0.02697920559064083	-7.332665862055679	0.1086747047449061	-13.90290687191387	0.1285572186228793	-14.21997626401851	0.3228473069736475	-16.52936779414643
179911529214672.3	0.02715618534468351	-7.360190054413276	0.1075907285979194	-13.92398268641292	0.1275339226829042	-14.24356510405702	0.3228571399076871	-16.55500332863889
179846641671074.8	0.02733169988139510	-7.387727800174955	0.1065077760420670	-13.94487994836370	0.1265078900212545	-14.26706302271609	0.3228749488148648	-16.58067183935244
179781800915755.3	0.02750574316449896	-7.415278866288324	0.1054265224501640	-13.96559608443862	0.1254793400814465	-14.29046926110833	0.3228992337517093	-16.60637366601154
179717006898125.9	0.02767830833468588	-7.442843054377647	0.1043476230567382	-13.98612878704538	0.1244484708175691	-14.31378296877851	0.3229284541654847	-16.63210855609119
179652259567671.5	0.02784938768909738	-7.470420199858041	0.1032717092952457	-14.00647598890547	0.1234154617677726	-14.33700318140129	0.3229610592220081	-16.65787564181862
179587558873949.6	0.02801897261031949	-7.498010170187373	0.1021993869870635	-14.02663585734343	0.1223804769374671	-14.36012879758133	0.3229955224739721	-16.68367342460028
179522904766590.7	0.02818705349361843	-7.525612862968936	0.1011312347121317	-14.04660678671919	0.1213436679774152	-14.38315855841093	0.3230303772537707	-16.70949977920968
179458297195297.5	0.02835361963950794	-7.553228203430615	0.1000678035961791	-14.06638740390073	0.1203051772516341	-14.40609102785868	0.3230642529549010	-16.73535196761673
179393736109845.3	0.02851865923696205	-7.580856143024556	0.09900961400055487	-14.08597653127266	0.1192651419468845	-14.42892458338770	0.3230959061247849	-16.76122669851244
179329221460081.5	0.02868215931822949	-7.608496657421563	0.09795715344469551	-14.10537316075663	0.1182236978799108	-14.45165740880064	0.3231242506480786	-16.78712019778803
179264753195925.7	0.02884410559068802	-7.636149742637566	0.09691087928956309	-14.12457648095263	0.1171809820955003	-14.47428748222838	0.3231483888098775	-16.81302825689060
179200331267369.5	0.02900448240903466	-7.663815412932120	0.09587121662812224	-14.14358584098965	0.1161371366784641	-14.49681257857412	0.3231676326691615	-16.83894633656383
179135955624476.1	0.02916327270715490	-7.691493697939459	0.09483855796706986	-14.16240073160916	0.1150923119150625	-14.51923027340147	0.3231815220563800	-16.86486966968071
179071626217380.9	0.02932045793346182	-7.719184639646536	0.09381326315199087	-14.18102076452387	0.1140466691520364	-14.54153795123705	0.3231898368920473	-16.89079337295759
179007342996290.6	0.02947601793328942	-7.746888288491212	0.09279566166011130	-14.19944567559895	0.1130003828161614	-14.56373281355034	0.3231926048262160	-16.91671254526134
178943105911483.3	0.02962993104374682	-7.774604702020490	0.09178604747622057	-14.21767523459292	0.1119536437169475	-14.58581190689071	0.3231900970743609	-16.94262243779000
178878914913308.6	0.02978217393789199	-7.802333940062727	0.09078468367766146	-14.23570926730276	0.1109066596901115	-14.60777213459412	0.3231828249538660	-16.96851853929068
178814769952187.4	0.02993272157387931	-7.830076061113854	0.08979180364348707	-14.25354763293359	0.1098596565979498	-14.62961027891829	0.3231715269289494	-16.99439668901338
178750670978611.6	0.03008154718091327	-7.857831119001197	0.08880761140221838	-14.27119018744535	0.1088128790108107	-14.65132302793644	0.3231571489546955	-17.02025319306007
178686617943143.8	0.03022862223141160	-7.885599159189311	0.08783228300999493	-14.28863675582657	0.1077665901565864	-14.67290700241868	0.3231408197305044	-17.04608492362199
178622610796417.9	0.03037391640619094	-7.913380214841530	0.08686596872134547	-14.30588711076925	0.1067210712216757	-14.69435878237568	0.3231238210619314	-17.07188939994845
178558649489138.2	0.03051739756412855	-7.941174302799777	0.08590879553647958	-14.32294095320073	0.1056766201211624	-14.71567493333285	0.3231075537201004	-17.09766485214926
178494733972079.7	0.03065903189351068	-7.968981421586094	0.08496086358982638	-14.33979781705848	0.1046335509121023	-14.73685204642928	0.3230934981074330	-17.12341032993337
178430864196087.8	0.03079878373859536	-7.996801545385481	0.08402225509207043	-14.35645712223384	0.1035921905109812	-14.75788674923119	0.3230831763986601	-17.14912567201065
178367040112078.2	0.03093661568485255	-8.024634621049925	0.08309303425351663	-14.37291811864819	0.1025528767564826	-14.77877573495288	0.3230781098463554	-17.17481154381881
178303261671037.0	0.03107248858905587	-8.052480564340581	0.08217324979059476	-14.38917986053153	0.1015159557129946	-14.79951578333626	0.3230797766429553	-17.20046943080822
178239528824020.0	0.03120636162023025	-8.080339256229049	0.08126293756040452	-14.40524118216270	0.1004817787590207	-14.82010377796555	0.3230895704913173	-17.22610161053631
178175841522153.4	0.03133819224298270	-8.108210538510587	0.08036212580548427	-14.42110070554058	0.09945069917927212	-14.84053671349254	0.3231087608349346	-17.25171107848271
178112199716632.9	0.03146793647060154	-8.136094212414216	0.07947083103380939	-14.43675673662518	0.09842307014122904	-14.86081172062712	0.3231384562461986	-17.27730155035149
178048603358724.1	0.03159554878061085	-8.163990033393455	0.07858906672215323	-14.45220731726844	0.09739924076902408	-14.88092605610166	0.3231795718485125	-17.30287731704722
177985052399762.1	0.03172098222201641	-8.191897708111513	0.07771684543136066	-14.46745020057705	0.09637955341952176	-14.90087710294845	0.3232328010695632	-17.32844315053816
177921546791151.3	0.03184418852701254	-8.219816891493913	0.07685418117995592	-14.48248283232058	0.09536434114044279	-14.92066236503064	0.3232985931726504	-17.35400419433641
177858086484365.8	0.03196511821803470	-8.247747183774866	0.07600109236920662	-14.49730234260574	0.09435392536272694	-14.94027945509788	0.3233771369772917	-17.37956583822427
177794671430948.4	0.03208372067392864	-8.275688127188380	0.07515760650188091	-14.51190556377145	0.09334861376891124	-14.95972607339906	0.3234683504471895	-17.40513356716161
177731301582511.6	0.03219994437628086	-8.303639204659632	0.07432375876245773	-14.52628897828387	0.09234869936049904	-14.97899999682817	0.3235718794704312	-17.43071287076277
177667976890736.4	0.03231373699908764	-8.331599836917956	0.07349959648830853	-14.54044874362135	0.09135445925640845	-14.99809904956008	0.3236871019232161	-17.45630909125623
177604697307372.7	0.03242504550104674	-8.359569379798572	0.07268518372998668	-14.55438072478179	0.09036615405933314	-15.01702106978665	0.3238131378438981	-17.48192727334660
177541462784239.3	0.03253381631624974	-8.387547122715727	0.07188060247881360	-14.56808049261659	0.08938402815198765	-15.03576388209260	0.3239488675951482	-17.50757205561420
177478273273223.4	0.03263999551790424	-8.415532287007755	0.07108595499093122	-14.58154334271226	0.08840831039807777	-15.05432526535968	0.3240929556384187	-17.53324756003070
177415128726280.9	0.03274352894422864	-8.443524024080112	0.07030136749380116	-14.59476433938726	0.08743921524417983	-15.07270291629836	0.3242438784566979	-17.55895727905977
177352029095435.7	0.03284436246862220	-8.471521415195239	0.06952698891152524	-14.60773830567498	0.08647694479480272	-15.09089442608215	0.3243999606341653	-17.58470403001412
177288974332780.3	0.03294244217958327	-8.499523470534925	0.06876299275463875	-14.62045986092545	0.08552169098737301	-15.10889725037832	0.3245594127032547	-17.61048989216608
177225964390475.1	0.03303771448447675	-8.527529127740024	0.06800958153306906	-14.63292349975658	0.08457363795938913	-15.12670867513321	0.3247203688183254	-17.63631613446861
177162999220748.5	0.03313012634727584	-8.555537252016718	0.06726698641760420	-14.64512362075388	0.08363296515492542	-15.14432579824767	0.3248809296528699	-17.66218321170979
177100078775896.8	0.03321962548647456	-8.583546636079662	0.06653546812629411	-14.65705458016194	0.08269985052869466	-15.16174551266865	0.3250392046705384	-17.68809076582238
177037203008284.0	0.03330616052519143	-8.611555999882658	0.06581531918902965	-14.66871077357425	0.08177447378475848	-15.17896449122329	0.3251933517389715	-17.71403763033265
176974371870341.9	0.03338968130496807	-8.639563992197402	0.06510686047193812	-14.68008665349943	0.08085702004381776	-15.19597919311429	0.3253416212927081	-17.74002191202389
176911585314569.6	0.03347013906020390	-8.667569191090864	0.06441044211857916	-14.69117681351278	0.07994768308033629	-15.21278586561803	0.3254823929083903	-17.76604104090565
176848843293533.5	0.03354748655062809	-8.695570104284739	0.06372644547651005	-14.70197609626204	0.07904666834693548	-15.22938055032763	0.3256142058875135	-17.79209182324773
176786145759867.7	0.03362167830515426	-8.723565170869147	0.06305528092603931	-14.71247965801270	0.07815419597925040	-15.24575910809625	0.3257357899119189	-17.81817054871825
176723492666272.9	0.03369267082348480	-8.751552762889798	0.06239738669363992	-14.72268305548966	0.07727050333942823	-15.26191724903825	0.3258460889198788	-17.84427309549693
176660883965517.3	0.03376042270777471	-8.779531186557190	0.06175322942788190	-14.73258236607372	0.07639584701189787	-15.27785056508698	0.3259442756348017	-17.87039502294607
176598319610435.6	0.03382489503384480	-8.807498686031323	0.06112329660529006	-14.74217420581972	0.07553050462770553	-15.29355459237898	0.3260297722913936	-17.89653175130853
176535799553929.7	0.03388605141907224	-8.835453444606312	0.06050809818225486	-14.75145587962508	0.07467477561463670	-15.30902485446178	0.3261022500333477	-17.92267864521963
176473323748967.8	0.03394385819703839	-8.863393587214560	0.05990816419176189	-14.76042548421768	0.07382898151113293	-15.32425692220981	0.3261616267358684	-17.94883113625050
176410892148584.9	0.03399828462334240	-8.891317183529369	0.05932404079643548	-14.76908199512691	0.07299346564776239	-15.33924648252283	0.3262080601490130	-17.97498485405053
176348504705882.4	0.03404930304831143	-8.919222251050263	0.05875628681000553	-14.77742536373365	0.07216859209475982	-15.35398940896611	0.3262419333246989	-18.00113574374222
