214137470000000.0	0.03446228438357521	1.374086515814009	0.1201700705800214	-1.020252233917755	0.1224724972199131	-0.6124393860296233	0.7465532298856309	-1.935458484776007
214045552356560.3	0.03448256469296630	1.326478463270011	0.1203271927217677	-1.050809247547591	0.1221589297138220	-0.6445637353806993	0.7462284667800065	-1.991078905319145
213953713589816.9	0.03450673240104371	1.279031477227950	0.1204847638789037	-1.081581856627065	0.1218231004147678	-0.6766484593594295	0.7455832110518150	-2.046361071635270
213861953598284.4	0.03453467176012491	1.231736521039107	0.1206384242512637	-1.112580326488404	0.1214629751846797	-0.7086740986487820	0.7446438573127366	-2.101259159046179
213770272280651.6	0.03456620824136964	1.184585373317717	0.1207835927681388	-1.143809870747480	0.1210771180685999	-0.7406146419753534	0.7434482169377850	-2.155737509094539
213678669535780.6	0.03460111502986388	1.137570881588630	0.1209155610654447	-1.175270458216081	0.1206649300381477	-0.7724394824251558	0.7420419852079595	-2.209774930190090
213587145262707.0	0.03463912076897099	1.090687178130409	0.1210295917974131	-1.206956756153865	0.1202267814101357	-0.8041158828636960	0.7404745036350546	-2.263367263460386
213495699360639.3	0.03467991844633585	1.043929852683130	0.1211210210891974	-1.238858219312873	0.1197640291956825	-0.8356116362424988	0.7387942855948197	-2.316528039755705
213404331728958.6	0.03472317463809907	0.9972960806084300	0.1211853497501748	-1.270959221371810	0.1192789207435243	-0.8668976251602549	0.7370447929280748	-2.369287289521350
213313042267218.0	0.03476853958254659	0.9507847019621035	0.1212183377982700	-1.303239343002151	0.1187744038161434	-0.8979499749012302	0.7352608686877142	-2.421688621472208
213221830875142.5	0.03481565736648467	0.9043962524933722	0.1212160893464951	-1.335673722124331	0.1182538668754414	-0.9287515877608685	0.7334661812019292	-2.473784975494138
213130697452628.6	0.03486417627362599	0.8581329460776314	0.1211751330941405	-1.368233501953248	0.1177208437334271	-0.9592928994310094	0.7316718925381506	-2.525633517325180
213039641899743.7	0.03491375884181422	0.8119986112611303	0.1210924920598753	-1.400886329140610	0.1171787165793427	-0.9895718023496011	0.7298766405166166	-2.577290269460355
212948664116726.0	0.03496409124999914	0.7659985856025715	0.1209657379847452	-1.433596871742944	0.1166304502621901	-1.019592771593696	0.7280677777052682	-2.628805070902412
212857764003984.1	0.03501489224856844	0.7201395696589916	0.1207930393766715	-1.466327408966331	0.1160783888038097	-1.049365307189901	0.7262236606909757	-2.680217358122329
212766941462096.4	0.03506592107772562	0.6744294466898838	0.1205731941386495	-1.499038429421109	0.1155241325654029	-1.078901899304031	0.7243167066289444	-2.731553195069501
212676196391811.2	0.03511698452857661	0.6288770714893079	0.1203056538333045	-1.531689273764767	0.1149685080428911	-1.108215759192130	0.7223168490211864	-2.782823770947506
212585528694045.7	0.03516794269728164	0.5834920352074070	0.1199905322865718	-1.564238771893248	0.1144116277268619	-1.137318590347355	0.7201950270127450	-2.834025447745514
212494938269886.3	0.03521871328527458	0.5382844121039727	0.1196285978255746	-1.596645867636840	0.1138530285549173	-1.166218654154836	0.7179263563287348	-2.885141252040894
212404425020587.8	0.03526927470667438	0.4932644921896008	0.1192212573382272	-1.628870267622765	0.1132918709671624	-1.194919337242191	0.7154926743734762	-2.936143557604706
212313988847573.1	0.03531966762020750	0.4484425073718308	0.1187705250328533	-1.660873066656911	0.1127271709409205	-1.223418369582900	0.7128842563195392	-2.986997640397509
212223629652433.0	0.03536999511388610	0.4038283556039782	0.1182789823442358	-1.692617372936950	0.1121580380352740	-1.251707754055137	0.7101005745670539	-3.037665707649762
212133347336925.7	0.03542042139899537	0.3594313297099356	0.1177497263641081	-1.724068906899439	0.1115838910733636	-1.279774388648526	0.7071500860412571	-3.088111002557457
212043141802976.6	0.03547116878874416	0.3152598582507245	0.1171863019316070	-1.755196539562162	0.1110046264917906	-1.307601283521736	0.7040491285125275	-3.138301597572153
211953012952677.8	0.03552251354366928	0.2713212610551223	0.1165926304321436	-1.785972816304302	0.1104207249189458	-1.335169209533393	0.7008200626270060	-3.188213521079632
211862960688287.8	0.03557478030445862	0.2276215270049330	0.1159729282417666	-1.816374414130169	0.1098332846688500	-1.362458578516622	0.6974888896239986	-3.237832951916298
211772984912231.0	0.03562833531949552	0.1841651187395050	0.1153316184737909	-1.846382530270762	0.1092439819246723	-1.389451333869851	0.6940826011223173	-3.287157294225093
211683085527097.8	0.03568357891500661	0.1409548071346585	0.1146732446498562	-1.875983215969744	0.1086549666369856	-1.416132637438254	0.6906265278140610	-3.336195057684508
211593262435643.5	0.03574093651561377	0.09799154526160088	0.1140023689284491	-1.905167562471031	0.1080687045247753	-1.442492164216522	0.6871419807063643	-3.384964576935632
211503515540788.9	0.03580084938500919	0.05527437937988220	0.1133234791831139	-1.933931818596925	0.1074877900360624	-1.468524866463352	0.6836443847732860	-3.433491723928184
211413844745619.0	0.03586376476825134	0.01280040313569693	0.1126408953430770	-1.962277378141492	0.1069147503938303	-1.494231130133254	0.6801420946400646	-3.481806868019349
211324249953383.2	0.03593012565856727	-0.02943524298082667	0.1119586774603514	-1.990210630104633	0.1063518638728801	-1.519616316445943	0.6766359897350590	-3.529941409893457
211234731067495.0	0.03600036095161936	-0.07143932944390403	0.1112805495832492	-2.017742709026075	0.1058010153258811	-1.544689757862225	0.6731198483998081	-3.577924272314870
211145287991531.4	0.03607487524895894	-0.1132204465816001	0.1106098202495821	-2.044889065169316	0.1052636006166004	-1.569463330743002	0.6695814613810360	-3.625778688333820
211055920629232.5	0.03615403939586159	-0.1547888715040086	0.1099493205756888	-2.071668929383341	0.1047404934070140	-1.593949787802926	0.6660043204572840	-3.673519625910787
210966628884501.5	0.03623818169261665	-0.1961563939162253	0.1093013554139109	-2.098104658049210	0.1042320751545219	-1.618161053386404	0.6623696979412290	-3.721152085354952
210877412661404.0	0.03632757993931496	-0.2373361044247325	0.1086676680055867	-2.124220970587010	0.1037383229093129	-1.642106686961914	0.6586588948934166	-3.768670407019978
210788271864168.0	0.03642245462545096	-0.2783421512820959	0.1080494218077156	-2.150044109818678	0.1032589435692284	-1.665792698708613	0.6548554258974653	-3.816058625487970
210699206397183.1	0.03652296355889003	-0.3191894726630313	0.1074472027269947	-2.175600959030528	0.1027935381391619	-1.689220856767538	0.6509469266445032	-3.863291806946696
210610216165000.7	0.03662919744516763	-0.3598935073263621	0.1068610287060188	-2.200918103325993	0.1023417740944838	-1.712388555314724	0.6469266242376897	-3.910338176986123
210521301072333.2	0.03674117733002285	-0.4004698968666065	0.1062903834435794	-2.226020922865172	0.1019035485615560	-1.735289263161530	0.6427942283117636	-3.957161852705827
210432461024054.0	0.03685885350295623	-0.4409341844731973	0.1057342633793454	-2.250932717208491	0.1014791221682483	-1.757913490414849	0.6385561909394408	-4.003725888321966
210343695925196.8	0.03698210590012951	-0.4813015184133078	0.1051912369456922	-2.275673893314195	0.1010692090975862	-1.780250158162968	0.6342253332420135	-4.049995346354672
210255005680955.7	0.03711074631088730	-0.5215863702757800	0.1046595207737147	-2.300261263894409	0.1006750149728674	-1.802288217450181	0.6298198913448699	-4.095940133983085
210166390196684.4	0.03724452184874577	-0.5618022719846516	0.1041370607937654	-2.324707449525493	0.1002982180104444	-1.824018327162010	0.6253621012106062	-4.141537319820065
210077849377896.3	0.03738311974858707	-0.6019615791307367	0.1036216191612624	-2.349020413393412	0.09994089724971574	-1.845434405108038	0.6208764695621224	-4.186772732214266
209989383130263.9	0.03752617357502353	-0.6420752675409012	0.1031108686783822	-2.373203152790072	0.09960541741377123	-1.866534884091366	0.6163879050979217	-4.231641714133863
209900991359618.3	0.03767327044712166	-0.6821527657633042	0.1026024873300444	-2.397253540071911	0.09929428346075318	-1.887323533245493	0.6119199005217603	-4.276148958711110
209812673971949.5	0.03782395906023726	-0.7222018262275552	0.1020942497143740	-2.421164313127976	0.09900998158129218	-1.907809758568856	0.6074929429506706	-4.320307451179343
209724430873405.3	0.03797775870716365	-0.7622284395681225	0.1015841206907875	-2.444923232643600	0.09875482529014658	-1.928008363470765	0.6031232998746038	-4.364136668790682
209636261970291.4	0.03813416841329003	-0.8022367879935279	0.1010703359005701	-2.468513363963921	0.09853082210305682	-1.947938798455562	0.5988222978932876	-4.407660187233502
209548167169071.3	0.03829267639389532	-0.8422292399271040	0.1005514754745047	-2.491913496472793	0.09833957573591552	-1.967624004481815	0.5945961455374326	-4.450902987450133
209460146376365.1	0.03845276964639073	-0.8822063843903200	0.1000265295923335	-2.515098688889557	0.09818223326100399	-1.987088995562867	0.5904462994069166	-4.493888760976912
209372199498950.3	0.03861394331802033	-0.9221671015046850	0.09949495151399479	-2.538040919360645	0.09805948086730776	-2.006359352374151	0.5863703166853612	-4.536637495936065
209284326443760.5	0.03877570962671808	-0.9621086656434471	0.09895669647385452	-2.560709825104012	0.09797158628885304	-2.025459806785278	0.5823630857978426	-4.579163601129423
209196527117885.6	0.03893760646243059	-1.002026879422507	0.09841225115718127	-2.583073529952132	0.09791848085572140	-2.044413083780599	0.5784182899324266	-4.621474791237634
209108801428571.4	0.03909920508971401	-1.041916231523793	0.09786264543436410	-2.605099525072505	0.09789986871524661	-2.063239120889117	0.5745299407175133	-4.663571811536976
209021149283219.2	0.03926011690188700	-1.081770074525403	0.09730944781831731	-2.626755590981042	0.09791534872211853	-2.081954739435743	0.5706938138832146	-4.705449029887940
208933570589385.5	0.03941999939071523	-1.121580820032127	0.09675474962721042	-2.648010754607507	0.09796453357176370	-2.100573782898865	0.5669086352963935	-4.747095849158304
208846065254781.5	0.03957856098623676	-1.161340144877260	0.09620113347703699	-2.668836250722321	0.09804715110236074	-2.119107672537507	0.5631768959071483	-4.788498766034152
208758633187273.2	0.03973556473599025	-1.201039204220788	0.09565162738244890	-2.689206467888395	0.09816311572078043	-2.137566282462545	0.5595052139269705	-4.829643862917414
208671274294880.7	0.03989083078557040	-1.240668847283279	0.09510964542443354	-2.709099855102065	0.09831256188961510	-2.155958998780368	0.5559042100153999	-4.870519474472232
208583988485778.0	0.04004423796795334	-1.280219833613277	0.09457892168278760	-2.728499775366466	0.09849583661504921	-2.174295809500458	0.5523879132866829	-4.911118779351051
208496775668292.7	0.04019572359533609	-1.319683040428392	0.09406342351298946	-2.747395242069311	0.09871345223184712	-2.192588266002571	0.5489727544253773	-4.951441971014509
208409635750905.5	0.04034528250346591	-1.359049663768905	0.09356726358885170	-2.765781548409734	0.09896600676981757	-2.210850187427198	0.5456762542266417	-4.991497857924059
208322568642250.4	0.04049296484180030	-1.398311406672636	0.09309460347118834	-2.783660737784409	0.09925408196904176	-2.229098005049868	0.5425155373445861	-5.031304666573021
208235574251113.6	0.04063887278768507	-1.437460652016882	0.09264955325783378	-2.801041890829490	0.09957813202489935	-2.247350695066988	0.5395058213015335	-5.070889954370475
208148652486433.8	0.04078315619026114	-1.476490616825363	0.09223606899425860	-2.817941200831334	0.09993837700220040	-2.265629300183457	0.5366590311483804	-5.110289614780986
208061803257301.8	0.04092600756680939	-1.515395487405560	0.09185785611612979	-2.834381830673278	0.1003347142787589	-2.283956091692307	0.5339826817880717	-5.149546084161690
207975026472959.8	0.04106765610902349	-1.554170530587523	0.09151827483173908	-2.850393522674412	0.1007666588672588	-2.302353467847755	0.5314791321598930	-5.188705887548364
207888322042801.5	0.04120836097812129	-1.592812180279248	0.09122025331805857	-2.866011966445249	0.1012333202094538	-2.320842716674409	0.5291452822341610	-5.227816781689557
207801689876371.7	0.04134840426636773	-1.631318099282803	0.09096621552536117	-2.881277945607491	0.1017334187137939	-2.339442784072037	0.5269727398533450	-5.266924801147066
207715129883365.7	0.04148808354426885	-1.669687214231383	0.09075802280970950	-2.896236278813337	0.1022653406301363	-2.358169185621212	0.5249484290933794	-5.306071486532278
207628641973629.4	0.04162770421397150	-1.707919723626058	0.09059693279574246	-2.910934594342540	0.1028272256839804	-2.377033179934138	0.5230555714070179	-5.345291569836031
207542226057158.7	0.04176757174333504	-1.746017078706777	0.09048357600856735	-2.925421982409708	0.1034170783746758	-2.396041288562208	0.5212749329128559	-5.384611323675224
207455882044099.3	0.04190798433167195	-1.783981939749975	0.09041795690725547	-2.939747597114189	0.1040328915936137	-2.415195201653105	0.5195862180760575	-5.424047732114996
207369609844746.3	0.04204922554237088	-1.821818105943911	0.09039947043903077	-2.953959243069692	0.1046727700830110	-2.434492072062446	0.5179694620588606	-5.463608485031083
207283409369544.1	0.04219155742781773	-1.859530422560114	0.09042693905671477	-2.968102022761651	0.1053350418622785	-2.453925152514370	0.5164062988335898	-5.503292777338367
207197280529085.8	0.04233521435367257	-1.897124668012060	0.09049866956252167	-2.982217105043868	0.1060183473832980	-2.473484697263440	0.5148809960613191	-5.543092794427753
207111223234113.3	0.04248039748848648	-1.934607422827057	0.09061252529468721	-2.996340658088271	0.1067216988767085	-2.493159029273140	0.5133811708670473	-5.582995694062843
207025237395516.2	0.04262727011920421	-1.971985924035577	0.09076601164600329	-3.010502988686008	0.1074445057649850	-2.512935660812385	0.5118981394293312	-5.622985872010783
206939322924332.6	0.04277595383206101	-2.009267908348302	0.09095637109623879	-3.024727913343586	0.1081865656806134	-2.532802358006550	0.5104268878862630	-5.663047279328339
206853479731747.8	0.04292652580278425	-2.046461448713814	0.09118068661551994	-3.039032383601284	0.1089480242327875	-2.552748049006667	0.5089656935274749	-5.703165576928504
206767707729094.7	0.04307901714723414	-2.083574787801526	0.09143598863426723	-3.053426364156708	0.1097293097123221	-2.572763500785175	0.5075154507610278	-5.743329925325278
206682006827853.0	0.04323341201844461	-2.120616171083925	0.09171935814041776	-3.067912940776194	0.1105310511697317	-2.592841723602335	0.5060787747079570	-5.783534244033062
206596376939649.2	0.04338964803666686	-2.157593685896297	0.09202803017939240	-3.082488666107670	0.1113539898400777	-2.612978077872423	0.5046589959693633	-5.823777865456639
206510817976256.2	0.04354761764768695	-2.194515108597742	0.09235949010468604	-3.097144102928408	0.1121988939329533	-2.633170105956059	0.5032591427894595	-5.864065529157452
206425329849592.9	0.04370717043950216	-2.231387763586821	0.09271156115924041	-3.111864539665504	0.1130664860540194	-2.653417132755825	0.5018810152293520	-5.904406746924829
206339912471724.1	0.04386811634074234	-2.268218397147495	0.09308248126351250	-3.126630846903639	0.1139573907057960	-2.673719702660334	0.5005244411550209	-5.944814626098951
206254565754860.1	0.04403022950452596	-2.305013068255355	0.09347096619446603	-3.141420438501364	0.1148721067208660	-2.694078936758623	0.4991867799760431	-5.985304288525180
206169289611356.1	0.04419325323089850	-2.341777060010728	0.09387626292408348	-3.156208325441618	0.1158110067715843	-2.714495885134487	0.4978627286908879	-6.025891068578186
206084083953712.6	0.04435690498283232	-2.378514810049430	0.09429818304776316	-3.170968196640102	0.1167743624134447	-2.734970973476536	0.4965444185645994	-6.066588667735307
205998948694574.5	0.04452088199829685	-2.415229863128977	0.09473712287605075	-3.185673524701405	0.1177623908970615	-2.755503596162964	0.4952218006281264	-6.107407470335134
205913883746730.9	0.04468486722253258	-2.451924845602156	0.09519406826916016	-3.200298662717129	0.1187753173743436	-2.776091903852785	0.4938832695837168	-6.148353183798194
205828889023115.0	0.04484853533660213	-2.488601461182887	0.09567058336965406	-3.214819901712315	0.1198134445686951	-2.796732808427696	0.4925164553874072	-6.189425931529844
205743964436803.8	0.04501155877794619	-2.525260507346822	0.09616878397912335	-3.229216464287241	0.1208772214010439	-2.817422199461117	0.4911091011980334	-6.230619878569362
205659109901017.3	0.04517361361724727	-2.561901911128440	0.09669129623989077	-3.243471409179265	0.1219673023503372	-2.838155343362596	0.4896499400852115	-6.271923414673444
205574325329119.1	0.04533438507762626	-2.598524782419992	0.09724120082873100	-3.257572418757817	0.1230845904031077	-2.858927419454757	0.4881294837941994	-6.313319867078682
205489610634615.4	0.04549357295470240	-2.635127484100846	0.09782196749610995	-3.271512461695842	0.1242302588326840	-2.879734119555519	0.4865406609648783	-6.354788662049139
205404965731154.7	0.04565089622674780	-2.671707714785980	0.09843737590796427	-3.285290284218531	0.1254057484444862	-2.900572261342521	0.4848792315297057	-6.396306826303158
205320390532528.1	0.04580609711875924	-2.708262603062029	0.09909142832585077	-3.298910726142034	0.1266127404220291	-2.921440338502381	0.4831439528411034	-6.437850687370755
205235884952668.4	0.04595894461292529	-2.744788810944196	0.09978825699236853	-3.312384849763740	0.1278531073267629	-2.942338946684528	0.4813364883417800	-6.479397616623487
205151448905650.0	0.04610923718151649	-2.781282643477991	0.1005320273881175	-3.325729865689112	0.1291288467511180	-2.963271046115757	0.4794610667794194	-6.520927663933015
205067082305688.8	0.04625680474778734	-2.817740162097286	0.1013268407020387	-3.338968855172606	0.1304420040845574	-2.984242033661437	0.4775239277540874	-6.562424942031842
204982785067141.7	0.04640150984680847	-2.854157299220155	0.1021766385349330	-3.352130294426552	0.1317945918170662	-3.005259619107505	0.4755326062314714	-6.603878642162256
204898557104506.2	0.04654324797619536	-2.890529971632319	0.1030851128863559	-3.365247394972990	0.1331885130246518	-3.026333521029881	0.4734951219258458	-6.645283595067699
204814398332420.6	0.04668194701373355	-2.926854189909208	0.1040556234273007	-3.378357277790422	0.1346254957908641	-3.047475020736215	0.4714191433805017	-6.686640337099545
204730308665663.1	0.04681756637141046	-2.963126163675462	0.1050911295620475	-3.391500037702758	0.1361070457505695	-3.068696397293515	0.4693112172747390	-6.727954650247671
204646288019151.8	0.04695009463249854	-2.999342396645562	0.1061941299570169	-3.404717684938917	0.1376344177854425	-3.090010348027326	0.4671760971213547	-6.769236674830657
204562336307944.8	0.04707954701133865	-3.035499773584001	0.1073666211099732	-3.418053057436523	0.1392086111873054	-3.111429404332561	0.4650162606491805	-6.810499624649504
204478453447238.9	0.04720596206397311	-3.071595635552022	0.1086100713351862	-3.431548723683390	0.1408303862300823	-3.132965419700477	0.4628316375784995	-6.851758247939039
204394639352370.5	0.04732939785280765	-3.107627842406906	0.1099254117229807	-3.445245925694110	0.1425002994542332	-3.154629168749849	0.4606195691641252	-6.893027168881948
204310893938814.5	0.04744992765520472	-3.143594821397076	0.1113130440047036	-3.459183603675205	0.1442187529160760	-3.176430086316226	0.4583749959724030	-6.934319257476271
204227217122184.3	0.04756763531487120	-3.179495600952925	0.1127728645915823	-3.473397538266032	0.1459860514181142	-3.198376159225538	0.4560908496323217	-6.975644169025717
204143608818231.4	0.04768261034020378	-3.215329829073994	0.1143043034618154	-3.487919638728182	0.1478024611775710	-3.220473966396695	0.4537586066106395	-7.017007174155799
204060068942845.4	0.04779494277437930	-3.251097775742588	0.1159063755943950	-3.502777393713010	0.1496682631921283	-3.242728851322623	0.4513689472757939	-7.058408375227941
203976597412053.4	0.04790471834277486	-3.286800320544344	0.1175777449347525	-3.517993508744785	0.1515837973384259	-3.265145178630824	0.4489124662197275	-7.099842331093344
203893194142019.9	0.04801201332044837	-3.322438923808666	0.1193167945675194	-3.533585708153006	0.1535494904320457	-3.287726662921649	0.4463803561988786	-7.141298147309897
203809859049046.3	0.04811688970952537	-3.358015583334069	0.1211217033329984	-3.549566712178014	0.1555658675855272	-3.310476707083943	0.4437650177901662	-7.182759968545857
203726592049571.0	0.04821939078826105	-3.393532777486809	0.1229905258709936	-3.565944373922822	0.1576335463907647	-3.333398710678615	0.4410605448280762	-7.224207809381523
203643393060168.8	0.04831953702582548	-3.428993395578668	0.1249212729650021	-3.582721954100948	0.1597532149865701	-3.356496317538468	0.4382630487640105	-7.265618639125369
203560261997550.7	0.04841732249383676	-3.464400657124870	0.1269119900140193	-3.599898513059765	0.1619255974038900	-3.379773575113242	0.4353708043064943	-7.306967607754134
203477198778563.6	0.04851271185690210	-3.499758021692829	0.1289608314626952	-3.617469396318011	0.1641514107563873	-3.403234991362094	0.4323842150351548	-7.348229295289323
203394203320190.3	0.04860563801082832	-3.535069091251605	0.1310661292840997	-3.635426789367567	0.1664313196468371	-3.426885487461662	0.4293056142277922	-7.389378869335300
203311275539548.8	0.04869600042454778	-3.570337507069649	0.1332264538957798	-3.653760318100803	0.1687658933747034	-3.450730256686160	0.4261389307305538	-7.430393047260901
203228415353892.1	0.04878366416002003	-3.605566843103022	0.1354406659475623	-3.672457670909465	0.1711555706758783	-3.474774552769306	0.4228892603789471	-7.471250786106467
203145622680608.3	0.04886845987365154	-3.640760498936359	0.1377079589896794	-3.691505229921039	0.1736006381911001	-3.499023424206122	0.4195623954226627	-7.511933616180694
203062897437220.0	0.04895018440000097	-3.675921593196152	0.1400278906849837	-3.710888682005207	0.1761012228982311	-3.523481443883510	0.4161643581197290	-7.552425632725723
202980239541384.0	0.04902860206669236	-3.711052860005103	0.1424004028153180	-3.730593598958438	0.1786573005645343	-3.548152460136890	0.4127009912139427	-7.592713141695944
202897648910891.1	0.04910344689052645	-3.746156551054487	0.1448258304280325	-3.750605978230619	0.1812687211210791	-3.573039391549609	0.4091776507226181	-7.632783985120573
202815125463665.9	0.04917442543125464	-3.781234344542487	0.1473048994829838	-3.770912728398228	0.1839352474497333	-3.598144097008906	0.4055990319075917	-7.672626639825592
202732669117766.6	0.04924122030115467	-3.816287262791899	0.1498387134681103	-3.791502092243450	0.1866566043051347	-3.623467334220410	0.4019691488064741	-7.712229185014785
202650279791384.5	0.04930349426704264	-3.851315599971097	0.1524287294844063	-3.812364000922867	0.1894325326855074	-3.649008812625629	0.3982914716612659	-7.751578256055412
202567957402843.6	0.04936089487053179	-3.886318861099412	0.1550767245146291	-3.833490354632218	0.1922628443700059	-3.674767337026598	0.3945692107662623	-7.790658108573286
202485701870600.9	0.04941305948354803	-3.921295713262777	0.1577847527907146	-3.854875227004515	0.1951474712636070	-3.700741029367903	0.3908057204403015	-7.829449912850929
202403513113245.8	0.04945962070972630	-3.956243949706055	0.1605550953599774	-3.876514992249169	0.1980865046155148	-3.726927608910637	0.3870049843350897	-7.867931383874947
202321391049499.6	0.04950021200147224	-3.991160467071266	0.1633902030543345	-3.898408375037366	0.2010802196269452	-3.753324707337738	0.3831721340976185	-7.906076832853177
202239335598215.5	0.04953447351551962	-4.026041256394197	0.1662926344973502	-3.920556428029451	0.2041290839774391	-3.779930186976622	0.3793139489453308	-7.943857676358592
202157346678378.4	0.04956205806237916	-4.060881407665049	0.1692649905061991	-3.942962439980413	0.2072337486359016	-3.806742436867794	0.3754392821927786	-7.981243421937560
202075424209104.4	0.04958263677722826	-4.095675126594164	0.1723098461191281	-3.965631774820372	0.2103950175904915	-3.833760631938269	0.3715593650287172	-8.018203139670412
201993568109640.8	0.04959590488138621	-4.130415764928535	0.1754296826464488	-3.988571658093732	0.2136138038447972	-3.860984918049516	0.3676879470504210	-8.054707299737141
201911778299365.6	0.04960158715652427	-4.165095862634424	0.1786268208691794	-4.011790913336899	0.2168910713857470	-3.888416519823972	0.3638412426371944	-8.090729909095568
201830054697787.4	0.04959944311167477	-4.199707201478601	0.1819033570957901	-4.035299659259644	0.2202277679888048	-3.916057761937056	0.3600376675286134	-8.126250804446130
201748397224544.8	0.04958927176456072	-4.234240869191909	0.1852611035711413	-4.059108978020589	0.2236247536416712	-3.943912004411444	0.3562973657831468	-8.161257938956853
201666805799406.8	0.04957091596586236	-4.268687333317070	0.1887015345954705	-4.083230565330202	0.2270827295999164	-3.971983499397845	0.3526415441467756	-8.195749481733698
201585280342271.9	0.04954426620232271	-4.303036523783712	0.1922257395364923	-4.107676373193678	0.2306021728944954	-4.000277182844132	0.3490916473876002	-8.229735542660993
201503820773168.1	0.04950926382294996	-4.337277923207457	0.1958343837111336	-4.132458255806941	0.2341832805103171	-4.028798418919677	0.3456684230832300	-8.263239344192931
201422427012252.6	0.04946590364101896	-4.371400663873788	0.1995276778831426	-4.157587628456398	0.2378259265331529	-4.057552717710804	0.3423909363302884	-8.296297688474398
201341098979811.6	0.04941423587322547	-4.405393630339881	0.2033053568782162	-4.183075148285122	0.2415296343929786	-4.086545447429969	0.3392756025362688	-8.328960613716383
201259836596259.9	0.04935436733571071	-4.439245566341716	0.2071666676176540	-4.208930423737344	0.2452935640254230	-4.115781562490907	0.3363353091652193	-8.361290203219319
201178639782140.9	0.04928646210689382	-4.472945185893001	0.2111103663898157	-4.235161762420409	0.2491165180999506	-4.145265358940394	0.3335786907886704	-8.393358547383736
201097508458126.1	0.04921074125854847	-4.506481285748466	0.2151347253882029	-4.261775955848870	0.2529969582624544	-4.175000280628924	0.3310096166312118	-8.425245020712286
201016442545014.8	0.04912748191075289	-4.539842859190751	0.2192375480006552	-4.288778108165531	0.2569330335779393	-4.204988777375644	0.3286269287605275	-8.457033022222474
200935441963734.0	0.04903701561967759	-4.573019209933650	0.2234161921481475	-4.316171510149248	0.2609226183061811	-4.235232218877448	0.3264244501200344	-8.488806417237431
200854506635338.3	0.04893972603415581	-4.606000064544846	0.2276676009926855	-4.343957557166682	0.2649633538470661	-4.265730864784148	0.3243912603184845	-8.520645959781128
200773636481009.3	0.04883604587048359	-4.638775682220204	0.2319883401145875	-4.372135710094921	0.2690526918853230	-4.296483884399901	0.3225122141074832	-8.552625959419803
200692831422055.3	0.04872645324042595	-4.671336960568205	0.2363746401947218	-4.400703496714276	0.2731879355655072	-4.327489416973863	0.3207686587202150	-8.584811428526781
200612091379911.5	0.04861146737418537	-4.703675536033222	0.2408224441853338	-4.429656550211712	0.2773662761285580	-4.358744661373539	0.3191392923198194	-8.617255889276931
200531416276139.4	0.04849164378934757	-4.735783877547759	0.2453274579306579	-4.458988680801328	0.2815848232203432	-4.390245983069906	0.3176010982309100	-8.649999947004803
200450806032426.6	0.04836756896527648	-4.767655371983862	0.2498852032023466	-4.488691976064495	0.2858406279732916	-4.421989026676232	0.3161302887604061	-8.683070658834868
200370260570586.7	0.04823985459066045	-4.799284399969610	0.2544910721402139	-4.518756925413785	0.2901306988572799	-4.453968823622724	0.3147031977224355	-8.716481654114300
200289779812558.6	0.04810913145982781	-4.830666400659085	0.2591403821328252	-4.549172564070601	0.2944520111292424	-4.486179886702264	0.3132970710454491	-8.750233904213447
200209363680406.8	0.04797604310067707	-4.861797924090268	0.2638284302297842	-4.579926632078119	0.2988015113824981	-4.518616285884561	0.3118907184351372	-8.784316998445735
200129012096321.1	0.04784123922238358	-4.892676669859378	0.2685505462452743	-4.611005744124698	0.3031761191815911	-4.551271702668866	0.3104650042628976	-8.818710761588619
200048724982615.7	0.04770536904510270	-4.923301510905878	0.2733021439784758	-4.642395565773500	0.3075727268410756	-4.584139463105023	0.3090031719738662	-8.853387049478002
199968502261729.7	0.04756907476407330	-4.953672501697318	0.2780787690168968	-4.674080994892574	0.3119882048101035	-4.617212552006193	0.3074910051045508	-8.888311548222818
199888343856226.6	0.04743298498654774	-4.983790869517508	0.2828761438939453	-4.706046341271750	0.3164194058558794	-4.650483613530657	0.3059168505642169	-8.923445477429448
199808249688793.9	0.04729770843018896	-5.013658988813806	0.2876902091819220	-4.738275504478656	0.3208631755686405	-4.683944943263617	0.3042715271118346	-8.958747071860636
199728219682243.0	0.04716382797440311	-5.043280338278349	0.2925171600536078	-4.770752147493761	0.3253163699340710	-4.717588478962727	0.3025481519244216	-8.994172776204881
199648253759508.8	0.04703189511720335	-5.072659440736899	0.2973534782106810	-4.803459863521434	0.3297758786362882	-4.751405796397020	0.3007419215466836	-9.029678126106372
199568351843649.9	0.04690242495109420	-5.101801786373821	0.3021959587935904	-4.836382334646173	0.3342386542263119	-4.785388116081043	0.2988498807516785	-9.065218314792485
199488513857847.7	0.04677589174695809	-5.130713740177506	0.3070417320467123	-4.869503481060144	0.3387017460940079	-4.819526325442755	0.2968707094507961	-9.100748477108667
199408739725406.6	0.04665272522781144	-5.159402434878533	0.3118882795824025	-4.902807599843952	0.3431623376299442	-4.853811019363699	0.2948045516541091	-9.136223748403314
199329029369753.5	0.04653330760220860	-5.187875651038341	0.3167334451550090	-4.936279492503773	0.3476177845695855	-4.888232560170191	0.2926529026371614	-9.171599175313315
199249382714437.9	0.04641797141487013	-5.216141686302312	0.3215754399215154	-4.969904580649563	0.3520656522987343	-4.922781156314582	0.2904185616095756	-9.206829568180819
199169799683131.4	0.04630699825894517	-5.244209216156516	0.3264128422294581	-5.003669009348347	0.3565037498718459	-4.957446957287520	0.2881056480433659	-9.241869390004453
199090280199627.3	0.04620061837764197	-5.272087148798200	0.3312445920350942	-5.037559737813193	0.3609301586669316	-4.992220160852541	0.2857196711390430	-9.276672774288802
199010824187840.9	0.04609901116715390	-5.299784476937266	0.3360699801157349	-5.071564617191171	0.3653432539390609	-5.027091127666433	0.2832676343665216	-9.311193754081854
198931431571808.5	0.04600230657638124	-5.327310129487223	0.3408886322994518	-5.105672455302561	0.3697417179996499	-5.062050497753443	0.2807581511957298	-9.345386767409687
198852102275687.9	0.04591058738036994	-5.354672826157303	0.3457004889928161	-5.139873068266144	0.3741245443181179	-5.097089303158799	0.2782015444739925	-9.379207481056987
198772836223757.7	0.04582389229025887	-5.381880937942067	0.3505057803426668	-5.174157319018301	0.3784910324347691	-5.132199071470227	0.2756099007036181	-9.412613946262976
198693633340417.1	0.04574221984481799	-5.408942356398935	0.3553049974202844	-5.208517142812860	0.3828407741674623	-5.167371915596421	0.2729970518533875	-9.445568067677973
198614493550185.9	0.04566553301446071	-5.435864374429984	0.3600988598653107	-5.242945559867719	0.3871736321183302	-5.202600606237706	0.2703784612753182	-9.478037332384478
198535416777704.0	0.04559376441890606	-5.462653581231402	0.3648882806824154	-5.277436675058580	0.3914897111437815	-5.237878624070854	0.2677709973285122	-9.509996711148444
198456402947731.5	0.04552682214002331	-5.489315772835093	0.3696743278442555	-5.311985666449679	0.3957893277319868	-5.273200193542597	0.2651925830085885	-9.541430609088746
198377451985147.8	0.04546459592435553	-5.515855881043025	0.3744581844406602	-5.346588761129898	0.4000729746587842	-5.308560294924037	0.2626617270095520	-9.572334719849032
198298563814952.3	0.04540696369410150	-5.542277922083297	0.3792411076779039	-5.381243199377688	0.4043412840075232	-5.343954656994104	0.2601969472184947	-9.602717612886517
198219738362263.2	0.04535379831618298	-5.568584965328252	0.3840243865682759	-5.415947189076015	0.4085949929260895	-5.379379735654431	0.2578161074480706	-9.632601878861692
198140975552317.9	0.04530497445470658	-5.594779123355900	0.3888092996064686	-5.450699850011444	0.4128349110060454	-5.414832679630354	0.2555357032556395	-9.662024669780861
198062275310472.7	0.04526037540572526	-5.620861563487865	0.3935970728652628	-5.485501149244795	0.4170618909698985	-5.450311287684711	0.2533701381319721	-9.691037498536799
197983637562202.2	0.04521989979979572	-5.646832540720294	0.3983888391112184	-5.520351828550127	0.4212768032391439	-5.485813961280086	0.2513310373482000	-9.719705212186694
197905062233099.6	0.04518346805952367	-5.672691451602547	0.4031855985220059	-5.555253325020052	0.4254805145007992	-5.521339656367029	0.2494266482126323	-9.748104119842049
197826549248876.0	0.04515102850487478	-5.698436908298544	0.4079881815579697	-5.590207686019594	0.4296738699416010	-5.556887837448479	0.2476613724034633	-9.776319333628711
197748098535360.2	0.04512256300495073	-5.724066831767800	0.4127972145020098	-5.625217479739872	0.4338576784408627	-5.592458436306952	0.2460354682975447	-9.804441460448841
197669710018498.9	0.04509809208022073	-5.749578562720583	0.4176130881345609	-5.660285702653169	0.4380326997278002	-5.628051816846424	0.2445449493222111	-9.832562852064990
197591383624356.1	0.04507767936817804	-5.774968988762059	0.4224359299552698	-5.695415685196525	0.4421996323303969	-5.663668746525857	0.2431816894600283	-9.860773670472545
197513119279112.8	0.04506143537343542	-5.800234685906916	0.4272655803007786	-5.730610997011254	0.4463591010986237	-5.699310373891048	0.2419337307771761	-9.889158046492408
197434916909066.9	0.04504952043160149	-5.825372072431851	0.4321015726408687	-5.765875353044070	0.4505116431657715	-5.734978210836917	0.2407857721100600	-9.917790598537579
197356776440633.2	0.04504214682669051	-5.850377572838022	0.4369431182637268	-5.801212521763438	0.4546576914084049	-5.770674117541141	0.2397198046405286	-9.946733537632667
197278697800342.9	0.04503958001094051	-5.875247789495027	0.4417890954877787	-5.836626236672864	0.4587975547689995	-5.806400287531736	0.2387158504412244	-9.976034521051419
197200680914843.1	0.04504213888704638	-5.899979679356838	0.4466380434634451	-5.872120112205026	0.4629313951727487	-5.842159230134492	0.2377527550032406	-10.00572534069626
197122725710897.3	0.04505019512360725	-5.924570732956410	0.4514881605552171	-5.907697564965432	0.4670592011835728	-5.877953747591607	0.2368089844144396	-10.03582145480186
197044832115384.6	0.04506417148754009	-5.949019152725467	0.4563373072244242	-5.943361741162345	0.4711807589576278	-5.913786904455988	0.2358633817708281	-10.06632230255308
196967000055299.5	0.04508453918746319	-5.973324027506353	0.4611830132668019	-5.979115450916680	0.4752956214456389	-5.949661987369617	0.2348958446637282	-10.09721228765974
196889229457752.1	0.04511181423835987	-5.997485500011751	0.4660224891986000	-6.014961109993713	0.4794030771166530	-5.985582454067430	0.2338878950515156	-10.12846228214487
196811520249967.1	0.04514655286945332	-6.021504923865267	0.4708526415306739	-6.050900689345344	0.4835021197185487	-6.021551871236574	0.2328231233334002	-10.16003148558854
196733872359284.6	0.04518934601354640	-6.045385006803783	0.4756700916232945	-6.086935672698186	0.4875914207251793	-6.057573841743995	0.2316874989607795	-10.19186947543022
196656285713158.9	0.04524081293122399	-6.069129936624625	0.4804711977754452	-6.123067022275870	0.4916693061362766	-6.093651922581243	0.2304695496335557	-10.22391829695632
196578760239159.0	0.04530159403945119	-6.092745486527582	0.4852520801716558	-6.159295152604843	0.4957337392028857	-6.129789535643426	0.2291604194594379	-10.25611446327392
196501295864967.8	0.04537234303033462	-6.116239096673306	0.4900086482868243	-6.195619912225943	0.4997823104390525	-6.165989874068346	0.2277538230499375	-10.28839076229152
196423892518382.3	0.04545371838151862	-6.139619929035222	0.4947366303353036	-6.232040573022486	0.5038122359849095	-6.202255807302240	0.2262459172122617	-10.32067779666705
196346550127313.3	0.04554637437672838	-6.162898893014604	0.4994316043436480	-6.268555826776091	0.5078203650117026	-6.238589788298092	0.2246351146289796	-10.35290521185274
196269268619784.8	0.04565095176641550	-6.186088639762928	0.5040890304273022	-6.305163788484554	0.5118031964432438	-6.274993766223926	0.2229218647490084	-10.38500259549405
196192047923934.4	0.04576806821510157	-6.209203523780720	0.5087042838585907	-6.341862005908947	0.5157569048413473	-6.311469107914718	0.2211084261664082	-10.41690005772183
196114887968012.6	0.04589830868802256	-6.232259531062791	0.5132726885266256	-6.378647474774061	0.5196773748751508	-6.348016530838724	0.2191986522183120	-10.44852852576268
196037788680382.6	0.04604221593398222	-6.255274173961195	0.5177895504607821	-6.415516658889772	0.5235602433116265	-6.384636049622986	0.2171978076640991	-10.47981980655939
195960749989520.6	0.04620028124554844	-6.278266353512466	0.5222501909339722	-6.452465514850467	0.5274009475173541	-6.421326938301765	0.2151124291701082	-10.51070649094997
195883771824014.7	0.04637293569062671	-6.301256190805486	0.5266499786343045	-6.489489521147340	0.5311947793000295	-6.458087710028880	0.2129502366661593	-10.54112178772428
195806854112565.5	0.04656054184998690	-6.324264831530954	0.5309843615104778	-6.526583708902626	0.5349369405746433	-6.494916110164719	0.2107200971977953	-10.57099936883691
195729996783985.3	0.04676338637678697	-6.347314225451157	0.5352488968208011	-6.563742696438941	0.5386226015975888	-6.531809127741822	0.2084320353946048	-10.60027333973432
195653199767198.5	0.04698167342680433	-6.370426886203151	0.5394392798331459	-6.600960725516112	0.5422469586447248	-6.568763020957960	0.2060972804826487	-10.62887842035900
195576462991240.7	0.04721551910175938	-6.393625636175379	0.5435513708159410	-6.638231699047448	0.5458052898767347	-6.605773355682541	0.2037283343091259	-10.65675042439748
195499786385258.8	0.04746494700867008	-6.416933341893195	0.5475812201433592	-6.675549219799631	0.5492930080117668	-6.642835054885199	0.2013390413286748	-10.68382710616805
195423169878510.8	0.04772988501353894	-6.440372645618431	0.5515250913696561	-6.712906629622531	0.5527057086696539	-6.679942456618759	0.1989446392815263	-10.71004942114451
195346613400365.6	0.04801016324461360	-6.463965698971932	0.5553794821588610	-6.750297048800039	0.5560392135340974	-6.717089378097251	0.1965617687103617	-10.73536321542762
195270116880302.8	0.04830551336973955	-6.487733904180291	0.5591411429856805	-6.787713415156777	0.5592896077912617	-6.754269183391186	0.1942084206573924	-10.75972132177268
195193680247912.3	0.04861556915051065	-6.511697668294864	0.5628070935520334	-6.825148522600667	0.5624532715959382	-6.791474852449832	0.1919038049256965	-10.78308599594019
195117303432894.2	0.04893986824496075	-6.535876175127654	0.5663746368901478	-6.862595058824068	0.5655269056143016	-6.828699049365654	0.1896681261685448	-10.80543157900816
195040986365058.7	0.04927785521099114	-6.560287179045266	0.5698413711480287	-6.900045641927072	0.5685075509358166	-6.865934188177363	0.1875222616746660	-10.82674722214882
194964728974325.5	0.04962888563757437	-6.584946823929949	0.5732051990759776	-6.937492855767231	0.5713926038619805	-6.903172494868689	0.1854873427963911	-10.84703946527032
194888531190724.3	0.04999223131503304	-6.609869489802493	0.5764643352533923	-6.974929283873295	0.5741798262215528	-6.940406064673041	0.1835842510896272	-10.86633442670729
194812392944393.8	0.05036708633848026	-6.635067668679279	0.5796173111140620	-7.012347541797903	0.5768673519578843	-6.977626914211750	0.1818330497430640	-10.88467934598213
194736314165581.9	0.05075257402981631	-6.660551870403312	0.5826629778443323	-7.049740307810754	0.5794536907522663	-7.014827028426860	0.1802523798743430	-10.90214323375403
194660294784645.4	0.05114775455452833	-6.686330558346335	0.5856005072432633	-7.087100351864869	0.5819377294116492	-7.051998402623219	0.1788588586667120	-10.91881642868201
194584334732049.9	0.05155163310789866	-6.712410114163303	0.5884293906459882	-7.124420562790490	0.5843187316546298	-7.089133080259942	0.1776665209322587	-10.93480894189223
194508433938369.5	0.05196316854274241	-6.738794830108230	0.5911494360219113	-7.161693973694915	0.5865963367936075	-7.126223187334293	0.1766863464491457	-10.95024758133308
194432592334286.4	0.05238128231664641	-6.765486926970942	0.5937607633675770	-7.198913785564782	0.5887705576302631	-7.163260964360163	0.1759259116269804	-10.96527197823613
194356809850591.2	0.05280486763952921	-6.792486595240927	0.5962637985204407	-7.236073389084352	0.5908417777018953	-7.200238796958763	0.1753891956060157	-10.98002976739912
194281086418181.8	0.05323279871048615	-6.819792056872892	0.5986592655242702	-7.273166384698332	0.5928107478172239	-7.237149246024532	0.1750765584490343	-10.99467128013816
194205421968064.4	0.05366393994252219	-6.847399644901393	0.6009481776795463	-7.310186600958877	0.5946785816425824	-7.273985078282362	0.1749848940375794	-11.00934417347567
194129816431352.2	0.05409715508148626	-6.875303898067371	0.6031318274133750	-7.347128111208328	0.5964467499586224	-7.310739297811324	0.1751079445726837	-11.02418842849871
194054269739265.8	0.05453131613782253	-6.903497667739880	0.6052117751027659	-7.383985248656837	0.5981170730957848	-7.347405178835855	0.1754367493146371	-11.03933210261917
193978781823132.8	0.05496531205763558	-6.931972234484718	0.6071898369831270	-7.420752619921021	0.5996917110153188	-7.383976299744868	0.1759601892422510	-11.05488812385623
193903352614387.6	0.05539805707085518	-6.960717431872778	0.6090680722704008	-7.457425117096014	0.6011731505063952	-7.420446577972425	0.1766655829337968	-11.07095228822888
193827982044571.2	0.05582849866292480	-6.989721775325485	0.6108487696205935	-7.493997928436097	0.6025641890452528	-7.456810305051382	0.1775392876400585	-11.08760248591545
193752670045330.9	0.05625562512486342	-7.018972594077242	0.6125344330446766	-7.530466547723081	0.6038679149877539	-7.493062180867825	0.1785672629173687	-11.10489905877126
193677416548420.5	0.05667847264437426	-7.048456164591203	0.6141277673900480	-7.566826782402066	0.6050876839490342	-7.529197345937628	0.1797355613863640	-11.12288609646118
193602221485699.5	0.05709613190623301	-7.078157844023394	0.6156316634921257	-7.603074760564410	0.6062270914405770	-7.565211410389326	0.1810307209060962	-11.14159341884754
193527084789133.2	0.05750775417838032	-7.108062202661524	0.6170491830913875	-7.639206936858114	0.6072899420645382	-7.601100478331579	0.1824400433528617	-11.16103896919909
193452006390792.7	0.05791255686065635	-7.138153154396699	0.6183835436022871	-7.675220097401170	0.6082802158180589	-7.636861166330725	0.1839517560518896	-11.18123135165807
193376986222854.2	0.05830982848206253	-7.168414084646443	0.6196381028113545	-7.711111363773589	0.6092020322671026	-7.672490614953600	0.1855550617629658	-11.20217227955940
193302024217599.2	0.05869893313044981	-7.198827975213632	0.6208163435723224	-7.746878196155972	0.6100596135517216	-7.707986492572375	0.1872400912931048	-11.22385875006129
193227120307414.1	0.05907931430480917	-7.229377525836552	0.6219218585568000	-7.782518395680260	0.6108572473064694	-7.743346991025101	0.1889977788947867	-11.24628481713768
193152274424790.2	0.05945049817956653	-7.260045272266400	0.6229583351096397	-7.818030106049967	0.6115992506531742	-7.778570813122861	0.1908196844265632	-11.26944289268899
193077486502323.2	0.05981209627297954	-7.290813700833047	0.6239295402492617	-7.853411814481157	0.6122899364177346	-7.813657152451987	0.1926977878014952	-11.29332455931670
193002756472713.2	0.06016380751208206	-7.321665359549339	0.6248393058446166	-7.888662352006851	0.6129335826346707	-7.848605666349394	0.1946242806662259	-11.31792092460993
192928084268764.5	0.06050541968717813	-7.352582965826157	0.6256915139926510	-7.923780893178545	0.6135344062496135	-7.883416443326651	0.1965913777944395	-11.34322258327260
192853469823385.3	0.06083681029024624	-7.383549510934349	0.6264900826129753	-7.958766955190282	0.6140965417012921	-7.918089966546524	0.1985911666936215	-11.36921927879112
192778913069587.7	0.06115794673160203	-7.414548361309161	0.6272389512701786	-7.993620396439095	0.6146240247989091	-7.952627075175977	0.2006155088409536	-11.39589937024074
192704413940486.9	0.06146888593026294	-7.445563356794742	0.6279420672290017	-8.028341414527498	0.6151207819978329	-7.987028925549708	0.2026560002588241	-11.42324921274647
192629972369302.1	0.06176977327417716	-7.476578905875302	0.6286033717435134	-8.062930543701301	0.6155906248662049	-8.021296954049593	0.2047039933032608	-11.45125255331059
192555588289355.2	0.06206084091989132	-7.507580077797707	0.6292267865535303	-8.097388651266613	0.6160372492371113	-8.055432842970301	0.2067506754930381	-11.47989002607449
192481261634071.0	0.06234240556233573	-7.538552691820735	0.6298162006853361	-8.131716934989079	0.6164642382686887	-8.089438493121971	0.2087871994296197	-11.50913882794269
192406992336977.5	0.06261486544619968	-7.569483402848478	0.6303754574025133	-8.165916917895007	0.6168750683829158	-8.123316000258271	0.2108048474789867	-11.53897259387712
192332780331704.8	0.06287869680137763	-7.600359783590940	0.6309083413887218	-8.199990443151837	0.6172731170259935	-8.157067639104216	0.2127952197204249	-11.56936151090547
192258625551985.6	0.06313444967271301	-7.631170402757984	0.6314185661666764	-8.233939668420202	0.6176616710115991	-8.190695854454098	0.2147504287850499	-11.60027266459016
192184527931654.7	0.06338274313410264	-7.661904898760223	0.6319097617297521	-8.267767059261209	0.6180439342877702	-8.224203258601266	0.2166632854042787	-11.63167059382963
192110487404648.8	0.06362425991409319	-7.692554048335924	0.6323854623980996	-8.301475381694729	0.6184230340698097	-8.257592634453182	0.2185274603779531	-11.66351801793168
192036503905006.4	0.06385974045481893	-7.723109829379379	0.6328490949091161	-8.335067693845472	0.6188020244652588	-8.290866943100284	0.2203376107007505	-11.69577668773361
191962577366867.7	0.06408997643430835	-7.753565477206661	0.6333039667576266	-8.368547336614910	0.6191838869563585	-8.324029334312728	0.2220894605438864	-11.72840830588203
191888707724474.1	0.06431580378712087	-7.783915533385510	0.6337532548075118	-8.401917923318869	0.6195715273882054	-8.357083158240044	0.2237798312455114	-11.76137545888901
191814894912168.3	0.06453809526633329	-7.814155886203297	0.6341999942028446	-8.435183328233421	0.6199677694196663	-8.390031976536530	0.2254066181683573	-11.79464250482889
191741138864393.8	0.06475775259804875	-7.844283801842550	0.6346470676134985	-8.468347674000437	0.6203753446884793	-8.422879571221825	0.2269687159957281	-11.82817636503962
191667439515695.1	0.06497569828659541	-7.874297945315340	0.6350971948570061	-8.501415317852365	0.6207968802162465	-8.455629949789097	0.2284658975305419	-11.86194717544628
191593796800717.3	0.06519286713700599	-7.904198390243302	0.6355529229448079	-8.534390836626477	0.6212348838067250	-8.488287345398135	0.2298986541306261	-11.89592876263471
191520210654205.6	0.06541019756931336	-7.933986616655210	0.6360166166072401	-8.567279010554231	0.6216917283492788	-8.520856211400108	0.2312680083775788	-11.93009892106428
191446681011005.9	0.06562862280587554	-7.963665496068968	0.6364904493569847	-8.600084805824867	0.6221696360256415	-8.553341209895244	0.2325753112895494	-11.96443948026384
191373207806063.7	0.06584906202012685	-7.993239263284259	0.6369763951552443	-8.632813355941796	0.6226706634223065	-8.585747194506071	0.2338220372453737	-11.99893616387548
191299790974424.5	0.06607241154018061	-8.022713474492706	0.6374762207484581	-8.665469941907345	0.6231966884725715	-8.618079187997930	0.2350095897339284	-12.03357825527039
191226430451233.6	0.06629953620505640	-8.052094951526341	0.6379914787456211	-8.698059971291219	0.6237494000036037	-8.650342355775864	0.2361391300824372	-12.06835809637602
191153126171735.3	0.06653126097444223	-8.081391712340214	0.6385235015073516	-8.730588956260409	0.6243302904478759	-8.682541976597166	0.2372114395177621	-12.10327045651063
191079878071273.5	0.06676836289305309	-8.110612888066589	0.6390733959172237	-8.763062490665201	0.6249406520279845	-8.714683412027473	0.2382268224054536	-12.13831181567588
191006686085291.1	0.06701156350993108	-8.139768627281001	0.6396420391040207	-8.795486226297964	0.6255815764438971	-8.746772076238690	0.2391850554785290	-12.17347961131561
190933550149329.9	0.06726152185016245	-8.168869988428575	0.6402300751800525	-8.827865848461279	0.6262539578111636	-8.778813407684462	0.2400853845396972	-12.20877149864673
190860470199030.4	0.06751882803034254	-8.197928821614053	0.6408379130555367	-8.860207050996559	0.6269584983469096	-8.810812843993379	0.2409265667483974	-12.24418467223807
190787446170131.3	0.06778399760204612	-8.226957641248337	0.6414657253825934	-8.892515510942685	0.6276957160837734	-8.842775801125569	0.2417069534395560	-12.27971529079564
190714477998470.2	0.06805746669821654	-8.255969491292285	0.6421134486744875	-8.924796863007035	0.6284659537357289	-8.874707657455030	0.2424246056942021	-12.31535803862746
190641565619982.2	0.06833958804504439	-8.284977805010065	0.6427807846364037	-8.957056674040503	0.6292693877606066	-8.906613742999841	0.2430774327814267	-12.35110584675110
190568708970700.6	0.06863062788977691	-8.313996261333291	0.6434672027338743	-8.989300417718408	0.6301060366526965	-8.938499333573347	0.2436633422488574	-12.38694978493191
190495907986756.7	0.06893076387970663	-8.343038640012772	0.6441719440137207	-9.021533449631345	0.6309757675746387	-8.970369649188903	0.2441803899237326	-12.42287912399597
190423162604378.8	0.06924008391298883	-8.372118677778303	0.6448940261800351	-9.053760982992943	0.6318783005835230	-9.002229855673317	0.2446269184039273	-12.45888155637745
190350472759893.1	0.06955858596559499	-8.401249927711959	0.6456322499157047	-9.085988065168005	0.6328132099098042	-9.034085068139611	0.2450016737141756	-12.49494355273873
190277838389722.7	0.06988617888341578	-8.430445623945392	0.6463852064266897	-9.118219555219927	0.6337799220046513	-9.065940354781734	0.2453038915750074	-12.53105082419161
190205259430387.8	0.07022268411277549	-8.459718553652801	0.6471512861736863	-9.150460102665491	0.6347777103504801	-9.097800739378988	0.2455333470405740	-12.56718885351749
190132735818505.3	0.07056783829651803	-8.489080937991854	0.6479286884732340	-9.182714127178617	0.6358056875290754	-9.129671201001996	0.2456903627159528	-12.60334345406149
190060267490789.0	0.07092129680416567	-8.518544324063390	0.6487154329152591	-9.214985801103161	0.6368627942730202	-9.161556669462527	0.2457757795289122	-12.63950131895608
189987854384048.8	0.07128263799656726	-8.548119488603573	0.6495093715018109	-9.247279033025157	0.6379477871796688	-9.193462015282254	0.2457908872724905	-12.67565051480271
189915496435191.1	0.07165136809434503	-8.577816354122824	0.6503082008418543	-9.279597451873741	0.6390592264403086	-9.225392033940663	0.2457373175686611	-12.71178088313822
189843193581218.3	0.07202692678237560	-8.607643919162110	0.6511094761717030	-9.311944394567732	0.6401954632029674	-9.257351423675372	0.2456169148286805	-12.74788432480128
189770945759228.7	0.07240869330339404	-8.637610202338159	0.6519106257993209	-9.344322895144138	0.6413546287570943	-9.289344757186928	0.2454315884093029	-12.78395493889969
189698752906416.4	0.07279599298524023	-8.667722200455581	0.6527089661714191	-9.376735675952748	0.6425346263751870	-9.321376447868987	0.2451831578172128	-12.81998900360950
189626614960071.0	0.07318810410561980	-8.697985860488560	0.6535017174491954	-9.409185140950051	0.6437331267985924	-9.353450711614382	0.2448732019646378	-12.85598479489061
189554531857577.3	0.07358426499928644	-8.728406065026009	0.6542860194743613	-9.441673371108161	0.6449475681700764	-9.385571525596891	0.2445029233173116	-12.89194224976409
189482503536415.5	0.07398368131371984	-8.758986630525165	0.6550589480036837	-9.474202121926917	0.6461751609940084	-9.417742585678544	0.2440730368795077	-12.92786249107425
189410529934160.6	0.07438553332286457	-8.789730317568131	0.6558175310895608	-9.506772823019727	0.6474128984297142	-9.449967264236493	0.2435836923859361	-12.96374723993562
189338610988482.5	0.07478898321328527	-8.820638852151875	0.6565587654833619	-9.539386579720635	0.6486575719447787	-9.482248570230802	0.2430344359238601	-12.99959814966734
189266746637145.8	0.07519318226260741	-8.851712956950914	0.6572796329402225	-9.572044176642848	0.6499057920656743	-9.514589113243462	0.2424242146415204	-13.03541610036623
189194936818009.4	0.07559727783666639	-8.882952391421302	0.6579771163066747	-9.604746083102418	0.6511540136993433	-9.546991073022966	0.2417514253950213	-13.07120049596949
189123181469026.5	0.07600042013882877	-8.914355999572477	0.6586482152763521	-9.637492460304195	0.6523985652735165	-9.579456175780591	0.2410140053462593	-13.10694860553377
189051480528244.7	0.07640176865230704	-8.945921764233894	0.6592899617044747	-9.670283170175788	0.6536356807655764	-9.611985678129987	0.2402095598507950	-13.14265498758455
188979833933805.0	0.07680049822393111	-8.977646866660173	0.6598994343778332	-9.703117785723666	0.6548615335763591	-9.644580359164980	0.2393355206494558	-13.17831103108039
188908241623942.4	0.07719580474540089	-9.009527750362361	0.6604737731443232	-9.735995602777003	0.6560722711563849	-9.677240520760885	0.2383893255509891	-13.21390463929232
188836703536985.6	0.07758691039545090	-9.041560188114323	0.6610101923140004	-9.768915652979764	0.6572640493088930	-9.709965995790347	0.2373686095698202	-13.24942007434972
188765219611356.5	0.07797306841309909	-9.073739351140310	0.6615059932523603	-9.801876717883452	0.6584330651796971	-9.742756163591295	0.2362713969180825	-13.28483797102020
188693789785570.2	0.07835356735677135	-9.106059879528822	0.6619585757595341	-9.834877343842779	0.6595755881480218	-9.775609972214419	0.2350962824392778	-13.32013552053562
188622413998234.8	0.07872773489990381	-9.138515953247211	0.6623654491313586	-9.867915858063647	0.6606879876838200	-9.808525964963618	0.2338425954086127	-13.35528681157501
188551092188051.5	0.07909494116083068	-9.171101362944798	0.6627242430795785	-9.900990385517329	0.6617667578061253	-9.841502309426961	0.2325105373963441	-13.39026330920005
188479824293813.8	0.07945460131484164	-9.203809579406252	0.6630327147119479	-9.934098865162044	0.6628085385141058	-9.874536833269398	0.2311012776552745	-13.42503446596491
188408610254408.1	0.07980617785190147	-9.236633821935923	0.6632887569213237	-9.967239067672676	0.6638101330227458	-9.907627057743284	0.2296170157263737	-13.45956841384471
188337450008812.8	0.08014918226758999	-9.269567124647702	0.6634904049988083	-10.00040861305769	0.6647685216717940	-9.940770232252216	0.2280610000153883	-13.49383271831287
188266343496098.7	0.08048317624404457	-9.302602400354969	0.6636358421534979	-10.03360498837126	0.6656808726427587	-9.973963368040469	0.2264375040242731	-13.52779515818968
188195290655428.3	0.08080777233323951	-9.335732501726362	0.6637234039378988	-10.06682556539851	0.6665445499005140	-10.00720327028317	0.2247517622317059	-13.56142449712573
188124291426056.3	0.08112263415852419	-9.368950279409605	0.6637515815863262	-10.10006761819359	0.6673571188547502	-10.04048656810779	0.2230098697050005	-13.59469121353439
188053345747328.7	0.08142747615298877	-9.402248636880254	0.6637190242828795	-10.13332834035909	0.6681163502573411	-10.07380974233791	0.2212186513513993	-13.62756815817489
187982453558683.1	0.08172206285609200	-9.435620581820730	0.6636245403837904	-10.16660486196347	0.6688202228263627	-10.10716915099098	0.2193855081902219	-13.66003111239669
187911614799648.3	0.08200620779251532	-9.469059273874265	0.6634670976266565	-10.19989426600201	0.6694669250218426	-10.14056105276872	0.2175182490728017	-13.69205922525364
187840829409844.3	0.08227977195919903	-9.502558068650576	0.6632458223663196	-10.23319360431470	0.6700548562986377	-10.17398162893726	0.2156249168351562	-13.72363531419103
187770097328982.1	0.08254266194843977	-9.536110557886698	0.6629599978837477	-10.26649991288308	0.6705826280400273	-10.20742700409535	0.2137136179001310	-13.75474602161846
187699418496863.3	0.08279482773687005	-9.569710605690551	0.6626090618198388	-10.29981022643617	0.6710490642441080	-10.24089326636575	0.2117923638379277	-13.78538182810464
187628792853380.2	0.08303626017131940	-9.603352380818810	0.6621926027918286	-10.33312159230513	0.6714532019027898	-10.27437648752427	0.2098689323627681	-13.81553693172650
187558220338515.6	0.08326698815934430	-9.637030385042451	0.6617103558085119	-10.36643108362092	0.6717942907611942	-10.30787274433857	0.2079507531001578	-13.84520901528587
187487700892342.4	0.08348707567407629	-9.670739477364382	0.6611621979119954	-10.39973581145261	0.6720717925449478	-10.34137813889487	0.2060448242901660	-13.87439891669014
187417234455023.8	0.08369661860026915	-9.704474894000045	0.6605481439794356	-10.43303293559318	0.6722853794711052	-10.37488881816317	0.2041576616967855	-13.90311023444131
187346820966812.8	0.08389574122398205	-9.738232265010907	0.6598683385861128	-10.46631967566207	0.6724349302164613	-10.40840100081321	0.2022952738980116	-13.93134893921732
187276460368052.1	0.08408459275852472	-9.772007626467172	0.6591230503819034	-10.49959332035341	0.6725205249628981	-10.44191099896017	0.2004631703563794	-13.95912297729048
187206152599174.1	0.08426334372708008	-9.805797428814147	0.6583126652059695	-10.53285123597479	0.6725424381302239	-10.47541524168013	0.1986663919639313	-13.98644193190485
187135897600700.5	0.08443218228627257	-9.839598541382843	0.6574376788695746	-10.56609087404104	0.6725011288109886	-10.50891029815306	0.1969095590152727	-14.01331676655406
187065695313242.5	0.08459131052664651	-9.873408253121546	0.6564986896796645	-10.59930977792456	0.6723972288071487	-10.54239289978296	0.1951969290882232	-14.03975967299215
186995545677500.0	0.08474094078547455	-9.907224269643663	0.6554963907744963	-10.63250558857035	0.6722315282963293	-10.57585996058162	0.1935324567266482	-14.06578403660516
186925448634262.2	0.08488129200664665	-9.941044706711496	0.6544315623408415	-10.66567604929244	0.6720049592904820	-10.60930859509076	0.1919198468852721	-14.09140451992546
186855404124406.7	0.08501258618140063	-9.974868080294934	0.6533050637796680	-10.69881900967388	0.6717185771841162	-10.64273613315874	0.1903625948155464	-14.11663725253048
186785412088900.0	0.08513504490234175	-10.00869329336402	0.6521178258840467	-10.73193242859775	0.6713735408116411	-10.67614013098173	0.1888640063982368	-14.14150010339291
186715472468796.8	0.08524888606153050	-10.04251961959736	0.6508708430897960	-10.76501437644204	0.6709710915331855	-10.70951837795692	0.1874271947685031	-14.16601300103523
186645585205240.2	0.08535432072162051	-10.07634668421070	0.6495651658548267	-10.79806303647733	0.6705125319393377	-10.74286889906333	0.1860550512980991	-14.19019825863294
186575750239461.2	0.08545155013121358	-10.11017444259043	0.6482018923486496	-10.83107670649747	0.6699992041299241	-10.77618995466525	0.1847501910415126	-14.21408086566319
186505967512779.0	0.08554076315398609	-10.14400315498950	0.6467821633778083	-10.86405379648058	0.6694324711193054	-10.80948002911629	0.1835148774817104	-14.23768865696746
186436236966600.2	0.08562213374029963	-10.17783336065426	0.6453071542745096	-10.89699282891826	0.6688136973868122	-10.84273782254606	0.1823509283963515	-14.26105238026890
186366558542419.3	0.08569581869406781	-10.21166584993123	0.6437780676675722	-10.92989243824052	0.6681442316756042	-10.87596223790573	0.1812596125235670	-14.28420558669720
186296932181818.2	0.08576195579058901	-10.24550163421858	0.6421961276757252	-10.96275136840982	0.6674253930855331	-10.90915236257392	0.1802415453533050	-14.30718431394088
186227357826465.8	0.08582066215662533	-10.27934191490907	0.6405625739707386	-10.99556847054789	0.6666584595317987	-10.94230744890463	0.1792965925881721	-14.33002657041870
186157835418118.5	0.08587203295297431	-10.31318805139460	0.6388786562232337	-11.02834270012675	0.6658446591021338	-10.97542689347163	0.1784237907099935	-14.35277162422965
186088364898619.2	0.08591614036526446	-10.34704152846253	0.6371456289462965	-11.06107311378562	0.6649851643342755	-11.00851021589034	0.1776212930163716	-14.37545912333215
186018946209898.0	0.08595303290550065	-10.38090392340372	0.6353647467456027	-11.09375886583110	0.6640810893019707	-11.04155703807601	0.1768863479547363	-14.39812808940294
185949579293971.4	0.08598273502337719	-10.41477687315226	0.6335372599800345	-11.12639920447789	0.6631334892679835	-11.07456706472636	0.1762153144464615	-14.42081584060239
185880264092942.3	0.08600524702289619	-10.44866204177539	0.6316644108321466	-11.15899346788798	0.6621433625508576	-11.10754006570359	0.1756037163405863	-14.44355690666079
185811000549000.1	0.08602054527689541	-10.48256108861550	0.6297474297824932	-11.19154108006376	0.6611116541719487	-11.14047586084156	0.1750463353858389	-14.46638200244285
185741788604420.2	0.08602858268037107	-10.51647563788147	0.6277875319436064	-11.22404154783013	0.6600392600699993	-11.17337430906595	0.1745373396676312	-14.48931713002953
185672628201563.9	0.08602928950558553	-10.55040724812189	0.6257859152509269	-11.25649445471043	0.6589270339831712	-11.20623529638606	0.1740704408971914	-14.51238283908406
185603519282878.4	0.08602257448397156	-10.58435738344713	0.6237437585026290	-11.28889945539838	0.6577757941959445	-11.23905872801026	0.1736390731920918	-14.53559371236566
185534461790896.7	0.08600832593781632	-10.61832738845607	0.6216622177680415	-11.32125627501858	0.6565863272216709	-11.27184452909415	0.1732365856849105	-14.55895812384170
185465455668237.1	0.08598641333424327	-10.65231846291248	0.6195424253674519	-11.35356470351813	0.6553593939180474	-11.30459264155827	0.1728564366989999	-14.58247822586712
185396500857603.2	0.08595668897417581	-10.68633163912130	0.6173854884385897	-11.38582459166029	0.6540957337652370	-11.33730302490935	0.1724923810026213	-14.60615019747808
185327597301784.0	0.08591898985471755	-10.72036776149369	0.6151924877703449	-11.41803584715813	0.6527960680002435	-11.36997565856644	0.1721386405867581	-14.62996472457474
185258744943653.3	0.08587313968045199	-10.75442746841600	0.6129644768763050	-11.45019843097428	0.6514611014835827	-11.40261054511529	0.1717900508783017	-14.65390767922075
185189943726169.8	0.08581895099836701	-10.78851117650228	0.6107024812801608	-11.48231235380358	0.6500915232797032	-11.43520771390852	0.1714421759169579	-14.67796095582335
185121193592377.2	0.08575622743075229	-10.82261906727785	0.6084074979846497	-11.51437767275028	0.6486880060302969	-11.46776722445917	0.1710913879508258	-14.70210341567763
185052494485403.3	0.08568476598040391	-10.85675107631571	0.6060804950963628	-11.54639448820714	0.6472512042835906	-11.50028916913488	0.1707349090092029	-14.72631188819962
184983846348460.5	0.08560435933864137	-10.89090688530434	0.6037224112887185	-11.57836294215334	0.6457817513190758	-11.53277367590632	0.1703708147425097	-14.75056218129615
184915249124845.5	0.08551479828954256	-10.92508591572121	0.6013341559299200	-11.61028321464888	0.6442802565961691	-11.56522090766500	0.1699980008820793	-14.77483003871315
184846702757939.0	0.08541587425092752	-10.95928732335698	0.5989166100353689	-11.64215551660930	0.6427473051530400	-11.59763105655184	0.1696161148477348	-14.79909199539921
184778207191205.6	0.08530738136940159	-10.99350999971848	0.5964706245946134	-11.67398009440061	0.6411834504893235	-11.63000434759885	0.1692254656096111	-14.82332614526779
184709762368193.6	0.08518911891730142	-11.02775257181776	0.5939970212849464	-11.70575722501925	0.6395892132777592	-11.66234103163591	0.1688269083564228	-14.84751271477354
184641368232535.2	0.08506089352545573	-11.06201340510312	0.5914965925304668	-11.73748721406898	0.6379650791851772	-11.69464137944087	0.1684217173449043	-14.87163446655734
184573024727945.8	0.08492252132984463	-11.09629060835330	0.5889701015700368	-11.76917039386379	0.6363114975230559	-11.72690567482653	0.1680114538521303	-14.89567691261200
184504731798224.0	0.08477383001506687	-11.13058204039817	0.5864182825229420	-11.80080712163102	0.6346288808725700	-11.75913420701280	0.1675978373845689	-14.91962833749767
184436489387251.9	0.08461466073925134	-11.16488531852659	0.5838418404442094	-11.83239777778910	0.6329176057592441	-11.79132726267696	0.1671826278344732	-14.94347964324038
184368297438994.3	0.08444486992685979	-11.19919782843533	0.5812414513644378	-11.86394276427298	0.6311780143828396	-11.82348511809215	0.1667675253519621	-14.96722403810774
184300155897499.1	0.08426433091626293	-11.23351673558078	0.5786177623068944	-11.89544250292038	0.6294104173206000	-11.85560803178790	0.1663540933954604	-14.99085660089688
184232064706896.6	0.08407293528253310	-11.26783899957166	0.5759713908112064	-11.92689743882868	0.6276150944649228	-11.88769624171737	0.1659437117265485	-15.01437376930516
184164023811399.7	0.08387059469288653	-11.30216138232575	0.5733029264926082	-11.95830802352504	0.6257923073815406	-11.91974994862853	0.1655375460843055	-15.03777274625986
184096033155304.0	0.08365724155407076	-11.33648046816136	0.5706129293506925	-11.98967472820970	0.6239422960779413	-11.95176932348876	0.1651365645626321	-15.06105097369088
184028092682986.8	0.08343283017814158	-11.37079267736572	0.5679019303407825	-12.02099803695134	0.6220652867221878	-11.98375450129858	0.1647415687748263	-15.08420561311814
183960202338908.0	0.08319733760180591	-11.40509428223274	0.5651704313643924	-12.05227844471969	0.6201614967239749	-12.01570558034824	0.1643532506767630	-15.10723312817035
183892362067609.1	0.08295076422997857	-11.43938142361465	0.5624189052801109	-12.08351645528895	0.6182311396010798	-12.04762262308411	0.1639722667472888	-15.13012899223716
183824571813713.5	0.08269313430388757	-11.47365012785567	0.5596477959477313	-12.11471257899354	0.6162744294138132	-12.07950565848152	0.1635993230034076	-15.15288754629101
183756831521926.1	0.08242449619557260	-11.50789632398608	0.5568575183194091	-12.14586733032470	0.6142915845792196	-12.11135468574288	0.1632352636478480	-15.17550202110319
183689141137033.4	0.08214492253202951	-11.54211586105896	0.5540484585921980	-12.17698122535866	0.6122828309163230	-12.14316967907499	0.1628811559550177	-15.19796472638113
183621500603903.3	0.08185451007666779	-11.57630452628494	0.5512209744227010	-12.20805478130744	0.6102484026777226	-12.17495059464996	0.1625383658313144	-15.22026739934013
183553909867484.7	0.08155337962144650	-11.61045806136959	0.5483753953395567	-12.23908851080227	0.6081885452199610	-12.20669737483751	0.1622086128358581	-15.24240168543068
183486368872807.6	0.08124167580356953	-11.64457217794062	0.5455120230759696	-12.27008291359628	0.6061035178635484	-12.23840995138672	0.1618940011306901	-15.26435972657986
183418877564982.8	0.08091956628195476	-11.67864257763587	0.5426311320587289	-12.30103848291938	0.6039935885339162	-12.27008825720428	0.1615970343449729	-15.28613482768164
183351435889202.1	0.08058724122753200	-11.71266496732360	0.5397329701336473	-12.33195569817638	0.6018590343345950	-12.30173222940596	0.1613205935074538	-15.30772213618791
183284043790737.6	0.08024491255336214	-11.74663507522405	0.5368177593720043	-12.36283502141375	0.5997001394780035	-12.33334181400756	0.1610678895418385	-15.32911930190385
183216701214941.8	0.07989281302508983	-11.78054866654529	0.5338856970243672	-12.39367689367593	0.5975171926812983	-12.36491696961408	0.1608423895775278	-15.35032706591052
183149408107247.8	0.07953119526171182	-11.81440155856814	0.5309369566282933	-12.42448173127606	0.5953104841981267	-12.39645766993933	0.1606477207060797	-15.37134973397266
183082164413168.5	0.07916033063704539	-11.84818963512104	0.5279716892742102	-12.45524992200953	0.5930803026681882	-12.42796390505179	0.1604875564086080	-15.39219549582176
183014970078297.0	0.07878050802930847	-11.88190886099078	0.5249900251664591	-12.48598182328720	0.5908269310623973	-12.45943568229426	0.1603654935300256	-15.41287656026079
182947825048306.3	0.07839203256919872	-11.91555529487618	0.5219920752543539	-12.51667775796462	0.5885506439170604	-12.49087302465949	0.1602849242196558	-15.43340908796039
182880729268948.7	0.07799522464555160	-11.94912509854368	0.5189779321523563	-12.54733800018162	0.5862517095021708	-12.52227596307536	0.1602489050702202	-15.45381292209580
182813682686056.5	0.07759041805945700	-11.98261455271790	0.5159476729987700	-12.57796278578787	0.5839303811011318	-12.55364453996868	0.1602600555092434	-15.47411111563567
182746685245541.2	0.07717795876570284	-12.01602006611943	0.5129013611635470	-12.60855230349267	0.5815868979394484	-12.58497880205557	0.1603204615139736	-15.49432928913620
182679736893393.6	0.07675820340830376	-12.04933818527823	0.5098390484133822	-12.63910669146320	0.5792214843035372	-12.61627879523105	0.1604316077666318	-15.51449485175899
182612837575683.6	0.07633151783354550	-12.08256560344086	0.5067607771943257	-12.66962603411723	0.5768343493773950	-12.64754455908617	0.1605943387458075	-15.53463613324073
182545987238560.1	0.07589827559119160	-12.11569916854765	0.5036665830163918	-12.70011035915055	0.5744256878033441	-12.67877612132196	0.1608088510412370	-15.55478148070554
182479185828250.8	0.07545885643419749	-12.14873589025842	0.5005564969225459	-12.73055963483698	0.5719956809373338	-12.70997349233160	0.1610747171037947	-15.57495837672603
182412433291062.1	0.07501364466466083	-12.18167294746966	0.4974305487065967	-12.76097377276010	0.5695444965007185	-12.74113666247268	0.1613909423079479	-15.59519262772468
182345729573378.8	0.07456302804506378	-12.21450768989512	0.4942887679616675	-12.79135261363172	0.5670722963366723	-12.77226559235630	0.1617560352269939	-15.61550769302592
182279074621664.4	0.07410739616761587	-12.24723764384409	0.4911311872890892	-12.82169593134911	0.5645792366778729	-12.80336021209422	0.1621681112287139	-15.63592416053799
182212468382460.4	0.07364713890715510	-12.27986051652197	0.4879578455201167	-12.85200343603928	0.5620654694026002	-12.83442042077912	0.1626250088705068	-15.65645940921618
182145910802386.4	0.07318264515339516	-12.31237419722021	0.4847687898910057	-12.88227477006709	0.5595311466551950	-12.86544608387316	0.1631244072509508	-15.67712747933563
182079401828140.3	0.07271430149652140	-12.34477675840405	0.4815640785596772	-12.91250950757594	0.5569764240753421	-12.89643703318478	0.1636639444941111	-15.69793913724168
182012941406497.2	0.07224249097144000	-12.37706645581762	0.4783437830460883	-12.94270715447190	0.5544014638412556	-12.92739306804483	0.1642413278867461	-15.71890212206448
181946529484310.4	0.07176759186707678	-12.40924172762021	0.4751079905720572	-12.97286714885825	0.5518064373804110	-12.95831395761134	0.1648544292192398	-15.74002154759404
181880166008510.7	0.07128997650503040	-12.44130119344916	0.4718568068807925	-13.00298886521704	0.5491915262546465	-12.98919944548102	0.1655013624924564	-15.76130041824493
181813850926106.0	0.07081001032093577	-12.47324365058571	0.4685903576376698	-13.03307161171419	0.5465569255428056	-13.02004925216254	0.1661805322417718	-15.78274023438156
181747584184181.8	0.07032805113031980	-12.50506806837536	0.4653087888374078	-13.06311462446826	0.5439028479500290	-13.05086307689587	0.1668906530752314	-15.80434163947328
181681365729900.4	0.06984444781756208	-12.53677358746112	0.4620122710836377	-13.09311708373346	0.5412295183677618	-13.08164060824146	0.1676307586012454	-15.82610501968610
181615195510501.4	0.06935953971837293	-12.56835951296545	0.4587010000799842	-13.12307811082581	0.5385371759075663	-13.11238152689143	0.1684001702127277	-15.84803108412007
181549073473301.0	0.06887365591448118	-12.59982530844035	0.4553751979121985	-13.15299677114842	0.5358260728897225	-13.14308551052372	0.1691984473651123	-15.87012134830176
181482999565692.1	0.06838711461839823	-12.63117058910815	0.4520351140944031	-13.18287207758089	0.5330964732337155	-13.17375223812651	0.1700253191781471	-15.89237850128459
181416973735144.3	0.06790022264897003	-12.66239511445230	0.4486810263683852	-13.21270299420186	0.5303486503504966	-13.20438139352994	0.1708806024989985	-15.91480663640307
181350995929203.5	0.06741327486761282	-12.69349878129539	0.4453132422374069	-13.24248844463082	0.5275828829405830	-13.23497266951116	0.1717641155235771	-15.93741132586389
181285066095492.0	0.06692655406237304	-12.72448161338667	0.4419320976049787	-13.27222730878840	0.5247994553182066	-13.26552576629823	0.1726755810589675	-15.96019957373736
181219184181708.1	0.06644033079064120	-12.75534375166831	0.4385379559201836	-13.30191842410129	0.5219986559377939	-13.29604039042044	0.1736145376347788	-15.98317962459357
181153350135626.1	0.06595486285538162	-12.78608544787333	0.4351312106618905	-13.33156060198621	0.5191807700507746	-13.32651625771826	0.1745802723148285	-16.00636061800034
181087563905096.3	0.06547039538358726	-12.81670705355374	0.4317122836427432	-13.36115262727935	0.5163460795057068	-13.35695308867790	0.1755717559240755	-16.02975218742685
181021825438044.6	0.06498716082442632	-12.84720901023415	0.4282816242557749	-13.39069326307646	0.5134948608480719	-13.38735060454671	0.1765876014007450	-16.05336398528573
180956134682472.5	0.06450537902518486	-12.87759183943165	0.4248397084778537	-13.42018125558638	0.5106273839946870	-13.41770852241340	0.1776260437818982	-16.07720517968033
180890491586457.1	0.06402525738101056	-12.90785613262453	0.4213870376420996	-13.44961533894432	0.5077439115852540	-13.44802654949857	0.1786849429023720	-16.10128395757860
180824896098150.6	0.06354699080481049	-12.93800254321060	0.4179241392712129	-13.47899424834098	0.5048446957953402	-13.47830437992500	0.1797618146243622	-16.12560704466458
180759348165780.6	0.06307076270397462	-12.96803177113888	0.4144515591972561	-13.50831670119753	0.5019299883347982	-13.50854168010542	0.1808538591148641	-16.15017937824157
180693847737649.5	0.06259674473675665	-12.99794455788214	0.4109698649066975	-13.53758142127579	0.4990000343290190	-13.53873808962260	0.1819580386091238	-16.17500375861460
180628394762134.8	0.06212509729783095	-13.02774167629335	0.4074796428294328	-13.56678713979504	0.4960550757900495	-13.56889321460350	0.1830711518096340	-16.20008066686875
180562989187688.6	0.06165597001625114	-13.05742392111538	0.4039814957513197	-13.59593259744379	0.4930953551900618	-13.59900662244039	0.1841899179921113	-16.22540819704362
180497630962837.8	0.06118950224277693	-13.08699210033181	0.4004760405925356	-13.62501654781858	0.4901211187773848	-13.62907783837119	0.1853110661060452	-16.25098210160812
180432320036183.8	0.06072582357380257	-13.11644702700921	0.3969639061035696	-13.65403776046085	0.4871326201643151	-13.65910634352657	0.1864314223551933	-16.27679594892078
180367056356402.3	0.06026505426167984	-13.14578951277403	0.3934457320056530	-13.68299502837049	0.4841301220884774	-13.68909157629837	0.1875479947871821	-16.30284136509680
180301839872243.0	0.05980730606241853	-13.17502035879536	0.3899221638959555	-13.71188716100079	0.4811139035091156	-13.71903293059244	0.1886580369385519	-16.32910840058827
180236670532530.2	0.05935268289553108	-13.20414034905456	0.3863938500960280	-13.74071298374533	0.4780842636793981	-13.74892975825855	0.1897591020701728	-16.35558593813103
180171548286161.7	0.05890128110542009	-13.23315024735934	0.3828614429525462	-13.76947135093160	0.4750415202709271	-13.77878137791784	0.1908490898462784	-16.38226209264444
180106473082109.3	0.05845319024500995	-13.26205079127046	0.3793255948552779	-13.79816114072592	0.4719860136586166	-13.80858707919755	0.1919262615244136	-16.40912467770550
180041444869418.7	0.05800849369657272	-13.29084268806907	0.3757869560201340	-13.82678125506783	0.4689181082559842	-13.83834613004478	0.1929892394878352	-16.43616164306955
179976463597208.9	0.05756726928922513	-13.31952661155450	0.3722461723809283	-13.85533061902366	0.4658381929950957	-13.86805778484218	0.1940369876344441	-16.46336147753572
179911529214672.3	0.05712958979932746	-13.34810320045603	0.3687038848657831	-13.88380818326324	0.4627466794618674	-13.89772129417818	0.1950687766306025	-16.49071354417592
179846641671074.8	0.05669552366759446	-13.37657305607576	0.3651607262463444	-13.91221291811997	0.4596440022168149	-13.92733591194710	0.1960841288059631	-16.51820837077461
179781800915755.3	0.05626513586682183	-13.40493673972198	0.3616173160604988	-13.94054380137039	0.4565306205744716	-13.95690090009297	0.1970827478158721	-16.54583787853616
179717006898125.9	0.05583848795090413	-13.43319477654425	0.3580742650018610	-13.96879983260209	0.4534070090167234	-13.98641554164072	0.1980644581568648	-16.57359542393153
179652259567671.5	0.05541563879074625	-13.46134765526010	0.3545321713428738	-13.99698002279222	0.4502736565617251	-14.01587914429664	0.1990291250263148	-16.60147583094474
179587558873949.6	0.05499664507531277	-13.48939583020738	0.3509916199104441	-14.02508339040232	0.4471310630148885	-14.04529104489679	0.1999765796848030	-16.62947530803944
179522904766590.7	0.05458156178003085	-13.51733972425623	0.3474531812912387	-14.05310895703505	0.4439797350405501	-14.07465061211820	0.2009065499575592	-16.65759128110835
179458297195297.5	0.05417044246061037	-13.54517973344620	0.3439174130136945	-14.08105574739790	0.4408201803733689	-14.10395724890347	0.2018186026044402	-16.68582213595310
179393736109845.3	0.05376333988770114	-13.57291622997352	0.3403848562846226	-14.10892277610162	0.4376529073999779	-14.13321038875014	0.2027120904513570	-16.71416695227001
179329221460081.5	0.05336030651645619	-13.60054956686687	0.3368560343639880	-14.13670903847479	0.4344784235162032	-14.16240949169681	0.2035861176673130	-16.74262518409989
179264753195925.7	0.05296139440429859	-13.62808008656771	0.3333314576668455	-14.16441351831449	0.4312972271215830	-14.19155404449153	0.2044395317602432	-16.77119625329633
179200331267369.5	0.05256665565724371	-13.65550812654808	0.3298116219406153	-14.19203517618134	0.4281098081003832	-14.22064355307545	0.2052709218774378	-16.79987921805813
179135955624476.1	0.05217614265299980	-13.68283402672073	0.3262970088631050	-14.21957294364321	0.4249166466882781	-14.24967753625043	0.2060786382525796	-16.82867243893313
179071626217380.9	0.05178990821808227	-13.71005813743376	0.3227880868447406	-14.24702571752836	0.4217182131676411	-14.27865551895617	0.2068608280249259	-16.85757328304432
179007342996290.6	0.05140800552896194	-13.73718082927826	0.3192853151054997	-14.27439236189567	0.4185149651700922	-14.30757702812516	0.2076154891742793	-16.88657784968998
178943105911483.3	0.05103048879942462	-13.76420249860118	0.3157891367902853	-14.30167168244522	0.4153073572974937	-14.33644157999005	0.2083405219873926	-16.91568087707849
178878914913308.6	0.05065741288674674	-13.79112357939954	0.3122999859403354	-14.32886243568132	0.4120958370317508	-14.36524867977215	0.2090338066158215	-16.94487557981838
178814769952187.4	0.05028883325247364	-13.81794455310572	0.3088182893766330	-14.35596332495739	0.4088808466164111	-14.39399781832187	0.2096932777677963	-16.97415361795905
178750670978611.6	0.04992480599455035	-13.84466595796798	0.3053444670702588	-14.38297299305524	0.4056628268609920	-14.42268846922511	0.2103169982148519	-17.00350515990429
178686617943143.8	0.04956538774763283	-13.87128839906632	0.3018789337435536	-14.40989001813691	0.4024422198048535	-14.45132008880126	0.2109032305349176	-17.03291900631466
178622610796417.9	0.04921063548043105	-13.89781255866237	0.2984221013582921	-14.43671291217175	0.3992194703845089	-14.47989211875788	0.2114505027830219	-17.06238277077467
178558649489138.2	0.04886060623615388	-13.92423920652177	0.2949743818760708	-14.46344012040665	0.3959950275086541	-14.50840399097353	0.2119576641061429	-17.09188311286624
178494733972079.7	0.04851535749004687	-13.95056920699836	0.2915361805681338	-14.49007000022601	0.3927693540907903	-14.53685512735370	0.2124239198885299	-17.12140611087505
178430864196087.8	0.04817494618175099	-13.97680353209505	0.2881079075933005	-14.51660084255909	0.3895429179043318	-14.56524495466808	0.2128488687101599	-17.15093747288355
178367040112078.2	0.04783942867173581	-14.00294326943893	0.2846899759279452	-14.54303086276506	0.3863161953717498	-14.59357291053607	0.2132325110995781	-17.18046290082957
178303261671037.0	0.04750886040935781	-14.02898963107468	0.2812828027862739	-14.56935820064843	0.3830896708378988	-14.62183845282342	0.2135752457891435	-17.20996841432854
178239528824020.0	0.04718329557083610	-14.05494396169062	0.2778868109101947	-14.59558092128669	0.3798638349591428	-14.65004106923377	0.2138778505194702	-17.23944065648781
178175841522153.4	0.04686278642010003	-14.08080774714556	0.2745024334674512	-14.62169702455331	0.3766391785083819	-14.67818028894693	0.2141414506271508	-17.26886712950502
178112199716632.9	0.04654738359411673	-14.10658261844069	0.2711301045767801	-14.64770442555355	0.3734161995386968	-14.70625568410005	0.2143674675223057	-17.29823653131376
178048603358724.1	0.04623713508291913	-14.13227036005321	0.2677702687718091	-14.67360097659407	0.3701953908731470	-14.73426688242543	0.2145575688460316	-17.32753884269959
177985052399762.1	0.04593208586505392	-14.15787291444996	0.2644233803289768	-14.69938446857288	0.3669772370437529	-14.76221357127851	0.2147136055533764	-17.35676545538181
177921546791151.3	0.04563227750425637	-14.18339238568290	0.2610899027147035	-14.72505263404300	0.3637622106281624	-14.79009549966564	0.2148375461611319	-17.38590923159861
177858086484365.8	0.04533774768183403	-14.20883104204297	0.2577703086282652	-14.75060315278377	0.3605507677283246	-14.81791247825435	0.2149314115869060	-17.41496448963878
177794671430948.4	0.04504852954897348	-14.23419131799237	0.2544650825708795	-14.77603366336306	0.3573433409058259	-14.84566437821573	0.2149972140149059	-17.44392689885360
177731301582511.6	0.04476465167019161	-14.25947581293225	0.2511747139170983	-14.80134175738062	0.3541403416650716	-14.87335112215777	0.2150369002026902	-17.47279341023405
177667976890736.4	0.04448613738737862	-14.28468729053045	0.2478996987785059	-14.82652499216152	0.3509421545968268	-14.90097267786048	0.2150523070539394	-17.50156204779173
177604697307372.7	0.04421300418159514	-14.30982867648617	0.2446405419381700	-14.85158090400283	0.3477491319816189	-14.92852904966046	0.2150451279147262	-17.53023166084132
177541462784239.3	0.04394526335818437	-14.33490305390699	0.2413977536582488	-14.87650701243077	0.3445615941022973	-14.95602026534017	0.2150168911204038	-17.55880170168648
177478273273223.4	0.04368291962985652	-14.35991365756558	0.2381718481461070	-14.90130082832874	0.3413798286461420	-14.98344636275927	0.2149689528777633	-17.58727197579838
177415128726280.9	0.04342597057815766	-14.38486386694608	0.2349633441904913	-14.92595986625189	0.3382040887253598	-15.01080737678362	0.2149025036451834	-17.61564237554396
177352029095435.7	0.04317440659280830	-14.40975719678426	0.2317727582515772	-14.95048164370359	0.3350345991044122	-15.03810332267491	0.2148185881295710	-17.64391270639271
177288974332780.3	0.04292821052114508	-14.43459728697311	0.2286006025377803	-14.97486368969953	0.3318715581957505	-15.06533418262501	0.2147181370622592	-17.67208249688687
177225964390475.1	0.04268735710150759	-14.45938789142212	0.2254473871926059	-14.99910355984354	0.3287151365744185	-15.09249989493971	0.2146020068038878	-17.70015081481152
177162999220748.5	0.04245181285691586	-14.48413286466351	0.2223136154486365	-15.02319883884501	0.3255654828988935	-15.11960034175768	0.2144710263717729	-17.72811620515712
177100078775896.8	0.04222153589198972	-14.50883614747248	0.2191997809906802	-15.04714714631512	0.3224227279416280	-15.14663533983630	0.2143260476210091	-17.75597666689523
177037203008284.0	0.04199647558584828	-14.53350175146070	0.2161063678518582	-15.07094614556455	0.3192869862222246	-15.17360463444804	0.2141679942192746	-17.78372966962814
176974371870341.9	0.04177657282956259	-14.55813374192219	0.2130338418809687	-15.09459353809123	0.3161583659578279	-15.20050789298408	0.2139979108288497	-17.81137231036007
176911585314569.6	0.04156175988075016	-14.58273622039947	0.2099826495515499	-15.11808706862541	0.3130369715169593	-15.22734470382664	0.2138170034397077	-17.83890145934436
176848843293533.5	0.04135196015770262	-14.60731330642430	0.2069532189044000	-15.14142453128023	0.3099229033811470	-15.25411457787418	0.2136266684899053	-17.86631393835707
176786145759867.7	0.04114708842871299	-14.63186911819309	0.2039459547813007	-15.16460376509219	0.3068162633075454	-15.28081695043919	0.2134285130408296	-17.89360679135765
176723492666272.9	0.04094705093594872	-14.65640775290176	0.2009612362849679	-15.18762265091792	0.3037171567359067	-15.30745118559876	0.2132243606064121	-17.92077756203669
176660883965517.3	0.04075174538854409	-14.68093326681700	0.1979994177555014	-15.21047911062734	0.3006256911001653	-15.33401658229899	0.2130162397680807	-17.94782455421630
176598319610435.6	0.04056106170334357	-14.70544965489467	0.1950608178016844	-15.23317108772668	0.2975419855352013	-15.36051237918555	0.2128063672997880	-17.97474719232668
176535799553929.7	0.04037488194732279	-14.72996083091218	0.1921457236073974	-15.25569654620857	0.2944661648214340	-15.38693776240999	0.2125971062007360	-18.00154623036902
176473323748967.8	0.04019308066493622	-14.75447060755275	0.1892543898202362	-15.27805345858975	0.2913983583427763	-15.41329187154362	0.2123909141740343	-18.02822397549525
176410892148584.9	0.04001552536192195	-14.77898267690598	0.1863870359435684	-15.30023978905346	0.2883387003206783	-15.43957380426778	0.2121902825906663	-18.05478447499568
176348504705882.4	0.03984207696663958	-14.80350059160074	0.1835438453978822	-15.32225347564331	0.2852873283040052	-15.46578261976339	0.2119976661281005	-18.08123362976186
