214137470000000.0	0.02753717291555460	1.592457000613992	0.07943396792883870	-1.270494244347025	0.07793865415477315	-0.7834226853027085	0.08120998106264613	-1.874677255002076
214045552356560.3	0.02779535119666371	1.538943714501659	0.07894386067170174	-1.300960199618170	0.07773659107672115	-0.8161551979444869	0.08193001753481399	-1.875273032290087
213953713589816.9	0.02804539819684411	1.485866540156527	0.07849317288702784	-1.331287402427965	0.07753034079176088	-0.8495023050995683	0.08303458900717306	-1.879310262060604
213861953598284.4	0.02828724807927401	1.433253072081341	0.07807940907815197	-1.361571566376243	0.07731042556257214	-0.8834502365939526	0.08443397015191546	-1.887381454686807
213770272280651.6	0.02852094320736437	1.381128839224250	0.07769897498065576	-1.391901050354128	0.07706787357520001	-0.9179670543569323	0.08603601790899630	-1.899690093946717
213678669535780.6	0.02874663182888234	1.329517114156947	0.07734733090641432	-1.422354426937383	0.07679439621032157	-0.9530038248020201	0.08775277150035425	-1.916117089118100
213587145262707.0	0.02896456458346972	1.278438730287032	0.07701916774465273	-1.452998505494490	0.07648255887598474	-0.9884958812348843	0.08950528502470244	-1.936305449979201
213495699360639.3	0.02917508989473173	1.227911907604383	0.07670860138687596	-1.483886882760816	0.07612594546433445	-1.024364216264027	0.09122671166148220	-1.959743051206509
213404331728958.6	0.02937864796196807	1.177952094955633	0.07640936142560598	-1.515058947939758	0.07571931272467615	-1.060517041952801	0.09286392615406867	-1.985832881899246
213313042267218.0	0.02957576378288526	1.128571822612699	0.07611498919396902	-1.546539454625371	0.07525872908290036	-1.096851588285087	0.09437801914617489	-2.013946926559412
213221830875142.5	0.02976703900366456	1.079780573870203	0.07581902471319875	-1.578338537032664	0.07474168933342143	-1.133256165278858	0.09574399262581086	-2.043465006464914
213130697452628.6	0.02995314283874793	1.031584676285324	0.07551518645997798	-1.610452157698278	0.07416719645210688	-1.169612511372359	0.09694990055781001	-2.073801392546784
213039641899743.7	0.03013480204200197	0.9839872185536215	0.07519753364621729	-1.642862880384514	0.07353580191067746	-1.205798409962751	0.09799562175578117	-2.104422581481588
212948664116726.0	0.03031278995990884	0.9369879974369664	0.07486060400553633	-1.675540877304166	0.07284959772818357	-1.241690529444558	0.09889139806348826	-2.134859089938995
212857764003984.1	0.03048791505140424	0.8905834958832943	0.07449953788256394	-1.708445159685130	0.07211215632404844	-1.277167427658349	0.09965621758777017	-2.164713138798303
212766941462096.4	0.03066100883012726	0.8447668986503719	0.07411017711754928	-1.741524917989901	0.07132841742091368	-1.312112618482999	0.1003161214045029	-2.193663745783594
212676196391811.2	0.03083291360367840	0.7995281470370187	0.07368914801071370	-1.774720961384471	0.07050452522847882	-1.346417595263717	0.1009024792705395	-2.221469838415805
212585528694045.7	0.03100447003055456	0.7548540368740515	0.07323391990586679	-1.807967178474009	0.06964762282402194	-1.379984680385761	0.1014502903833385	-2.247971813766853
212494938269886.3	0.03117650467937807	0.7107283609434190	0.07274283947476483	-1.841191994900750	0.06876561410021320	-1.412729575457329	0.1019965517051842	-2.273091529619728
212404425020587.8	0.03134981802775454	0.6671320950965316	0.07221515164920647	-1.874319850332197	0.06786690612783952	-1.444583502439023	0.1025787166023424	-2.296830406315002
212313988847573.1	0.03152517292385409	0.6240436283041635	0.07165099906157042	-1.907272653087478	0.06696014622204667	-1.475494834400927	0.1032332818202803	-2.319265503635473
212223629652433.0	0.03170328389555542	0.5814390335306449	0.07105140838428241	-1.939971239160604	0.06605396804052299	-1.505430158918544	0.1039945141620658	-2.340543257159913
212133347336925.7	0.03188480742761053	0.5392923759843150	0.07041826049743880	-1.972336825385809	0.06515675969720630	-1.534374752304561	0.1048933352240161	-2.360870818023294
212043141802976.6	0.03207033321426079	0.4975760535521271	0.06975423855155812	-2.004292446828585	0.06427646417196135	-1.562332489902864	0.1059563825755114	-2.380505135228220
211953012952677.8	0.03226037690717570	0.4562611619644132	0.06906276928337292	-2.035764428535277	0.06342041829255614	-1.589325272481565	0.1072052343365940	-2.399739909555780
211862960688287.8	0.03245537424487109	0.4153178775810780	0.06834794821287918	-2.066683863037442	0.06259523224698411	-1.615392068593942	0.1086558166598977	-2.418891057394535
211772984912231.0	0.03265567671986266	0.3747158490710758	0.06761445210758851	-2.096988099098416	0.06180670701772596	-1.640587694301087	0.1103179989723944	-2.438281384769482
211683085527097.8	0.03286154907414770	0.3344245887962098	0.06686744764673083	-2.126622246577502	0.06105978325686783	-1.664981443067251	0.1121953747826493	-2.458225280643150
211593262435643.5	0.03307316799299084	0.2944138554601306	0.06611247432897381	-2.155540623601991	0.06035851279059260	-1.688655636088424	0.1142852725087619	-2.479014579745062
211503515540788.9	0.03329062269610204	0.2546540185364270	0.06535532912260064	-2.183708172037736	0.05970604275307734	-1.711704128936469	0.1165789652846290	-2.500906227907183
211413844745619.0	0.03351391696996423	0.2151163968700839	0.06460194019840851	-2.211101759485729	0.05910460373091230	-1.734230737739648	0.1190621009309912	-2.524112605147062
211324249953383.2	0.03374297252440788	0.1757735644316054	0.06385823182979140	-2.237711310472337	0.05855549599069887	-1.756347503197940	0.1217153429687699	-2.548794962967193
211234731067495.0	0.03397763396237509	0.1365996170278849	0.06312999641002974	-2.263540719535433	0.05805907189903213	-1.778172682428722	0.1245151785932755	-2.575060046356587
211145287991531.4	0.03421767440839027	0.09757039645946740	0.06242275146031456	-2.288608427584191	0.05761471727413049	-1.799828356840314	0.1274349005380176	-2.602959966735944
211055920629232.5	0.03446280228421435	0.05866366875503229	0.06174160700146915	-2.312947625414680	0.05722083836915912	-1.821437592452708	0.1304456830879683	-2.632494790245146
210966628884501.5	0.03471266880210223	0.01985925550245012	0.06109113962389628	-2.336606003140967	0.05687486417218329	-1.843121157001856	0.1335177123145811	-2.663617374320091
210877412661404.0	0.03496687591924910	-0.01886088131990531	0.06047527617125673	-2.359644994355927	0.05657327462857903	-1.864993892593234	0.1366213177156924	-2.696239848980947
210788271864168.0	0.03522498464421110	-0.05751259946529931	0.05989719426256350	-2.382138495297888	0.05631166422214877	-1.887160935676111	0.1397280453864904	-2.730241113594862
210699206397183.1	0.03548652360792463	-0.09610957894382292	0.05935924667269549	-2.404171071069238	0.05608484717712574	-1.909714048556937	0.1428116162221219	-2.765474785648958
210610216165000.7	0.03575099717043292	-0.1346633620492307	0.05886289828870450	-2.425835677294177	0.05588700560431307	-1.932728363608953	0.1458487538504882	-2.801777194587549
210521301072333.2	0.03601789359452461	-0.1731834276780946	0.05840869802230352	-2.447231006545077	0.05571187681117792	-1.956259831038911	0.1488198123070597	-2.838974957682740
210432461024054.0	0.03628669274154808	-0.2116772942507953	0.05799627610648638	-2.468458562726128	0.05555297050519231	-1.980343607962426	0.1517092018604379	-2.876891916477934
210343695925196.8	0.03655687317846177	-0.2501506459365418	0.05762436774198970	-2.489619607217918	0.05540380245655142	-2.004993538787487	0.1545056027862435	-2.915355227827261
210255005680955.7	0.03682791888476272	-0.2886074777019638	0.05729086943435170	-2.510812138735958	0.05525812875286198	-2.030202770203365	0.1572019558969408	-2.954200464038325
210166390196684.4	0.03709932506316538	-0.3270502529335331	0.05699291464424466	-2.532128047032916	0.05511016375010482	-2.055945437772504	0.1597952682817406	-2.993275672398090
210077849377896.3	0.03737060314416983	-0.3654800690108628	0.05672696908079555	-2.553650581183864	0.05495476627739606	-2.082179266328591	0.1622862553903098	-3.032444342167180
209989383130263.9	0.03764128515139348	-0.4038968269692569	0.05648894595654897	-2.575452244505716	0.05478758160699701	-2.108848855751274	0.1646788477293089	-3.071587285251442
209900991359618.3	0.03791092721549915	-0.4422994006272958	0.05627433096554565	-2.597593183175399	0.05460513056133885	-2.135889381459570	0.1669796179990759	-3.110603489900511
209812673971949.5	0.03817911221818903	-0.4806858014882547	0.05607831119782947	-2.620120102753641	0.05440484200418736	-2.163230423559595	0.1691971785463495	-3.149410035836277
209724430873405.3	0.03844545195532852	-0.5190533377201277	0.05589591162905583	-2.643065715319444	0.05418503023491546	-2.190799648145804	0.1713415782071427	-3.187941217300656
209636261970291.4	0.03870958826448750	-0.5573987626361426	0.05572212029773360	-2.666448673116117	0.05394482284712358	-2.218526095716041	0.1734237708159492	-3.226147041891620
209548167169071.3	0.03897119355067184	-0.5957184120173678	0.05555200760451219	-2.690273938892353	0.05368404923128514	-2.246342878144849	0.1754551683858061	-3.263991312246644
209460146376365.1	0.03922997079972013	-0.6340083289882628	0.05538083716655350	-2.714533519934643	0.05340310258488521	-2.274189146346502	0.1774472978382228	-3.301449519056505
209372199498950.3	0.03948565301700338	-0.6722643749722198	0.05520416283995371	-2.739207485679756	0.05310278973650030	-2.302011259835445	0.1794115740086220	-3.338506755698822
209284326443760.5	0.03973800214642911	-0.7104823260774188	0.05501791003992895	-2.764265192522374	0.05278418325522297	-2.329763162629973	0.1813591819770972	-3.375155835599466
209196527117885.6	0.03998680781915728	-0.7486579558191848	0.05481844676571733	-2.789666644766651	0.05244848915306821	-2.357406041941244	0.1833010359506026	-3.411395772089543
209108801428571.4	0.04023188564697092	-0.7867871029188222	0.05460263574219083	-2.815363929769965	0.05209694026550252	-2.384907410383656	0.1852478045723061	-3.447230668050846
209021149283219.2	0.04047307522280429	-0.8248657249726228	0.05436786995473306	-2.841302680635351	0.05173072195548101	-2.412239801551132	0.1872099665124854	-3.482669019617794
208933570589385.5	0.04071023815124601	-0.8628899397249141	0.05411209769123559	-2.867423527047419	0.05135093255149792	-2.439379296806337	0.1891978542792302	-3.517723399615770
208846065254781.5	0.04094325596320025	-0.9008560540289532	0.05383383290854612	-2.893663508305919	0.05095857612540367	-2.466304103635007	0.1912216722856192	-3.552410389887665
208758633187273.2	0.04117202801908258	-0.9387605817825883	0.05353215272974775	-2.919957431846072	0.05055458145902041	-2.492993381443385	0.1932914722483900	-3.586750622700629
208671274294880.7	0.04139646946917697	-0.9766002521491883	0.05320668325462062	-2.946239167581186	0.05013983806661724	-2.519426461782254	0.1954170818943969	-3.620768785018742
208583988485778.0	0.04161650960537860	-1.014372010453981	0.05285758078160781	-2.972442865017997	0.04971523878268228	-2.545582542324451	0.1976079827845003	-3.654493501547186
208496775668292.7	0.04183208987798126	-1.052073010324363	0.05248549268658746	-2.998504110696115	0.04928171747692474	-2.571440856951951	0.1998731885329262	-3.687956907106301
208409635750905.5	0.04204316248970674	-1.089700601829408	0.05209151811732596	-3.024361004505232	0.04884027336768836	-2.596981246090884	0.2022211082558070	-3.721194002271762
208322568642250.4	0.04224968912319940	-1.127252315287951	0.05167715920001074	-3.049955163225139	0.04839197509112597	-2.622184984972758	0.2046594413292976	-3.754241767045468
208235574251113.6	0.04245163991603308	-1.164725842532974	0.05124426592056932	-3.075232645454672	0.04793794192209548	-2.647035679791023	0.2071951207115182	-3.787138136290989
208148652486433.8	0.04264899262560291	-1.202119016789788	0.05079497438049697	-3.100144793790048	0.04747930358403910	-2.671520021049553	0.2098343210332863	-3.819920954201292
208061803257301.8	0.04284173225130787	-1.239429793244639	0.05033164511170905	-3.124648972007053	0.04701714443160131	-2.695628193653746	0.2125825236937349	-3.852627093932540
207975026472959.8	0.04302985071699090	-1.276656230207540	0.04985679453132549	-3.148709198140840	0.04655244046452095	-2.719353785509280	0.2154446445259841	-3.885291805366271
207888322042801.5	0.04321334672059549	-1.313796472368680	0.04937302355498568	-3.172296652001059	0.04608600016861223	-2.742693106158791	0.2184251970789827	-3.917948395183033
207801689876371.7	0.04339222591957685	-1.350848737515214	0.04888294867878482	-3.195390026613761	0.04561842074809276	-2.765643917773353	0.2215284546471952	-3.950628301192540
207715129883365.7	0.04356650122485031	-1.387811306817346	0.04838913297865324	-3.217975710109577	0.04515006967155189	-2.788203680194208	0.2247585847181668	-3.983361487524218
207628641973629.4	0.04373619321725430	-1.424682519352146	0.04789401966653917	-3.240047774329245	0.04468109877834402	-2.810367505965013	0.2281197219314056	-4.016177064473945
207542226057158.7	0.04390133057195640	-1.461460771062710	0.04739986844519763	-3.261607755267240	0.04421149382391160	-2.832126095805870	0.2316159575882986	-4.049103964912582
207455882044099.3	0.04406195076963359	-1.498144518943761	0.04690870252176148	-3.282664193762579	0.04374115771400593	-2.853463969039194	0.2352512246348769	-4.082171555722240
207369609844746.3	0.04421810053059734	-1.534732289346691	0.04642225783980526	-3.303231958036723	0.04327001962861368	-2.874358303732841	0.2390290997929848	-4.115409912179453
207283409369544.1	0.04436983623721513	-1.571222690944713	0.04594194219363668	-3.323331334441555	0.04279815848326055	-2.894778662473066	0.2429525355245335	-4.148849668852719
207197280529085.8	0.04451722435537784	-1.607614432038612	0.04546880648543758	-3.342986896421444	0.04232592549125414	-2.914687798777259	0.2470235604759005	-4.182521376665698
207111223234113.3	0.04466034167988231	-1.643906341453743	0.04500352662310323	-3.362226183938837	0.04185404866749592	-2.934043623535129	0.2512430046310826	-4.216454341297443
207025237395516.2	0.04479927540891828	-1.680097392493739	0.04454639761808380	-3.381078226629752	0.04138370255378952	-2.952802273407881	0.2556103063656466	-4.250675039237010
206939322924332.6	0.04493412297325648	-1.716186729174139	0.04409733949641099	-3.399571957876052	0.04091652871505935	-2.970922072741046	0.2601234592845214	-4.285205274913169
206853479731747.8	0.04506499174157897	-1.752173694065706	0.04365591752617354	-3.417734563521149	0.04045459707447736	-2.988368033930070	0.2647791428521185	-4.320060340269134
206767707729094.7	0.04519199850583714	-1.788057856718874	0.04322137479848798	-3.435589825343114	0.04000030397213097	-3.005116407950164	0.2695730689361597	-4.355247431838166
206682006827853.0	0.04531526845684801	-1.823839041538661	0.04279267161353925	-3.453156529472543	0.03955620998764872	-3.021158696559140	0.2745005553734661	-4.390764546508312
206596376939649.2	0.04543493414121919	-1.859517354592856	0.04236853893123919	-3.470446965790013	0.03912482909367256	-3.036504504247811	0.2795572961622039	-4.426600180843894
206510817976256.2	0.04555113409240145	-1.895093208083365	0.04194753893248501	-3.487465581745537	0.03870838757361909	-3.051182633501290	0.2847402867816797	-4.462733949941930
206425329849592.9	0.04566401121851578	-1.930567341625852	0.04152813221341586	-3.504207825216327	0.03830857778487668	-3.065239954736841	0.2900488299508054	-4.499138224512379
206339912471724.1	0.04577371096686106	-1.965940839458005	0.04110874979032329	-3.520659205915202	0.03792633574252911	-3.078737798698006	0.2954855286446717	-4.535780772581995
206254565754860.1	0.04588037920692710	-2.001215142747461	0.04068786679424207	-3.536794599694014	0.03756167216310245	-3.091745910526467	0.3010571611703068	-4.572628274931997
206169289611356.1	0.04598416025814621	-2.036392056427244	0.04026408209743634	-3.552577792320664	0.03721358378488444	-3.104334341191128	0.3067753248157102	-4.609650559725989
206084083953712.6	0.04608519441064022	-2.071473749722014	0.03983619154080124	-3.567961301595988	0.03688006441578802	-3.116563946711592	0.3126567518621677	-4.646825136016968
205998948694574.5	0.04618361551907658	-2.106462750141644	0.03940326168199299	-3.582886459547692	0.03655822614137132	-3.128476417016235	0.3187232053791107	-4.684141734064484
205913883746730.9	0.04627954860448865	-2.141361930577561	0.03896470086223880	-3.597283768077086	0.03624452938251723	-3.140084859277957	0.3250008981832540	-4.721606404051059
205828889023115.0	0.04637310744556673	-2.176174489357118	0.03852032537897691	-3.611073542823444	0.03593510928316109	-3.151365936615409	0.3315194144922386	-4.759244720551964
205743964436803.8	0.04646439224250341	-2.210903923308866	0.03807042016572221	-3.624166863345838	0.03562617629328489	-3.162254422482188	0.3383101580374920	-4.797103686984671
205659109901017.3	0.04655348740684213	-2.245553994054568	0.03761579294806217	-3.636466858759518	0.03531446183947121	-3.172640816814917	0.3454043995580244	-4.835252012019836
205574325329119.1	0.04664045945479800	-2.280128687912124	0.03715781983869692	-3.647870370172242	0.03499767611739606	-3.182372439938762	0.3528310438646087	-4.873778556035022
205489610634615.4	0.04672535537661440	-2.314632169997582	0.03669848548857255	-3.658270033007427	0.03467494406864960	-3.191258227963038	0.3606142768847329	-4.912788978333425
205404965731154.7	0.04680820101024833	-2.349068733180085	0.03624040936579658	-3.667556849445416	0.03434718662419676	-3.199077298303468	0.3687712781803499	-4.952400705751148
205320390532528.1	0.04688899976355933	-2.383442742771780	0.03578686069297112	-3.675623300225297	0.03401741672520725	-3.205591263018326	0.3773101903553504	-4.992736654621117
205235884952668.4	0.04696773178005272	-2.417758577925484	0.03534176063182434	-3.682367046619128	0.03369092237255357	-3.210560157754687	0.3862285227969849	-5.033918256154520
205151448905650.0	0.04704435343590938	-2.452020570781243	0.03490966741445131	-3.687695252488676	0.03337531205981630	-3.213761673005979	0.3955121302514930	-5.076058395975072
205067082305688.8	0.04711879723151703	-2.486232944493613	0.03449574220112693	-3.691529510373514	0.03308040176978431	-3.215013047965281	0.4051348552398020	-5.119254899825226
204982785067141.7	0.04719097208787766	-2.520399751303072	0.03410569271249771	-3.693811290760605	0.03281792839162985	-3.214194451987600	0.4150588630184932	-5.163585103679702
204898557104506.2	0.04726076405183152	-2.554524811823461	0.03374569181512275	-3.694507742527681	0.03260108368497442	-3.211271943704651	0.4252356375940026	-5.209101892870977
204814398332420.6	0.04732803729241950	-2.588611656674139	0.03342226756455303	-3.693617554949404	0.03244387745623065	-3.206317276686669	0.4356075536329321	-5.255831397054616
204730308665663.1	0.04739263593427283	-2.622663471660477	0.03314216996367477	-3.691176486324255	0.03236035885870713	-3.199521171080078	0.4461099076503047	-5.303772404621922
204646288019151.8	0.04745438558878383	-2.656683047332814	0.03291220255126279	-3.687261996056086	0.03236375007569815	-3.191196554806720	0.4566732503405453	-5.352897242954366
204562336307944.8	0.04751309566562868	-2.690672734037667	0.03273903499156680	-3.681996390463437	0.03246557068591272	-3.181769085522824	0.4672258779838987	-5.403153978144981
204478453447238.9	0.04756856187726992	-2.724634403180080	0.03262899683456876	-3.675547838537547	0.03267484844196637	-3.171754117218349	0.4776963293214570	-5.454469566061198
204394639352370.5	0.04762056900117852	-2.758569415387291	0.03258786353512470	-3.668128715586697	0.03299751328589527	-3.161721926453879	0.4880157560764192	-5.506753641698841
204310893938814.5	0.04766889385307378	-2.792478596104710	0.03262064746799115	-3.659990939912277	0.03343605209520681	-3.152255710264952	0.4981200555891640	-5.559902646525132
204227217122184.3	0.04771330842052515	-2.826362218996871	0.03273140846854974	-3.651418289737678	0.03398946343973094	-3.143908659533329	0.5079516782851242	-5.613804037719748
204143608818231.4	0.04775358310186284	-2.860219997381484	0.03292309852639634	-3.642716079709362	0.03465350364828838	-3.137166585856390	0.5174610476424434	-5.668340375683787
204060068942845.4	0.04778948992031472	-2.894051083739075	0.03319745264140012	-3.634198956660333	0.03542117096379992	-3.132421063591134	0.5266075531901078	-5.723393133753921
203976597412053.4	0.04782080599954961	-2.927854077321950	0.03355493758526024	-3.626177914183090	0.03628334487566304	-3.129955441393057	0.5353601073065825	-5.778846139590046
203893194142019.9	0.04784731666041815	-2.961627039477122	0.03399475662806881	-3.618947665768192	0.03722948909786789	-3.129943348903229	0.5436972612956429	-5.834588543329170
203809859049046.3	0.04786881850143946	-2.995367516452982	0.03451491165337878	-3.612775544336133	0.03824833581510624	-3.132457256781671	0.5516069127713542	-5.890517290722282
203726592049571.0	0.04788512237250775	-3.029072569216833	0.03511231438270605	-3.607892808475450	0.03932849037392627	-3.137483653009158	0.5590856462074070	-5.946539068775507
203643393060168.8	0.04789605610098413	-3.062738809690919	0.03578293434017453	-3.604488858766525	0.04045892077348437	-3.144941385628945	0.5661377624422708	-6.002571706334175
203560261997550.7	0.04790146696034800	-3.096362442763668	0.03652197039101130	-3.602708480381553	0.04162931901912430	-3.154700350640142	0.5727740677985225	-6.058545030831382
203477198778563.6	0.04790122384387927	-3.129939313345853	0.03732403243461738	-3.602651872294268	0.04283033853013314	-3.166598594143649	0.5790105021994735	-6.114401193698952
203394203320190.3	0.04789521911055118	-3.163464957685970	0.03818332143933488	-3.604376973428114	0.04405372257010636	-3.180456759447151	0.5848666910004955	-6.170094491712276
203311275539548.8	0.04788337007634752	-3.196934658112990	0.03909379857874989	-3.607903468250577	0.04529234400288847	-3.196089491315638	0.5903645059292543	-6.225590728305614
203228415353892.1	0.04786562007351829	-3.230343500320275	0.04004933682527051	-3.613217831339941	0.04654017806505677	-3.213313871507909	0.5955267149931469	-6.280866176901710
203145622680608.3	0.04784193930941220	-3.263686432391973	0.04104385291000962	-3.620278870816475	0.04779222856685177	-3.231955216678525	0.6003757973725716	-6.335906226851391
203062897437220.0	0.04781232515994702	-3.296958324558095	0.04207141624431948	-3.629023272466978	0.04904442560934285	-3.251850701600560	0.6049329732414720	-6.390703804067968
202980239541384.0	0.04777680203341744	-3.330154028834321	0.04312633630013452	-3.639370833668508	0.05029350950619858	-3.272851282200206	0.6092174898269329	-6.445257675386747
202897648910891.1	0.04773542096601711	-3.363268437724571	0.04420323087445385	-3.651229196536107	0.05153691225639043	-3.294822357971966	0.6132461843697920	-6.499570744046559
202815125463665.9	0.04768825879693363	-3.396296541079703	0.04529707655372173	-3.664497955230739	0.05277264481997034	-3.317643561504957	0.6170333171301706	-6.553648441006276
202732669117766.6	0.04763541698708325	-3.429233480308322	0.04640324412684160	-3.679072112747233	0.05399919546279187	-3.341207988002011	0.6205906512472269	-6.607497304881841
202650279791384.5	0.04757702010619806	-3.462074599162804	0.04751752138407141	-3.694844909739207	0.05521544195528469	-3.365421109342321	0.6239277380419506	-6.661123823575568
202567957402843.6	0.04751321401799351	-3.494815490378394	0.04863612553190345	-3.711710079879649	0.05642057838706399	-3.390199553535646	0.6270523534364823	-6.714533585825038
202485701870600.9	0.04744416379956445	-3.527452037498685	0.04975570716654590	-3.729563602394464	0.05761405584618154	-3.415469874992598	0.6299710236903547	-6.767730763160970
202403513113245.8	0.04737005143290297	-3.559980451299971	0.05087334743810654	-3.748305027380523	0.05879553519876134	-3.441167394599372	0.6326895770342361	-6.820717914851335
202321391049499.6	0.04729107327866945	-3.592397300279764	0.05198654962872361	-3.767838444624947	0.05996484968223943	-3.467235153097410	0.6352136613949173	-6.873496084380226
202239335598215.5	0.04720743748755719	-3.624699534834605	0.05309322659816108	-3.788073171416092	0.06112197489736423	-3.493622988514110	0.6375491793569545	-6.926065129225965
202157346678378.4	0.04711936135673561	-3.656884504788192	0.05419168472956278	-3.808924213067076	0.06226700403860035	-3.520286734128944	0.6397026019472025	-6.978424215404864
202075424209104.4	0.04702706842026303	-3.688949969921835	0.05528060428693193	-3.830312527087059	0.06340012662186730	-3.547187531089068	0.6416811359945562	-7.030572413378815
201993568109640.8	0.04693078575445879	-3.720894103587862	0.05635901810180601	-3.852165163421789	0.06452160952429209	-3.574291219279528	0.6434927443598481	-7.082509298451863
201911778299365.6	0.04683074127981927	-3.752715489294391	0.05742628811851126	-3.874415292241002	0.06563177977041969	-3.601567795438319	0.6451460248986556	-7.134235495406553
201830054697787.4	0.04672716116755089	-3.784413110411560	0.05848208036453195	-3.897002149227753	0.06673100897675002	-3.628990919614024	0.6466499719755690	-7.185753105088653
201748397224544.8	0.04662026739591044	-3.815986333247194	0.05952633865616422	-3.919870917687170	0.06781969973387934	-3.656537458864774	0.6480136540567556	-7.237065969276526
201666805799406.8	0.04651027549869537	-3.847434883859207	0.06055925732246643	-3.942972562016257	0.06889827438896590	-3.684187063407988	0.6492458475811548	-7.288179749305776
201585280342271.9	0.04639739254399390	-3.878758819090633	0.06158125321793533	-3.966263623292650	0.06996716668823839	-3.711921776028180	0.6503546697047395	-7.339101814221756
201503820773168.1	0.04628181537663560	-3.909958492426380	0.06259293729182106	-3.989705984825794	0.07102681657374815	-3.739725679674901	0.6513472506049892	-7.389840953870555
201422427012252.6	0.04616372915252963	-3.941034515371422	0.06359508598601413	-4.013266613350185	0.07207766814414965	-3.767584590194147	0.6522294801992472	-7.440406949553955
201341098979811.6	0.04604330618682630	-3.971987715142033	0.06458861274054500	-4.036917280010535	0.07312017044450264	-3.795485801006113	0.6530058551026399	-7.490810048140681
201259836596259.9	0.04592070507760689	-4.002819089494778	0.06557453983993498	-4.060634261917707	0.07415478036159218	-3.823417886773640	0.6536794404222736	-7.541060397809399
201178639782140.9	0.04579607035815754	-4.033529759809486	0.06655397115554500	-4.084398037684359	0.07518196688407755	-3.851370555996175	0.6542519490604823	-7.591167483739273
201097508458126.1	0.04566953227475522	-4.064120923091367	0.06752806559054972	-4.108192960678141	0.07620221529976778	-3.879334566952430	0.6547239283146225	-7.641139646941513
201016442545014.8	0.04554120695009815	-4.094593804070257	0.06849801190068153	-4.132006925134679	0.07721603037285213	-3.907301686943887	0.6550950346420669	-7.690983712178476
200935441963734.0	0.04541119692996946	-4.124949608398993	0.06946500511209321	-4.155831027171043	0.07822393755425339	-3.935264682034271	0.6553643681203678	-7.740704756262534
200854506635338.3	0.04527959200780806	-4.155189477855519	0.07043022471845487	-4.179659219705576	0.07922648142231939	-3.963217326033965	0.6555308335332748	-7.790306040681021
200773636481009.3	0.04514647033192933	-4.185314448492429	0.07139481492759860	-4.203487965556899	0.08022422103722550	-3.991154411327939	0.6555934935143580	-7.839789107708011
200692831422055.3	0.04501189976556386	-4.215325412597704	0.07235986716364327	-4.227315892005016	0.08121772230417321	-4.019071746160866	0.6555518810141590	-7.889154025711975
200612091379911.5	0.04487593946546761	-4.245223085251344	0.07332640499247749	-4.251143450329511	0.08220754787943452	-4.046966125662675	0.6554062433162607	-7.938399755843259
200531416276139.4	0.04473864164113781	-4.275007976162767	0.07429537159488074	-4.274972583985017	0.08319424553594038	-4.074835268047920	0.6551576972575313	-7.987524601912628
200450806032426.6	0.04460005345232519	-4.304680367367043	0.07526761986406590	-4.298806409113936	0.08417833617770752	-4.102677712527020	0.6548082843989743	-8.036526698835973
200370260570586.7	0.04446021900129975	-4.334240297234929	0.07624390515429315	-4.322648911000678	0.08516030282554930	-4.130492681109347	0.6543609247279704	-8.085404492896128
200289779812558.6	0.04431918137504045	-4.363687551124317	0.07722488065634375	-4.346504659856048	0.08614058186320596	-4.158279911731548	0.6538192771092278	-8.134157169277456
200209363680406.8	0.04417698469143515	-4.393021658862233	0.07821109532562895	-4.370378548980512	0.08711955763394388	-4.186039474501413	0.6531875232573857	-8.182784988501474
200129012096321.1	0.04403367610393442	-4.422241899117367	0.07920299424129365	-4.394275557910031	0.08809756113858161	-4.213771585745670	0.6524700987245327	-8.231289502885446
200048724982615.7	0.04388930767627576	-4.451347310512929	0.08020092130485135	-4.418200541461541	0.08907487302092312	-4.241476437893345	0.6516713994037542	-8.279673639605145
199968502261729.7	0.04374393829335202	-4.480336709558754	0.08120512376114800	-4.442158051448789	0.09005173120505861	-4.269154050370586	0.6507954899071792	-8.327941630251949
199888343856226.6	0.04359763521788904	-4.509208714581808	0.08221575879734110	-4.466152182768886	0.09102834161473863	-4.296804170580753	0.6498458468709301	-8.376098824252319
199808249688793.9	0.04345047550185980	-4.537961775515258	0.08323290167265135	-4.490186450648826	0.09200489146635200	-4.324426221611568	0.6488251583427964	-8.424151388169134
199728219682243.0	0.04330254721121644	-4.566594208966054	0.08425655506700716	-4.514263698056789	0.09298156375620663	-4.352019300556317	0.6477351973211015	-8.472105923709041
199648253759508.8	0.04315395037400588	-4.595104237803986	0.08528665946923555	-4.538386030750819	0.09395855122404752	-4.379582228010548	0.6465767809478598	-8.519969047551832
199568351843649.9	0.04300479765460765	-4.623490034541566	0.08632310428544905	-4.562554779050181	0.09493606833881484	-4.407113640075913	0.6453498170989137	-8.567746972404990
199488513857847.7	0.04285521474003970	-4.651749767672026	0.08736573938423257	-4.586770484412958	0.09591435999452103	-4.434612110793190	0.6440534319873618	-8.615445129364996
199408739725406.6	0.04270534042947455	-4.679881650073313	0.08841438680591052	-4.611032908555101	0.09689370595456472	-4.462076289803964	0.6426861648022034	-8.663067866820271
199329029369753.5	0.04255532642569434	-4.707883988539289	0.08946885237903407	-4.635341062578983	0.09787442055175269	-4.489505038692617	0.6412462093599589	-8.710618253057159
199249382714437.9	0.04240533683102987	-4.735755233471533	0.09052893700762464	-4.659693253408429	0.09885684767390358	-4.516897549747565	0.6397316787850167	-8.758097999312158
199169799683131.4	0.04225554735802099	-4.763494027753294	0.09159444741656006	-4.684087144728080	0.09984135159869755	-4.544253433154149	0.6381408676653453	-8.805507508320135
199090280199627.3	0.04210614427008859	-4.791099253827752	0.09266520616890311	-4.708519829606287	0.1008283047122006	-4.571572762283454	0.6364724870218393	-8.852846041585639
199010824187840.9	0.04195732307250984	-4.818570078029459	0.09374106079726716	-4.732987912027756	0.1018180735066210	-4.598856071496636	0.6347258506129505	-8.900111987754091
198931431571808.5	0.04180928697994373	-4.845905991255551	0.09482189192039062	-4.757487594660882	0.1028110044624751	-4.626104306315262	0.6329009961948922	-8.947303205530997
198852102275687.9	0.04166224519002994	-4.873106845119116	0.09590762024557011	-4.782014770333654	0.1038074114489709	-4.653318731041412	0.6309987318337901	-8.994417408321855
198772836223757.7	0.04151641099762813	-4.900172882808626	0.09699821238664630	-4.806565114871035	0.1048075661268641	-4.680500803690999	0.6290206045788890	-9.041452554610032
198693633340417.1	0.04137199978720513	-4.927104763963911	0.09809368545549321	-4.831134179154524	0.1058116925188298	-4.707652031649684	0.6269687960719534	-9.088407208235378
198614493550185.9	0.04122922694255363	-4.953903582995547	0.09919411041181250	-4.855717478490345	0.1068199664606296	-4.734773823487489	0.6248459563235904	-9.135280836087997
198535416777704.0	0.04108830569012407	-4.980570880333263	0.1002996143111893	-4.880310577087553	0.1078325199799767	-4.761867353707368	0.6226549930539348	-9.182074017795671
198456402947731.5	0.04094944502822122	-5.007108646553380	0.1014103809557943	-4.904909168358373	0.1088494507964765	-4.788933450801689	0.6203988341131934	-9.228788545732982
198377451985147.8	0.04081284763021766	-5.033519318873025	0.1025266507128726	-4.929509146845486	0.1098708352798207	-4.815972525778033	0.6180801893616533	-9.275427413455903
198298563814952.3	0.04067870780722030	-5.059805770088646	0.1036487194286882	-4.954106671613078	0.1108967437387216	-4.842984546631451	0.6157013329477260	-9.321994692616491
198219738362263.2	0.04054720966032473	-5.085971290354585	0.1047769360494355	-4.978698222170411	0.1119272569470843	-4.869969057972520	0.6132639231437177	-9.368495308763167
198140975552317.9	0.04041852537431400	-5.112019561924783	0.1059116994754778	-5.003280644724427	0.1129624817647320	-4.896925246271333	0.6107688776478436	-9.414934740567526
198062275310472.7	0.04029281370911007	-5.137954627399895	0.1070534546571420	-5.027851188905259	0.1140025643513030	-4.923852042457651	0.6082163138806727	-9.461318670066959
197983637562202.2	0.04017021871882513	-5.163780852125753	0.1082026880569747	-5.052407534862349	0.1150476996074659	-4.950748250700491	0.6056055581526276	-9.507652616321831
197905062233099.6	0.04005086872268029	-5.189502881532030	0.1093599226097116	-5.076947810820122	0.1160981358770653	-4.977612689535834	0.6029352211158370	-9.553941585801917
197826549248876.0	0.03993487554747294	-5.215125594320738	0.1105257123148957	-5.101470601354514	0.1171541744470404	-5.004444330501549	0.6002033308599787	-9.600189770620483
197748098535360.2	0.03982233405432693	-5.240654052522931	0.1117006365981623	-5.125974946814775	0.1182161639335300	-5.031242419896451	0.5974075099258156	-9.646400320698550
197669710018498.9	0.03971332195673269	-5.266093449519676	0.1128852945758092	-5.150460334458947	0.1192844901867423	-5.058006571297513	0.5945451788396978	-9.692575208613437
197591383624356.1	0.03960789993011894	-5.291449057176553	0.1140802993534296	-5.174926682000802	0.1203595628218628	-5.084736819741522	0.5916137668142194	-9.738715197014507
197513119279112.8	0.03950611200707423	-5.316726173264077	0.1152862724831929	-5.199374314375158	0.1214417998422258	-5.111433632644321	0.5886109101385687	-9.784819908935155
197434916909066.9	0.03940798624555030	-5.341930070330089	0.1165038386961275	-5.223803934621805	0.1225316120229974	-5.138097877120107	0.5855346204436949	-9.830887991988284
197356776440633.2	0.03931353565179299	-5.367065947151472	0.1177336210154423	-5.248216589857752	0.1236293887503319	-5.164730747946564	0.5823834082591487	-9.876917359116179
197278697800342.9	0.03922275933386320	-5.392138883828245	0.1189762363450350	-5.272613633359035	0.1247354868583918	-5.191333664450230	0.5791563517337515	-9.922905481972702
197200680914843.1	0.03913564385660077	-5.417153801486341	0.1202322916138467	-5.296996683801838	0.1258502236930065	-5.217908147680682	0.5758531056325392	-9.968849708648783
197122725710897.3	0.03905216476556832	-5.442115427438454	0.1215023805421573	-5.321367582718287	0.1269738751904462	-5.244455691146021	0.5724738512584546	-10.01474757561760
197044832115384.6	0.03897228824235288	-5.467028266511610	0.1227870810804699	-5.345728351211700	0.1281066792345953	-5.270977638757089	0.5690191932840314	-10.06059708455997
196967000055299.5	0.03889597285242910	-5.491896579094045	0.1240869535555629	-5.370081146938089	0.1292488440119195	-5.297475082693267	0.5654900141558380	-10.10639691800896
196889229457752.1	0.03882317134516729	-5.516724366285830	0.1254025395421253	-5.394428222308410	0.1304005605670879	-5.323948791651964	0.5618873003627913	-10.15214657321583
196811520249967.1	0.03875383246355483	-5.541515362359063	0.1267343614621991	-5.418771884795739	0.1315620183320935	-5.350399176562242	0.5582119571494141	-10.19784640079803
196733872359284.6	0.03868790272293288	-5.566273034557383	0.1280829228989739	-5.443114460143301	0.1327334221032209	-5.376826296984555	0.5544646290379514	-10.24349754296978
196656285713158.9	0.03862532811833540	-5.591000590084285	0.1294487095964295	-5.467458259170970	0.1339150087978405	-5.403229907194551	0.5506455427639760	-10.28910177476907
196578760239159.0	0.03856605572266961	-5.615700989961889	0.1308321911023084	-5.491805548767455	0.1351070623559008	-5.429609537000559	0.5467543870288915	-10.33466125993558
196501295864967.8	0.03851003513977491	-5.640376969278156	0.1322338229990054	-5.516158527539121	0.1363099253464772	-5.455964598945215	0.5427902400548549	-10.38017824025030
196423892518382.3	0.03845721978157381	-5.665031063194481	0.1336540496555802	-5.540519306463886	0.1375240061847563	-5.482294511177137	0.5387515516234622	-10.42565468259725
196346550127313.3	0.03840756794109096	-5.689665637957107	0.1350933074241510	-5.564889894776329	0.1387497813136678	-5.508598823922009	0.5346361814931651	-10.47109191128349
196269268619784.8	0.03836104363883255	-5.714282926038992	0.1365520281957580	-5.589272191187924	0.1399877922159459	-5.534877337499722	0.5304414912604683	-10.51649025399914
196192047923934.4	0.03831761722573757	-5.738885064456996	0.1380306432243098	-5.613667980426845	0.1412386376448254	-5.561130201030777	0.5261644822890144	-10.56184872817886
196114887968012.6	0.03827726572850212	-5.763474135228154	0.1395295871225843	-5.638078934972184	0.1425029619302968	-5.587357983110044	0.5218019686622103	-10.60716479064623
196037788680382.6	0.03823997292891730	-5.788052206885116	0.1410493019826938	-5.662506621567626	0.1437814405719319	-5.613561709095620	0.5173507715665533	-10.65243416731527
195960749989520.6	0.03820572918541696	-5.812621375986216	0.1425902414044000	-5.686952512592606	0.1450747646897690	-5.639742862713570	0.5128079199999632	-10.69765077387669
195883771824014.7	0.03817453102087237	-5.837183807583831	0.1441528741414793	-5.711418002569037	0.1463836260402391	-5.665903353561932	0.5081708427893127	-10.74280673136469
195806854112565.5	0.03814638040098328	-5.861741773320176	0.1457376881706815	-5.735904426124054	0.1477087035088762	-5.692045456587343	0.5034375389383571	-10.78789246480655
195729996783985.3	0.03812128383109033	-5.886297686485831	0.1473451939248134	-5.760413080961516	0.1490506531544549	-5.718171730040312	0.4986067140306847	-10.83289688122790
195653199767198.5	0.03809925122901666	-5.910854132896822	0.1489759272649661	-5.784945252921787	0.1504101022781462	-5.744284922564921	0.4936778753739456	-10.87780760439897
195576462991240.7	0.03808029461265027	-5.935413896783793	0.1506304519671393	-5.809502242997034	0.1517876480840077	-5.770387879901332	0.4886513816285945	-10.92261124542256
195499786385258.8	0.03806442663235127	-5.959979980957846	0.1523093616497762	-5.834085395642672	0.1531838608949452	-5.796483461657864	0.4835284468662384	-10.96729368514731
195423169878510.8	0.03805165898038584	-5.984555620636912	0.1540132810776231	-5.858696127713087	0.1545992913888097	-5.822574477175452	0.4783111029058871	-11.01184034437180
195346613400365.6	0.03804200071431978	-6.009144290476881	0.1557428667872038	-5.883335957348709	0.1560344808750536	-5.848663647373257	0.4730021271973497	-11.05623641984654
195270116880302.8	0.03803545653033098	-6.033749704485795	0.1574988069897697	-5.908006532151052	0.1574899732854997	-5.874753596355470	0.4676049461765913	-11.10046706800093
195193680247912.3	0.03803202502681128	-6.058375808680867	0.1592818207189503	-5.932709656003465	0.1589663273500286	-5.900846873425047	0.4621235256918896	-11.14451752382212
195117303432894.2	0.03803169699577027	-6.083026766501028	0.1610926562020839	-5.957447313925283	0.1604641273705901	-5.926946002702688	0.4565622606628276	-11.18837314895134
195040986365058.7	0.03803445378216527	-6.107706937165831	0.1629320884464125	-5.982221694387180	0.1619839911254934	-5.953053554678343	0.4509258755500862	-11.23201941032465
194964728974325.5	0.03804026574712916	-6.132420847329170	0.1648009160437631	-6.007035208565121	0.1635265736934561	-5.979172231545054	0.4452193455452937	-11.27544179797555
194888531190724.3	0.03804909087125296	-6.157173156536255	0.1666999572096703	-6.031890506065154	0.1650925663783926	-6.005304956741881	0.4394478457928379	-11.31862569732052
194812392944393.8	0.03806087352986427	-6.181968617136120	0.1686300450854167	-6.056790486717828	0.1666826903889015	-6.031454958539564	0.4336167326656398	-11.36155623678524
194736314165581.9	0.03807554346881931	-6.206812029427845	0.1705920223433594	-6.081738308108821	0.1682976854431873	-6.057625837993229	0.4277315574349963	-11.40421813546666
194660294784645.4	0.03809301500612082	-6.231708192933696	0.1725867351477400	-6.106737388590338	0.1699382939728513	-6.083821613098809	0.4217981089341019	-11.44659557728165
194584334732049.9	0.03811318647882801	-6.256661854776279	0.1746150265340145	-6.131791405596042	0.1716052420443132	-6.110046733177839	0.4158224783598323	-11.48867213746966
194508433938369.5	0.03813593995025386	-6.281677656198228	0.1766777292801493	-6.156904289166805	0.1732992184551115	-6.136306060392953	0.4098111365052917	-11.53043078434626
194432592334286.4	0.03816114118727459	-6.306760078304032	0.1787756583524623	-6.182080210678175	0.1750208536651721	-6.162604818414348	0.4037710117357692	-11.57185397396317
194356809850591.2	0.03818863991190465	-6.331913388111390	0.1809096030168873	-6.207323566846525	0.1767707002698516	-6.188948511343591	0.3977095561064328	-11.61292384813160
194281086418181.8	0.03821827032525027	-6.357141585983867	0.1830803187133813	-6.232638959174278	0.1785492166031781	-6.215342818756670	0.3916347872758054	-11.65362253757096
194205421968064.4	0.03824985189806824	-6.382448355474928	0.1852885187966973	-6.258031169075429	0.1803567547948216	-6.241793474962222	0.3855552953021430	-11.69393256234710
194129816431352.2	0.03828319041492252	-6.407837016549634	0.1875348662508001	-6.283505128999904	0.1821935542115054	-6.268306141885202	0.3794802059286145	-11.73383731195689
194054269739265.8	0.03831807925646144	-6.433310483066473	0.1898199654865726	-6.309065889945571	0.1840597407387674	-6.294886285546190	0.3734190953879980	-11.77332157814401
193978781823132.8	0.03835430089787151	-6.458871225294266	0.1921443543331960	-6.334718585809746	0.1859553318377876	-6.321539065571589	0.3673818558294487	-11.81237210557766
193903352614387.6	0.03839162859879419	-6.484521238125239	0.1945084963326988	-6.360468395086998	0.1878802468028223	-6.348269245891758	0.3613785148705585	-11.85097811965381
193827982044571.2	0.03842982825722864	-6.510262015520983	0.1969127734444844	-6.386320500463961	0.1898343211933344	-6.375081132754593	0.3554190171508331	-11.88913178759163
193752670045330.9	0.03846866039581192	-6.536094531587183	0.1993574792624646	-6.412280046895681	0.1918173240536402	-6.401978543598639	0.3495129797341535	-11.92682856928164
193677416548420.5	0.03850788224844358	-6.562019228545781	0.2018428128415319	-6.438352098769821	0.1938289763105303	-6.428964807592537	0.3436694364183486	-11.96406741838147
193602221485699.5	0.03854724991281495	-6.588036011730809	0.2043688732228713	-6.464541596774797	0.1958689686561259	-6.456042795844176	0.3378965881386875	-12.00085080206285
193527084789133.2	0.03858652053505938	-6.614144251613355	0.2069356547389812	-6.490853315086780	0.1979369772970356	-6.483214976859723	0.3322015774507815	-12.03718451934884
193452006390792.7	0.03862545449046351	-6.640342792725045	0.2095430431695142	-6.517291819475051	0.2000326761644976	-6.510483490728376	0.3265903043979592	-12.07307731249781
193376986222854.2	0.03866381752838457	-6.666629969252190	0.2121908128083224	-6.543861426903249	0.2021557445165647	-6.537850234312662	0.3210672988839948	-12.10854028234080
193302024217599.2	0.03870138284675295	-6.693003626955207	0.2148786244905376	-6.570566167166149	0.2043058692848927	-6.565316948945528	0.3156356610981602	-12.14358613545899
193227120307414.1	0.03873793306638328	-6.719461150988193	0.2176060246165177	-6.597409747060402	0.2064827419882057	-6.592885302418779	0.3102970768289482	-12.17822830697581
193152274424790.2	0.03877326207546290	-6.745999499107593	0.2203724451969175	-6.624395517534200	0.2086860505112235	-6.620556957808441	0.3050519090324044	-12.21248001587230
193077486502323.2	0.03880717671831523	-6.772615239704779	0.2231772049307614	-6.651526444205085	0.2109154664884025	-6.648333623188413	0.2998993612575296	-12.24635331863702
193002756472713.2	0.03883949830498275	-6.799304594035960	0.2260195113156696	-6.678805081572124	0.2131706293969885	-6.676217078154984	0.2948377029847011	-12.27985823064091
192928084268764.5	0.03887006392070595	-6.826063481987331	0.2288984637772637	-6.706233551183751	0.2154511287256256	-6.704209175222511	0.2898645421012306	-12.31300198234495
192853469823385.3	0.03889872751902306	-6.852887570687355	0.2318130577928635	-6.733813523958144	0.2177564857302222	-6.732311816389814	0.2849771260517994	-12.34578846938394
192778913069587.7	0.03892536078432080	-6.879772325257612	0.2347621899732988	-6.761546206785495	0.2200861362968346	-6.760526907199425	0.2801726509786907	-12.37821794240533
192704413940486.9	0.03894985375422697	-6.906713060986432	0.2377446640561082	-6.789432333479964	0.2224394163169803	-6.788856292407775	0.2754485575826968	-12.41028696544542
192629972369302.1	0.03897211519537901	-6.933704996213378	0.2407591977535201	-6.817472160086608	0.2248155507550783	-6.817301678680440	0.2708027935125795	-12.44198865207442
192555588289355.2	0.03899207271190359	-6.960743305144079	0.2438044305818116	-6.845665463575503	0.2272136471440973	-6.845864550781707	0.2662340241583322	-12.47331316833983
192481261634071.0	0.03900967266894372	-6.987823170221871	0.2468789317159317	-6.874011548018719	0.2296326945987977	-6.874546086417636	0.2617417806824487	-12.50424847094861
192406992336977.5	0.03902487979421759	-7.014939832854765	0.2499812093306892	-6.902509250809564	0.2320715674301121	-6.903347078036206	0.2573265321384056	-12.53478123309253
192332780331704.8	0.03903767657302178	-7.042088642245124	0.2531097201602334	-6.931156954281807	0.2345290338545968	-6.932267865218929	0.2529896816161062	-12.56489789493726
192258625551985.6	0.03904806242611780	-7.069265101646666	0.2562628794249640	-6.959952601410928	0.2370037690527705	-6.961308282074953	0.2487334879978837	-12.59458576562368
192184527931654.7	0.03905605266994298	-7.096464911417757	0.2594390711881281	-6.988893714586510	0.2394943715980046	-6.990467622578109	0.2445609204559184	-12.62383409896329
192110487404648.8	0.03906167728295773	-7.123684008368262	0.2626366589753774	-7.017977417506270	0.2419993822624150	-7.019744624943263	0.2404754581968186	-12.65263506498613
192036503905006.4	0.03906497949651144	-7.150918600912188	0.2658539965562733	-7.047200459900119	0.2445173040902872	-7.049137474677030	0.2364808515374119	-12.68098454546049
191962577366867.7	0.03906601423362962	-7.178165199606303	0.2690894387853710	-7.076559244785614	0.2470466226528294	-7.078643824741959	0.2325808629351345	-12.70888269305392
191888707724474.1	0.03906484641870503	-7.205420642696054	0.2723413524000942	-7.106049857945230	0.2495858255117332	-7.108260830123592	0.2287790077087597	-12.73633421055327
191814894912168.3	0.03906154918426622	-7.232682116361746	0.2756081266728130	-7.135668099314684	0.2521334201085198	-7.137985193435578	0.2250783137710720	-12.76334832757698
191741138864393.8	0.03905620200227701	-7.259947169426679	0.2788881838156235	-7.165409515971635	0.2546879495322409	-7.167813217852871	0.2214811177661785	-12.78993847603732
191667439515695.1	0.03904888876798595	-7.287213722352788	0.2821799890382274	-7.195269436416924	0.2572480058751673	-7.197740863673383	0.2179889116969322	-12.81612169027305
191593796800717.3	0.03903969586516344	-7.314480070429246	0.2854820601617181	-7.225243005844801	0.2598122411477127	-7.227763805154375	0.2146022497051259	-12.84191778094781
191520210654205.6	0.03902871024215513	-7.341744881139491	0.2887929766943947	-7.255325222106951	0.2623793759527325	-7.257877484904064	0.2113207195054480	-12.86734835106128
191446681011005.9	0.03901601752737623	-7.369007185768038	0.2921113882795748	-7.285510972081031	0.2649482063002723	-7.288077163884518	0.2081429775350079	-12.89243573554458
191373207806063.7	0.03900170021290395	-7.396266365396973	0.2954360224300519	-7.315795068165127	0.2675176090662109	-7.318357965990252	0.2050668416648683	-12.91720195128309
191299790974424.5	0.03898583593306850	-7.423522131517061	0.2987656914690111	-7.346172284626072	0.2700865466438536	-7.348714917032305	0.2020894308151040	-12.94166774126191
191226430451233.6	0.03896849586387815	-7.450774501564432	0.3020992986031857	-7.376637393540025	0.2726540713151084	-7.379142978773654	0.1992073374348450	-12.96585178512230
191153126171735.3	0.03894974326759080	-7.478023769771310	0.3054358430607312	-7.407185200073598	0.2752193297748082	-7.409637079316309	0.1964168168478561	-12.98977013001251
191079878071273.5	0.03892963220340468	-7.505270473787451	0.3087744242333455	-7.437810576859441	0.2777815680986641	-7.440192141530496	0.1937139770638989	-13.01343587230217
191006686085291.1	0.03890820642339808	-7.532515357601037	0.3121142447703387	-7.468508497231553	0.2803401372587960	-7.470803111439116	0.1910949537928278	-13.03685909512132
190933550149329.9	0.03888549847000759	-7.559759331344140	0.3154546125808100	-7.499274067093811	0.2828944990907560	-7.501464988408880	0.1885560578953383	-13.06004704155798
190860470199030.4	0.03886152898763440	-7.587003428617856	0.3187949417093058	-7.530102555202391	0.2854442324170339	-7.532172858692652	0.1860938860574537	-13.08300448130547
190787446170131.3	0.03883630625761241	-7.614248762010069	0.3221347520603105	-7.560989421652517	0.2879890388563543	-7.562921933387075	0.1837053896954062	-13.10573421174053
190714477998470.2	0.03880982596247566	-7.641496477506603	0.3254736679571320	-7.591930344368295	0.2905287477177834	-7.593707591241388	0.1813879015511537	-13.12823762435346
190641565619982.2	0.03878207118197770	-7.668747708513301	0.3288114155319513	-7.622921243406241	0.2930633192974684	-7.624525426061115	0.1791391236942839	-13.15051526494344
190568708970700.6	0.03875301261886639	-7.696003530204453	0.3321478189550193	-7.653958302890898	0.2955928458872806	-7.655371297697423	0.1769570843107559	-13.17256732109784
190495907986756.7	0.03872260904952813	-7.723264914906229	0.3354827955228389	-7.685037990414691	0.2981175498581072	-7.686241384979220	0.1748400734088373	-13.19439398256171
190423162604378.8	0.03869080799129058	-7.750532689199638	0.3388163496374529	-7.716157073749660	0.3006377782979552	-7.717132238406198	0.1727865691771623	-13.21599563790429
190350472759893.1	0.03865754657398297	-7.777807493391682	0.3421485657209128	-7.747312634729205	0.3031539938635079	-7.748040830013427	0.1707951670683016	-13.23737289260142
190277838389722.7	0.03862275260118009	-7.805089743958355	0.3454796001216516	-7.778502080180498	0.3056667617187301	-7.778964597672468	0.1688645227497158	-13.25852641708054
190205259430387.8	0.03858634578322795	-7.832379599509793	0.3488096720814953	-7.809723149803717	0.3081767326786541	-7.809901481119301	0.1669933179776002	-13.27945665600059
190132735818505.3	0.03854823909892397	-7.859676930427544	0.3521390540063758	-7.840973919404981	0.3106846225536980	-7.840849947684108	0.1651802547222181	-13.30016345465963
190060267490789.0	0.03850834035379128	-7.886981293853109	0.3554680604957437	-7.872252805183682	0.3131911896775422	-7.871809004192147	0.1634240826533568	-13.32064564925475
189987854384048.8	0.03846655381188774	-7.914291913077937	0.3587970369634708	-7.903558562924725	0.3156972100026226	-7.902778195367230	0.1617236555415799	-13.34090071217147
189915496435191.1	0.03842278183799252	-7.941607660891878	0.3621263481731056	-7.934890279289801	0.3182034499424400	-7.933757588797496	0.1600780101099792	-13.36092453600520
189843193581218.3	0.03837692668153810	-7.968927049403273	0.3654563657448508	-7.966247365506546	0.3207106405445234	-7.964747743981560	0.1584864635808449	-13.38071138546757
189770945759228.7	0.03832889226141888	-7.996248224815604	0.3687874555623361	-7.997629546164140	0.3232194522784465	-7.995749668416881	0.1569487155337994	-13.40025408929580
189698752906416.4	0.03827858595293238	-8.023568967581714	0.3721199650203114	-8.029036844969465	0.3257304718767179	-8.026764762009812	0.1554649426054745	-13.41954449279629
189626614960071.0	0.03822592035060590	-8.050886697903328	0.3754542102555563	-8.060469567589077	0.3282441821324600	-8.057794752184483	0.1540358735609521	-13.43857417136308
189554531857577.3	0.03817081498188941	-8.078198486473232	0.3787904635068815	-8.091928281736813	0.3307609453764867	-8.088841622551234	0.1526628333204724	-13.45733537751036
189482503536415.5	0.03811319794713784	-8.105501070294165	0.3821289407516860	-8.123413794697894	0.3332809911423845	-8.119907538251479	0.1513477467212533	-13.47582216671785
189410529934160.6	0.03805300746311336	-8.132790873349657	0.3854697897664619	-8.154927128512238	0.3358044082730659	-8.150994771169202	0.1500930959604704	-13.49403162315678
189338610988482.5	0.03799019328840229	-8.160064031850910	0.3888130787564458	-8.186469493068781	0.3383311414711761	-8.182105628041946	0.1489018295499596	-13.51196508751099
189266746637145.8	0.03792471801107934	-8.187316423734488	0.3921587856955722	-8.218042257388159	0.3408609920431771	-8.213242384162953	0.1477772249011023	-13.52962927778564
189194936818009.4	0.03785655818129469	-8.214543702045555	0.3955067885120002	-8.249646919396616	0.3433936223670120	-8.244407224871790	0.1467227109905600	-13.54703719200786
189123181469026.5	0.03778570527330370	-8.241741331802928	0.3988568562464104	-8.281285074511601	0.3459285634377446	-8.275602196398875	0.1457416615508403	-13.56420869029128
189051480528244.7	0.03771216646363591	-8.268904629910701	0.4022086413007543	-8.312958383374681	0.3484652247220329	-8.306829166937474	0.1448371725024948	-13.58117067324317
188979833933805.0	0.03763596521488198	-8.296028807655041	0.4055616728836533	-8.344668539079335	0.3510029054930266	-8.338089798123782	0.1440118395495089	-13.59795680338433
188908241623942.4	0.03755714165686325	-8.323109015299419	0.4089153517457955	-8.376417234244928	0.3535408068202299	-8.369385526436563	0.1432675527207377	-13.61460675403883
188836703536985.6	0.03747575275975133	-8.350140388273534	0.4122689462844958	-8.408206128291335	0.3560780434534235	-8.400717553461210	0.1426053239957929	-13.63116501258623
188765219611356.5	0.03739187229548120	-8.377118094431328	0.4156215900813828	-8.440036815259809	0.3586136549537167	-8.432086843489586	0.1420251619893873	-13.64767930749832
188693789785570.2	0.03730559057428785	-8.404037381528854	0.4189722809297936	-8.471910791172045	0.3611466151329601	-8.463494126872474	0.1415260036168279	-13.66419877306933
188622413998234.8	0.03721701399810272	-8.430893625312717	0.4223198813232685	-8.503829425162602	0.3636758407917615	-8.494939906512089	0.1411057101457803	-13.68077196671224
188551092188051.5	0.03712626443494576	-8.457682377749869	0.4256631205291039	-8.535793935343726	0.3662001999837425	-8.526424465542572	0.1407611285357920	-13.69744488252900
188479824293813.8	0.03703347828669968	-8.484399411456197	0.4290005982156416	-8.567805354908874	0.3687185147562770	-8.557947876810706	0.1404882079022774	-13.71425918659470
188408610254408.1	0.03693880546429584	-8.511040764783850	0.4323307894952231	-8.599864510230683	0.3712295659442830	-8.589510009169256	0.1402821701937420	-13.73125069295617
188337450008812.8	0.03684240815838490	-8.537602784011479	0.4356520514671666	-8.631971998419582	0.3737320961150515	-8.621110531719724	0.1401377171132807	-13.74844824697730
188266343496098.7	0.03674445944662844	-8.564082162758476	0.4389626311717156	-8.664128167354701	0.3762248120894923	-8.652748914928573	0.1400492589177508	-13.76587306465010
188195290655428.3	0.03664514175430098	-8.590475978093359	0.4422606748866834	-8.696333098352541	0.3787063875682235	-8.684424428534786	0.1400111486306134	-13.78353854889150
188124291426056.3	0.03654464518629579	-8.616781722827991	0.4455442386841210	-8.728586591602811	0.3811754663872797	-8.716136136610370	0.1400179056846279	-13.80145056303275
188053345747328.7	0.03644316575024173	-8.642997333512993	0.4488113001515184	-8.760888154466803	0.3836306668668112	-8.747882890525066	0.1400644148130002	-13.81960810619274
187982453558683.1	0.03634090349222460	-8.669121213685049	0.4520597711702508	-8.793236992701516	0.3860705876174770	-8.779663320879884	0.1401460888647635	-13.83800430795049
187911614799648.3	0.03623806056806586	-8.695152251960515	0.4552875116336965	-8.825632004641166	0.3884938150355323	-8.811475829675327	0.1402589877969038	-13.85662764227786
187840829409844.3	0.03613483927415656	-8.721089834619159	0.4584923439786075	-8.858071778337067	0.3908989325585148	-8.843318584053055	0.1403998900326218	-13.87546325338128
187770097328982.1	0.03603144006259684	-8.746933852379129	0.4616720683959997	-8.890554591628300	0.3932845315884795	-8.875189512900978	0.1405663163250103	-13.89449428827680
187699418496863.3	0.03592805956587911	-8.772684701134658	0.4648244785816855	-8.923078415089327	0.3956492238322068	-8.907086307451117	0.1407565099175605	-13.91370314127381
187628792853380.2	0.03582488865676584	-8.798343276500726	0.4679473778826671	-8.955640917777556	0.3979916546572968	-8.939006426734146	0.1409693798882103	-13.93307253238892
187558220338515.6	0.03572211056020234	-8.823910961920713	0.4710385955302519	-8.988239474187752	0.4003105162876482	-8.970947108539912	0.1412044164350166	-13.95258637282498
187487700892342.4	0.03561989906951803	-8.849389610954244	0.4740960032609075	-9.020871176921929	0.4026045622773113	-9.002905385619540	0.1414615902577600	-13.97223035595673
187417234455023.8	0.03551841688632718	-8.874781523543867	0.4771175322861185	-9.053532854311424	0.4048726225310440	-9.034878107057514	0.1417412468659135	-13.99199226906435
187346820966812.8	0.03541781402582219	-8.900089415139982	0.4801011887670169	-9.086221079043346	0.4071136119106947	-9.066861965041648	0.1420440023298246	-14.01186213320082
187276460368052.1	0.03531822643629361	-8.925316381389962	0.4830450700127776	-9.118932189018253	0.4093265415127703	-9.098853524466586	0.1423706564255810	-14.03183207119141
187206152599174.1	0.03521977477420040	-8.950465857223733	0.4859473799061747	-9.151662307294291	0.4115105264249152	-9.130849255121316	0.1427221262689059	-14.05189604145267
187135897600700.5	0.03512256336867378	-8.975541571189407	0.4888064437077957	-9.184407363849111	0.4136647909550109	-9.162845564761486	0.1430994058617810	-14.07204948488437
187065695313242.5	0.03502667939036548	-9.000547495615662	0.4916207221067321	-9.217163118985953	0.4157886712078782	-9.194838831550735	0.1435035530454180	-14.09228895498654
186995545677500.0	0.03493219223608283	-9.025487793250393	0.4943888243916698	-9.249925188204943	0.4178816150598399	-9.226825434375874	0.1439357022956654	-14.11261179897462
186925448634262.2	0.03483915313735536	-9.050366761090270	0.4971095206231850	-9.282689068356701	0.4199431797565679	-9.258801779679425	0.1443970989559481	-14.13301594878004
186855404124406.7	0.03474759499831281	-9.075188772170368	0.4997817526958093	-9.315450164895818	0.4219730275172459	-9.290764323699815	0.1448891481255256	-14.15349986634999
186785412088900.0	0.03465753246500730	-9.099958216122442	0.5024046441869787	-9.348203820050927	0.4239709196587503	-9.322709589327516	0.1454134697090090	-14.17406266901215
186715472468796.8	0.03456896222445458	-9.124679439329620	0.5049775088989500	-9.380945341724578	0.4259367098501720	-9.354634177152690	0.1459719502287012	-14.19470443960192
186645585205240.2	0.03448186352888221	-9.149356685513755	0.5074998580091807	-9.413670032938320	0.4278703371625927	-9.386534770700143	0.1465667819735785	-14.21542670448439
186575750239461.2	0.03439619891891424	-9.173994037854440	0.5099714050792794	-9.446373218971289	0.4297718179961134	-9.418408136218538	0.1472004803407755	-14.23623306232074
186505967512779.0	0.03431191521531991	-9.198595362357889	0.5123920717935467	-9.479050283907691	0.4316412444802163	-9.450251117895649	0.1478758750114095	-14.25712982129966
186436236966600.2	0.03422894463812150	-9.223164254715197	0.5147619897629857	-9.511696696963124	0.4334787786844875	-9.482060629574674	0.1485960659984523	-14.27812672194620
186366558542419.3	0.03414720611079412	-9.247703990798705	0.5170815009763186	-9.544308040439592	0.4352846497224309	-9.513833644210569	0.1493643455626042	-14.29923758531135
186296932181818.2	0.03406660674673256	-9.272217480936194	0.5193511574686925	-9.576880040593101	0.4370591551013608	-9.545567182749075	0.1501840873302189	-14.32048080192825
186227357826465.8	0.03398704346380131	-9.296707229024037	0.5215717189580598	-9.609408596392083	0.4388026635041262	-9.577258303920777	0.1510586057950475	-14.34187963211100
186157835418118.5	0.03390840471548144	-9.321175296827578	0.5237441488120657	-9.641889807488193	0.4405156197583993	-9.608904096464759	0.1519909934879645	-14.36346225440091
186088364898619.2	0.03383057231642390	-9.345623273856916	0.5258696083559747	-9.674320001204865	0.4421985516851857	-9.640501675124069	0.1529839450085835	-14.38526152917290
186018946209898.0	0.03375342333897583	-9.370052253108767	0.5279494495449673	-9.706695758345894	0.4438520783676748	-9.672048181493151	0.1540395786334758	-14.40731446737336
185949579293971.4	0.03367683205704053	-9.394462812873254	0.5299852060381756	-9.739013937625380	0.4454769192527741	-9.703540790460881	0.1551592668595015	-14.42966141916243
185880264092942.3	0.03360067191395747	-9.418855004717619	0.5319785827259451	-9.771271698523172	0.4470739034101878	-9.734976722610037	0.1563434869308710	-14.45234502140936
185811000549000.1	0.03352481749151361	-9.443228347670434	0.5339314437753726	-9.803466522371163	0.4486439782407815	-9.766353262528801	0.1575917011493052	-14.47540896398530
185741788604420.2	0.03344914643611929	-9.467581829147873	0.5358457985828351	-9.835596229872524	0.4501882156464686	-9.797667782359653	0.1589022745659934	-14.49889666303605
185672628201563.9	0.03337354139805051	-9.491913910383865	0.5377237882278473	-9.867659000906205	0.4517078197509404	-9.828917770524109	0.1602724356126536	-14.52284987734462
185603519282878.4	0.03329789189985775	-9.516222537885332	0.5395676703101877	-9.899653390485650	0.4532041312929208	-9.860100863955315	0.1616982808475097	-14.54730739888691
185534461790896.7	0.03322209603585290	-9.540505162923305	0.5413797999798458	-9.931578336281220	0.4546786242269597	-9.891214881513999	0.1631748226214194	-14.57230392972727
185465455668237.1	0.03314606216494732	-9.564758763798114	0.5431626129050274	-9.963433170267793	0.4561329047080051	-9.922257858988234	0.1646960763580946	-14.59786910721826
185396500857603.2	0.03306971046466766	-9.588979873778756	0.5449186065534807	-9.995217625466681	0.4575687053447481	-9.953228082966414	0.1662551801189421	-14.62402679179831
185327597301784.0	0.03299297435945801	-9.613164613602223	0.5466503208165703	-10.02693183978490	0.4589878765257071	-9.984124122394409	0.1678445382659041	-14.65079462325802
185258744943653.3	0.03291580181278085	-9.637308728153171	0.5483603181390632	-10.05857635685931	0.4603923751204290	-10.01494485655061	0.1694559798388753	-14.67818384677839
185189943726169.8	0.03283815647346879	-9.661407626917001	0.5500511633249809	-10.09015212383389	0.4617842510033515	-10.04568949841918	0.1710809220652716	-14.70619939070085
185121193592377.2	0.03276001866859322	-9.685456427789248	0.5517254031961576	-10.12166048602581	0.4631656319537124	-10.07635761276249	0.1727105299697864	-14.73484016223426
185052494485403.3	0.03268138623740863	-9.709450003826753	0.5533855462847497	-10.15310317847002	0.4645387075438629	-10.10694912855903	0.1743358642375817	-14.76409951608997
184983846348460.5	0.03260227517628045	-9.733383033193906	0.5550340421179661	-10.18448231342493	0.4659057115715105	-10.13746434545575	0.1759480113287733	-14.79396585197789
184915249124845.5	0.03252272016018651	-9.757250050115344	0.5566732619688399	-10.21580036659030	0.4672689065364567	-10.16790393556823	0.1775381912562747	-14.82442326679837
184846702757939.0	0.03244277498927827	-9.781045495406003	0.5583054821381640	-10.24706016289868	0.4686305720914346	-10.19826894216015	0.1790978402785365	-14.85545220544381
184778207191205.6	0.03236251261414836	-9.804763774688514	0.5599328620362686	-10.27826485075646	0.4699929844602440	-10.22856077094439	0.1806186711432095	-14.88703015185526
184709762368193.6	0.03228202520661531	-9.828399312279712	0.5615574281603780	-10.30941788116594	0.4713584056766693	-10.25878118185657	0.1820927094893334	-14.91913219699900
184641368232535.2	0.03220142401542035	-9.851946607073547	0.5631810577898824	-10.34052298223032	0.4727290718840644	-10.28893227863408	0.1835123115254377	-14.95173153140430
184573024727945.8	0.03212083906795847	-9.875400288596186	0.5648054639341511	-10.37158413143267	0.4741071829766431	-10.31901649807373	0.1848701672790831	-14.98479982753077
184504731798224.0	0.03204041872403045	-9.898755172866375	0.5664321816725978	-10.40260552595392	0.4754948933441884	-10.34903659989900	0.1861592948420303	-15.01830750391717
184436489387251.9	0.03196032908836576	-9.922006317703627	0.5680625560120748	-10.43359155132239	0.4768943033491080	-10.37899565792840	0.1873730313755153	-15.05222387225159
184368297438994.3	0.03188075328954403	-9.945149077132118	0.5696977313699859	-10.46454674871101	0.4783074510683351	-10.40889705293441	0.1885050265386927	-15.08651717660118
184300155897499.1	0.03180189063273150	-9.968179154553836	0.5713386427528667	-10.49547578119941	0.4797363037482675	-10.43874446722564	0.1895492435071411	-15.12115454087564
184232064706896.6	0.03172395550368506	-9.991092656775750	0.5729860064596950	-10.52638339728942	0.4811827447706816	-10.46854187830505	0.1904999734619617	-15.15610185980250
184164023811399.7	0.03164717669702724	-10.01388613605858	0.5746403218331261	-10.55727440280958	0.4826485745097796	-10.49829356269250	0.1913518587297181	-15.19132358279508
184096033155304.0	0.03157179586071058	-10.03655664503222	0.5763018610113450	-10.58815361944136	0.4841354867254449	-10.52800408580580	0.1920999420934307	-15.22678257230731
184028092682986.8	0.03149806637159453	-10.05910177888938	0.5779706697888508	-10.61902585282730	0.4856450582958319	-10.55767829953174	0.1927397272644961	-15.26243990343878
183960202338908.0	0.03142625200770043	-10.08151971714786	0.5796465680306007	-10.64989585908679	0.4871787331714451	-10.58732133499830	0.1932672569898498	-15.29825471201722
183892362067609.1	0.03135662555634207	-10.10380926214895	0.5813291519085210	-10.68076831242455	0.4887378044513891	-10.61693859144176	0.1936792049183985	-15.33418409741924
183824571813713.5	0.03128946736843562	-10.12596987396584	0.5830177979050273	-10.71164777414013	0.4903233948698459	-10.64653571992300	0.1939729776263131	-15.37018309997070
183756831521926.1	0.03122506387018596	-10.14800170142127	0.5847116685093686	-10.74253866332896	0.4919364361602036	-10.67611860084633	0.1941468222284476	-15.40620476896882
183689141137033.4	0.03116370604344228	-10.16990560892990	0.5864097195147958	-10.77344522953564	0.4935776479229444	-10.70569331451597	0.1941999342964665	-15.44220033320165
183621500603903.3	0.03110568781438650	-10.19168319974218	0.5881107078740292	-10.80437152709784	0.4952475152621041	-10.73526610293200	0.1941325612870047	-15.47811948379336
183553909867484.7	0.03105130458541245	-10.21333683244147	0.5898132030429248	-10.83532139311537	0.4969462709033855	-10.76484332715720	0.1939460928105244	-15.51391076368387
183486368872807.6	0.03100085185007132	-10.23486963197960	0.5915156004242574	-10.86629842800493	0.4986738805814363	-10.79443141944111	0.1936431330351046	-15.54952207122501
183418877564982.8	0.03095462335903084	-10.25628550096928	0.5932161299558176	-10.89730597586150	0.5004300217578837	-10.82403682015716	0.1932275569194794	-15.58490128312735
183351435889202.1	0.03091290971883703	-10.27758912059814	0.5949128711477510	-10.92834711045779	0.5022140746792276	-10.85366591789223	0.1927045346482994	-15.61999696182214
183284043790737.6	0.03087599690178673	-10.29878594771409	0.5966037672974249	-10.95942462310437	0.5040251150538651	-10.88332498386536	0.1920805274373832	-15.65475915307559
183216701214941.8	0.03084416479388222	-10.31988220651062	0.5982866403286831	-10.99054101328134	0.5058619113990973	-10.91302010472472	0.1913632506497411	-15.68914025275486
183149408107247.8	0.03081768578870033	-10.34088487479993	0.5999592060944042	-11.02169848201103	0.5077229273552816	-10.94275711560419	0.1905616028531685	-15.72309592255208
183082164413168.5	0.03079682343433308	-10.36180166491722	0.6016190899825762	-11.05289892790951	0.5096063290625404	-10.97254153533918	0.1896855607148253	-15.75658603085669
183014970078297.0	0.03078183107350140	-10.38264099971510	0.6032638419721975	-11.08414394573717	0.5115099964302563	-11.00237850429095	0.1887460417067481	-15.78957559040135
182947825048306.3	0.03077295062490024	-10.40341198278447	0.6048909525633653	-11.11543482767813	0.5134315404294519	-11.03227272929966	0.1877547354063601	-15.82203566336078
182880729268948.7	0.03077041178514805	-10.42412436249927	0.6064978720369757	-11.14677256703136	0.5153683297876657	-11.06222844280158	0.1867239041196605	-15.85394421063241
182813682686056.5	0.03077443046391011	-10.44478849566216	0.6080820207042077	-11.17815786315598	0.5173175080382783	-11.09224935268255	0.1856661714252039	-15.88528682568741
182746685245541.2	0.03078520795678427	-10.46541530308855	0.6096408057327352	-11.20959112939867	0.5192760241271921	-11.12233861428241	0.1845942870396552	-15.91605734485474
182679736893393.6	0.03080293001971403	-10.48601622236171	0.6111716355205246	-11.24107250250291	0.5212406622255189	-11.15249880769466	0.1835208845378724	-15.94625828899183
182612837575683.6	0.03082776602473317	-10.50660315704471	0.6126719334345816	-11.27260185362423	0.5232080729498330	-11.18273192394728	0.1824582370244478	-15.97590110976674
182545987238560.1	0.03085986819820537	-10.52718842280740	0.6141391508212933	-11.30417880075243	0.5251748052756105	-11.21303935969164	0.1814180181954648	-16.00500621745070
182479185828250.8	0.03089937094191744	-10.54778469095520	0.6155707792072308	-11.33580272233849	0.5271373385004053	-11.24342191976522	0.1804110761167165	-16.03360277516840
182412433291062.1	0.03094639004991650	-10.56840492947365	0.6169643600303294	-11.36747277238535	0.5290921114587748	-11.27387982293181	0.1794472284632694	-16.06172824483675
182345729573378.8	0.03100102263052898	-10.58906234332069	0.6183174988609876	-11.39918789494605	0.5310355585582646	-11.30441272668373	0.1785350769517524	-16.08942773098550
182279074621664.4	0.03106334646436397	-10.60977031351487	0.6196278729010456	-11.43094684034199	0.5329641362881120	-11.33501974383811	0.1776818590208873	-16.11675308073549
182212468382460.4	0.03113341948559526	-10.63054233485470	0.6208932380714345	-11.46274818208766	0.5348743492763165	-11.36569946425180	0.1768933328774794	-16.14376179584093
182145910802386.4	0.03121127960924060	-10.65139195428272	0.6221114373626797	-11.49459033331250	0.5367627780635530	-11.39644998550892	0.1761736957843005	-16.17051581063752
182079401828140.3	0.03129694451848081	-10.67233270961372	0.6232804071693125	-11.52647156348192	0.5386261039548903	-11.42726894391077	0.1755255398435598	-16.19708016089271
182012941406497.2	0.03139041152121441	-10.69337806923649	0.6243981825911362	-11.55839001501853	0.5404611323986087	-11.45815354755770	0.1749498429688361	-16.22352159755086
181946529484310.4	0.03149165747300455	-10.71454137324511	0.6254629017149646	-11.59034371967475	0.5422648149651994	-11.48910061116611	0.1744459925684923	-16.24990719414213
181880166008510.7	0.03160063864411913	-10.73583577536405	0.6264728080255440	-11.62233061516743	0.5440342688479221	-11.52010658991451	0.1740118395012243	-16.27630298418782
181813850926106.0	0.03171729091496946	-10.75727418909386	0.6274262538702828	-11.65434856002410	0.5457667977565620	-11.55116762043365	0.1736437745577364	-16.30277269646322
181747584184181.8	0.03184153015282903	-10.77886923855749	0.6283217037483194	-11.68639534675698	0.5474599123521384	-11.58227956607647	0.1733368244944402	-16.32937661297089
181681365729900.4	0.03197325186485508	-10.80063320465556	0.6291577311254598	-11.71846871876018	0.5491113420064852	-11.61343804742791	0.1730847710355529	-16.35617049625001
181615195510501.4	0.03211233162002320	-10.82257798058837	0.6299330196829800	-11.75056638263157	0.5507190518756476	-11.64463848982028	0.1728802754199248	-16.38320471504210
181549073473301.0	0.03225862531450269	-10.84471502907867	0.6306463622565125	-11.78268602067659	0.5522812560730012	-11.67587616848480	0.1727150134063147	-16.41052350195966
181482999565692.1	0.03241196948633816	-10.86705534312677	0.6312966590773650	-11.81482530248966	0.5537964286661798	-11.70714625573685	0.1725798161427388	-16.43816435487582
181416973735144.3	0.03257218167788904	-10.88960941042711	0.6318829153846142	-11.84698189556895	0.5552633121174012	-11.73844387008058	0.1724648149874626	-16.46615757301747
181350995929203.5	0.03273906069614112	-10.91238717912063	0.6324042375340502	-11.87915347617429	0.5566809216316614	-11.76976412367014	0.1723595902367127	-16.49452590008671
181285066095492.0	0.03291238733072695	-10.93539803358903	0.6328598312970837	-11.91133773591280	0.5580485493714501	-11.80110217995124	0.1722533187622592	-16.52328431640266
181219184181708.1	0.03309192495770386	-10.95865077268770	0.6332489986034403	-11.94353238810785	0.5593657634347973	-11.83245330852236	0.1721349251273128	-16.55243991355574
181153350135626.1	0.03327741967511190	-10.98215358258220	0.6335711307962961	-11.97573517776199	0.5606323991245226	-11.86381292823553	0.1719932385007441	-16.58199179507232
181087563905096.3	0.03346860107342226	-11.00591402287727	0.6338257053974715	-12.00794388558390	0.5618485504710672	-11.89517666202099	0.1718171471086066	-16.61193110822141
181021825438044.6	0.03366518286193056	-11.02993901353581	0.6340122814839637	-12.04015633248749	0.5630145559773406	-11.92654038521500	0.1715957561400791	-16.64224111919598
180956134682472.5	0.03386686353632779	-11.05423482533158	0.6341304949488733	-12.07237038311387	0.5641309801023025	-11.95790027029895	0.1713185472378781	-16.67289734351332
180890491586457.1	0.03407332708666011	-11.07880707370655	0.6341800537156285	-12.10458394841251	0.5651985907045320	-11.98925282688385	0.1709755387761218	-16.70386772707194
180824896098150.6	0.03428424348672532	-11.10366070955905	0.6341607315524139	-12.13679499044280	0.5662183313401742	-12.02059492965894	0.1705574470930390	-16.73511284008714
180759348165780.6	0.03449927020777788	-11.12880003663079	0.6340723674518777	-12.16900151472085	0.5671912962362229	-12.05192386290136	0.1700558400923987	-16.76658624848579
180693847737649.5	0.03471805241635096	-11.15422870051809	0.6339148575249923	-12.20120157722983	0.5681186946191167	-12.08323732544176	0.1694632946762954	-16.79823475657603
180628394762134.8	0.03494022393227955	-11.17994969640130	0.6336881512423732	-12.23339328277337	0.5690018178818139	-12.11453344424344	0.1687735432706036	-16.82999878824080
180562989187688.6	0.03516540817748211	-11.20596537870024	0.6333922476278797	-12.26557478297937	0.5698420055514848	-12.14581077846126	0.1679816117947475	-16.86181281428739
180497630962837.8	0.03539321910116559	-11.23227747174181	0.6330271914187901	-12.29774427435322	0.5706406109607527	-12.17706831353346	0.1670839464102190	-16.89360582622321
180432320036183.8	0.03562326213518138	-11.25888708254530	0.6325930695409191	-12.32989999581088	0.5713989678438146	-12.20830544686352	0.1660785261298615	-16.92530186874602
180367056356402.3	0.03585513504809260	-11.28579471123415	0.6320900073297058	-12.36204022792743	0.5721183581876399	-12.23952196217909	0.1649649590487314	-16.95682061446253
180301839872243.0	0.03608842920402091	-11.31300027520264	0.6315181669340420	-12.39416328580451	0.5727999842618717	-12.27071800668279	0.1637445586334376	-16.98807807704876
180236670532530.2	0.03632273063166251	-11.34050312924964	0.6308777449695470	-12.42626751433671	0.5734449427147619	-12.30189405694517	0.1624204000599326	-17.01898737882627
180171548286161.7	0.03655762076385934	-11.36830207434666	0.6301689690580139	-12.45835128971986	0.5740542012212930	-12.33305087022595	0.1609973539247560	-17.04945954659248
180106473082109.3	0.03679267765473224	-11.39639538281793	0.6293920969069938	-12.49041301314840	0.5746285811048005	-12.36418944439021	0.1594820946321199	-17.07940450031254
180041444869418.7	0.03702747705831379	-11.42478081965285	0.6285474150629812	-12.52245110686744	0.5751687436363951	-12.39531097155599	0.1578830834791991	-17.10873214221206
179976463597208.9	0.03726159351615412	-11.45345566459175	0.6276352380493948	-12.55446401025047	0.5756751807067254	-12.42641679074710	0.1562105249706151	-17.13735358833742
179911529214672.3	0.03749460137175105	-11.48241673129348	0.6266559076095524	-12.58645017784669	0.5761482096225047	-12.45750833840439	0.1544762951815983	-17.16518253851758
179846641671074.8	0.03772607596321237	-11.51166039429550	0.6256097929664730	-12.61840807377201	0.5765879723578176	-12.48858710548930	0.1526938419518635	-17.19213685742674
179781800915755.3	0.03795559490707444	-11.54118262206996	0.6244972915480422	-12.65033616310866	0.5769944383528766	-12.51965460036476	0.1508780569000945	-17.21814036811664
179717006898125.9	0.03818273881741053	-11.57097898415436	0.6233188282276049	-12.68223291750212	0.5773674097120154	-12.55071229736784	0.1490451152356086	-17.24312467864430
179652259567671.5	0.03840709253375902	-11.60104468143341	0.6220748566104871	-12.71409680891407	0.5777065301122391	-12.58176160486122	0.1472122867467602	-17.26703130240174
179587558873949.6	0.03862824618097699	-11.63137456975204	0.6207658599893268	-12.74592630724200	0.5780112955893604	-12.61280383269929	0.1453977155609907	-17.28981387870285
179522904766590.7	0.03884579621057514	-11.66196318336392	0.6193923524794881	-12.77771987838110	0.5782810670253681	-12.64384016382892	0.1436201689974471	-17.31144047944546
179458297195297.5	0.03905934634558064	-11.69280475340359	0.6179548802092830	-12.80947598544307	0.5785150839761702	-12.67487162720630	0.1418987552045114	-17.33189589791921
179393736109845.3	0.03926850871363365	-11.72389323883683	0.6164540229480189	-12.84119308331548	0.5787124791450218	-12.70589908227824	0.1402526139913146	-17.35118391920186
179329221460081.5	0.03947290485101946	-11.75522235293161	0.6148903953812491	-12.87286961582052	0.5788722931006262	-12.73692320412543	0.1387005813264390	-17.36932934403869
179264753195925.7	0.03967216642483844	-11.78678557183609	0.6132646483086341	-12.90450402346312	0.5789934898705371	-12.76794446194758	0.1372608288069230	-17.38637952653478
179200331267369.5	0.03986593622538898	-11.81857616207924	0.6115774701495219	-12.93609474074870	0.5790749721630698	-12.79896311171855	0.1359504917130742	-17.40240547583427
179135955624476.1	0.04005386901870589	-11.85058720148578	0.6098295881983119	-12.96764019742847	0.5791155966587129	-12.82997918763870	0.1347852902745737	-17.41750219985666
179071626217380.9	0.04023563235600979	-11.88281159949895	0.6080217697372727	-12.99913882029328	0.5791141892615518	-12.86099249566184	0.1337791565813878	-17.43178817392570
179007342996290.6	0.04041090725927913	-11.91524210898049	0.6061548232808133	-13.03058904036874	0.5790695609524577	-12.89200260488972	0.1329438786293998	-17.44540377205985
178943105911483.3	0.04057938915634029	-11.94787136608215	0.6042295985998627	-13.06198928311654	0.5789805216261150	-12.92300885531643	0.1322887852929189	-17.45850884901916
178878914913308.6	0.04074078837082658	-11.98069189384596	0.6022469874625135	-13.09333798061262	0.5788458964106531	-12.95401034877742	0.1318204717737480	-17.47127909762921
178814769952187.4	0.04089483073332682	-12.01369611892796	0.6002079239200517	-13.12463357605322	0.5786645414652576	-12.98500594916933	0.1315425908906809	-17.48390161966022
178750670978611.6	0.04104125816934094	-12.04687639171513	0.5981133840203626	-13.15587452610071	0.5784353596066816	-13.01599428659818	0.1314557196208331	-17.49656986581494
178686617943143.8	0.04117982919853533	-12.08022500278927	0.5959643852624812	-13.18705930540044	0.5781573163324217	-13.04697376227254	0.1315573065306333	-17.50947818374755
178622610796417.9	0.04131031936527746	-12.11373419669214	0.5937619858647041	-13.21818641274551	0.5778294561867176	-13.07794255511830	0.1318417028957899	-17.52281630567414
178558649489138.2	0.04143252161705237	-12.14739618454656	0.5915072838037672	-13.24925437791267	0.5774509192129840	-13.10889863127223	0.1323002754340628	-17.53676411637711
178494733972079.7	0.04154624671632594	-12.18120317870068	0.5892014131088715	-13.28026175345887	0.5770209541784659	-13.13983976633498	0.1329216009609776	-17.55148715639148
178430864196087.8	0.04165132337248566	-12.21514738237400	0.5868455439359886	-13.31120713603358	0.5765389366027984	-13.17076355202674	0.1336917109138130	-17.56713263937064
178367040112078.2	0.04174759849328616	-12.24922101181192	0.5844408793189720	-13.34208916594331	0.5760043819486825	-13.20166742106471	0.1345943955831404	-17.58382665396559
178303261671037.0	0.04183493732260191	-12.28341630905092	0.5819886522571245	-13.37290653240721	0.5754169584360422	-13.23254867185626	0.1356115404991370	-17.60167232345453
178239528824020.0	0.04191322351679079	-12.31772555412186	0.5794901224210441	-13.40365797867107	0.5747764980598656	-13.26340449683825	0.1367234828081807	-17.62074895230663
178175841522153.4	0.04198235916119104	-12.35214106813709	0.5769465738404115	-13.43434231305317	0.5740830068456169	-13.29423201121536	0.1379093707326137	-17.64111200304374
178112199716632.9	0.04204226473564143	-12.38665524834059	0.5743593073423199	-13.46495839650304	0.5733366670787996	-13.32502829627761	0.1391475311913903	-17.66279403432114
178048603358724.1	0.04209287898540619	-12.42126055855295	0.5717296390641298	-13.49550516097691	0.5725378436541092	-13.35579042899691	0.1404158070164034	-17.68580591270683
177985052399762.1	0.04213415876911503	-12.45594954217656	0.5690588955778175	-13.52598161121644	0.5716870836023138	-13.38651552203329	0.1416918828383842	-17.71013857901722
177921546791151.3	0.04216607883943231	-12.49071483378322	0.5663484088023967	-13.55638682653400	0.5707851121994592	-13.41720076409407	0.1429535870573224	-17.73576504450761
177858086484365.8	0.04218863156694225	-12.52554916828960	0.5635995110182600	-13.58671996334879	0.5698328258165171	-13.44784345950637	0.1441791671716608	-17.76264247064955
177794671430948.4	0.04220182663768023	-12.56044538366482	0.5608135310521907	-13.61698026163932	0.5688312825049876	-13.47844106514306	0.1453475352058331	-17.79071419419370
177731301582511.6	0.04220569061873429	-12.59539644326161	0.5579917861926701	-13.64716703535599	0.5677816849423569	-13.50899123078019	0.1464384974850470	-17.81991178233122
177667976890736.4	0.04220026653292219	-12.63039543774667	0.5551355779480663	-13.67727967694336	0.5666853641648206	-13.53949183043577	0.1474329492880734	-17.85015679716957
177604697307372.7	0.04218561341495070	-12.66543558621248	0.5522461883035064	-13.70731766160205	0.5655437608477593	-13.56994099017045	0.1483130441304871	-17.88136236362321
177541462784239.3	0.04216180577206816	-12.70051024731553	0.5493248737593309	-13.73728054254816	0.5643584019386558	-13.60033711372913	0.1490623461707587	-17.91343458979429
177478273273223.4	0.04212893301884867	-12.73561292582969	0.5463728603844775	-13.76716794846587	0.5631308763406460	-13.63067890148718	0.1496659590720569	-17.94627373944443
177415128726280.9	0.04208709891721702	-12.77073727383442	0.5433913404786234	-13.79697958399971	0.5618628106772342	-13.66096536257862	0.1501106311868277	-17.97977515710916
177352029095435.7	0.04203642085589707	-12.80587710661562	0.5403814654072631	-13.82671521698681	0.5605558406365843	-13.69119582317445	0.1503848529608894	-18.01383007790109
177288974332780.3	0.04197702916687362	-12.84102640716597	0.5373443414260257	-13.85637467330620	0.5592115849822259	-13.72136992570450	0.1504789303512998	-18.04832617242451
177225964390475.1	0.04190906651094283	-12.87617932172696	0.5342810286402641	-13.88595783794275	0.5578316227574112	-13.75148762087244	0.1503850351229644	-18.08314786079141
177162999220748.5	0.04183268711098807	-12.91133016898685	0.5311925364310980	-13.91546464352025	0.5564174681376699	-13.78154915548622	0.1500972517383010	-18.11817654539405
177100078775896.8	0.04174805600276156	-12.94647344402264	0.5280798206848711	-13.94489506176354	0.5549705483985006	-13.81155505359675	0.1496116087200131	-18.15329066192297
177037203008284.0	0.04165534833513581	-12.98160381667021	0.5249437833662084	-13.97424909845893	0.5534921857947767	-13.84150609232438	0.1489260950952762	-18.18836556400007
176974371870341.9	0.04155474844718934	-13.01671614592193	0.5217852670573946	-14.00352677341101	0.5519835772784653	-13.87140327360317	0.1480406848597833	-18.22327337788594
176911585314569.6	0.04144644910108590	-13.05180547917322	0.5186050548104677	-14.03272811197357	0.5504457814331764	-13.90124779105424	0.1469573438717616	-18.25788266513866
176848843293533.5	0.04133065078161782	-13.08686704712507	0.5154038723808208	-14.06185313944648	0.5488797099617643	-13.93104099478950	0.1456800299645109	-18.29205797823725
176786145759867.7	0.04120756084135486	-13.12189626946795	0.5121823871500394	-14.09090186507744	0.5472861189897758	-13.96078435426817	0.1442147054631053	-18.32565941462464
176723492666272.9	0.04107739269863818	-13.15688875590513	0.5089412091532533	-14.11987426909938	0.5456656048047410	-13.99047941994173	0.1425693503501848	-18.35854211410860
176660883965517.3	0.04094036515048965	-13.19184030037571	0.5056808954769044	-14.14877029505032	0.5440186047585279	-14.02012778573498	0.1407539755624054	-18.39055573328344
176598319610435.6	0.04079670130305477	-13.22674689759591	0.5024019458481838	-14.17758982120536	0.5423453934910163	-14.04973104856378	0.1387806735961069	-18.42154410369465
176535799553929.7	0.04064662798291389	-13.26160473063962	0.4991048104567568	-14.20633265732367	0.5406460910414677	-14.07929077252009	0.1366636492488166	-18.45134488646613
176473323748967.8	0.04049037499910620	-13.29641016892381	0.4957898942892208	-14.23499853171625	0.5389206697699502	-14.10880845403200	0.1344192759333072	-18.47978953437747
176410892148584.9	0.04032817435939638	-13.33115976901243	0.4924575606001143	-14.26358707532909	0.5371689621100187	-14.13828548821469	0.1320661695511194	-18.50670365656241
176348504705882.4	0.04016025955043892	-13.36585027241636	0.4891081360255817	-14.29209780831179	0.5353906707595252	-14.16772313784931	0.1296252705776387	-18.53190793632503
