('port 1',TE,1,'port 1',1,'transmission')
(101,3)
1.8737e+014	0.00850006	2.36833
1.87495e+014	0.00886876	2.62571
1.8762e+014	0.00896868	2.89364
1.87745e+014	0.0088534	3.17972
1.8787e+014	0.00860697	3.49151
1.87995e+014	0.00834769	3.83507
1.8812e+014	0.00822256	4.21064
1.88245e+014	0.00837894	4.60718
1.8837e+014	0.00891227	5.00264
1.88495e+014	0.00982688	5.37474
1.88619e+014	0.0110477	5.71187
1.88744e+014	0.0124637	6.01363
1.88869e+014	0.0139624	6.28526
1.88994e+014	0.0154441	6.53315
1.89119e+014	0.0168247	6.7629
1.89244e+014	0.0180343	6.97889
1.89369e+014	0.0190158	7.18444
1.89494e+014	0.0197233	7.38208
1.89619e+014	0.0201219	7.57377
1.89744e+014	0.0201866	7.7611
1.89869e+014	0.0199022	7.94548
1.89993e+014	0.0192628	8.12829
1.90118e+014	0.0182715	8.31103
1.90243e+014	0.0169405	8.49561
1.90368e+014	0.0152907	8.68481
1.90493e+014	0.0133533	8.88314
1.90618e+014	0.0111725	9.09906
1.90743e+014	0.00881721	9.35068
1.90868e+014	0.00641966	9.68365
1.90993e+014	0.00434311	10.2265
1.91118e+014	0.00368274	11.1379
1.91243e+014	0.00521758	11.9177
1.91368e+014	0.00778862	12.3536
1.91492e+014	0.0106552	12.6416
1.91617e+014	0.0135763	12.869
1.91742e+014	0.0164431	13.0672
1.91867e+014	0.0191854	13.2495
1.91992e+014	0.0217481	13.4222
1.92117e+014	0.0240835	13.589
1.92242e+014	0.0261495	13.7518
1.92367e+014	0.0279086	13.9121
1.92492e+014	0.0293277	14.0708
1.92617e+014	0.0303785	14.2286
1.92742e+014	0.0310378	14.3861
1.92866e+014	0.0312883	14.5437
1.92991e+014	0.0311184	14.7018
1.93116e+014	0.0305236	14.861
1.93241e+014	0.0295063	15.0215
1.93366e+014	0.0280763	15.184
1.93491e+014	0.0262514	15.3492
1.93616e+014	0.0240574	15.5181
1.93741e+014	0.0215284	15.6921
1.93866e+014	0.0187075	15.8739
1.93991e+014	0.0156479	16.068
1.94116e+014	0.0124176	16.2842
1.94241e+014	0.00911436	16.5462
1.94365e+014	0.00593279	16.9265
1.9449e+014	0.00355646	17.6834
1.94615e+014	0.00395944	18.8254
1.9474e+014	0.00653396	19.444
1.94865e+014	0.00950651	19.7849
1.9499e+014	0.0124068	20.038
1.95115e+014	0.0150821	20.2561
1.9524e+014	0.0174501	20.4578
1.95365e+014	0.0194536	20.651
1.9549e+014	0.021051	20.8397
1.95615e+014	0.0222131	21.0263
1.95739e+014	0.0229223	21.2123
1.95864e+014	0.0231729	21.3988
1.95989e+014	0.0229707	21.5868
1.96114e+014	0.022333	21.7772
1.96239e+014	0.0212885	21.9712
1.96364e+014	0.0198765	22.1702
1.96489e+014	0.0181466	22.376
1.96614e+014	0.0161586	22.5915
1.96739e+014	0.0139821	22.8211
1.96864e+014	0.0116988	23.0726
1.96989e+014	0.00940869	23.3599
1.97114e+014	0.00724782	23.7098
1.97238e+014	0.00543478	24.1728
1.97363e+014	0.00434174	24.8032
1.97488e+014	0.00431657	25.5137
1.97613e+014	0.00511972	26.101
1.97738e+014	0.00620355	26.543
1.97863e+014	0.00723558	26.9026
1.97988e+014	0.00807164	27.2238
1.98113e+014	0.00865988	27.5312
1.98238e+014	0.0090016	27.8402
1.98363e+014	0.00914056	28.162
1.98488e+014	0.00916235	28.5052
1.98613e+014	0.00919375	28.8747
1.98737e+014	0.00938971	29.2677
1.98862e+014	0.00989627	29.6715
1.98987e+014	0.0107989	30.0669
1.99112e+014	0.0120939	30.4378
1.99237e+014	0.0137051	30.7771
1.99362e+014	0.0155208	31.0862
1.99487e+014	0.0174224	31.3697
1.99612e+014	0.0192983	31.6333
1.99737e+014	0.0210472	31.8818
1.99862e+014	0.0225802	32.1193
('port 2',TE,1,'port 1',1,'transmission')
(101,3)
1.8737e+014	0.000763285	-2.19321
1.87495e+014	0.000853493	-1.8888
1.8762e+014	0.000941199	-1.58309
1.87745e+014	0.00102652	-1.2762
1.8787e+014	0.00110957	-0.968296
1.87995e+014	0.00119045	-0.659563
1.8812e+014	0.00126917	-0.350202
1.88245e+014	0.00134569	-0.0403977
1.8837e+014	0.00141984	0.269697
1.88495e+014	0.00149138	0.579975
1.88619e+014	0.00155996	0.890379
1.88744e+014	0.00162518	1.20091
1.88869e+014	0.00168662	1.51163
1.88994e+014	0.00174382	1.82266
1.89119e+014	0.0017964	2.13414
1.89244e+014	0.001844	2.44628
1.89369e+014	0.00188641	2.75931
1.89494e+014	0.0019235	3.07348
1.89619e+014	0.00195531	3.38904
1.89744e+014	0.00198203	3.70624
1.89869e+014	0.00200401	4.02533
1.89993e+014	0.00202174	4.34649
1.90118e+014	0.00203584	4.6699
1.90243e+014	0.00204704	4.99568
1.90368e+014	0.00205615	5.32386
1.90493e+014	0.00206399	5.65443
1.90618e+014	0.00207139	5.9873
1.90743e+014	0.00207914	6.32229
1.90868e+014	0.00208791	6.65917
1.90993e+014	0.0020983	6.99768
1.91118e+014	0.00211075	7.33748
1.91243e+014	0.00212556	7.67824
1.91368e+014	0.00214291	8.01964
1.91492e+014	0.00216282	8.36135
1.91617e+014	0.00218524	8.7031
1.91742e+014	0.00221001	9.04464
1.91867e+014	0.00223693	9.38577
1.91992e+014	0.00226575	9.72631
1.92117e+014	0.0022962	10.0661
1.92242e+014	0.00232798	10.4051
1.92367e+014	0.0023608	10.7432
1.92492e+014	0.00239433	11.0803
1.92617e+014	0.00242822	11.4164
1.92742e+014	0.00246209	11.7514
1.92866e+014	0.00249552	12.0853
1.92991e+014	0.00252807	12.418
1.93116e+014	0.00255921	12.7496
1.93241e+014	0.00258844	13.0801
1.93366e+014	0.00261518	13.4096
1.93491e+014	0.00263888	13.7381
1.93616e+014	0.00265901	14.0658
1.93741e+014	0.00267504	14.3927
1.93866e+014	0.00268654	14.7191
1.93991e+014	0.00269314	15.0452
1.94116e+014	0.00269457	15.3711
1.94241e+014	0.00269067	15.6971
1.94365e+014	0.0026814	16.0235
1.9449e+014	0.00266685	16.3504
1.94615e+014	0.00264722	16.6781
1.9474e+014	0.00262281	17.0068
1.94865e+014	0.00259404	17.3368
1.9499e+014	0.00256138	17.6682
1.95115e+014	0.00252538	18.0012
1.9524e+014	0.00248659	18.336
1.95365e+014	0.0024456	18.6727
1.9549e+014	0.00240297	19.0114
1.95615e+014	0.00235923	19.3521
1.95739e+014	0.00231491	19.695
1.95864e+014	0.00227048	20.0401
1.95989e+014	0.00222641	20.3876
1.96114e+014	0.00218315	20.7374
1.96239e+014	0.00214121	21.0897
1.96364e+014	0.00210112	21.4446
1.96489e+014	0.0020635	21.8022
1.96614e+014	0.00202907	22.1625
1.96739e+014	0.00199862	22.5255
1.96864e+014	0.00197306	22.8911
1.96989e+014	0.00195332	23.259
1.97114e+014	0.00194029	23.6288
1.97238e+014	0.0019348	23.9999
1.97363e+014	0.00193744	24.3715
1.97488e+014	0.00194853	24.7428
1.97613e+014	0.00196804	25.1129
1.97738e+014	0.00199555	25.4808
1.97863e+014	0.00203025	25.8458
1.97988e+014	0.002071	26.2073
1.98113e+014	0.00211641	26.5649
1.98238e+014	0.00216492	26.9185
1.98363e+014	0.00221491	27.2682
1.98488e+014	0.00226479	27.6141
1.98613e+014	0.00231309	27.9566
1.98737e+014	0.00235854	28.2961
1.98862e+014	0.00240009	28.6333
1.98987e+014	0.00243696	28.9685
1.99112e+014	0.00246867	29.3023
1.99237e+014	0.00249503	29.6352
1.99362e+014	0.00251612	29.9676
1.99487e+014	0.00253228	30.3
1.99612e+014	0.00254405	30.6327
1.99737e+014	0.00255211	30.9657
1.99862e+014	0.00255727	31.2994
('port 3',TE,1,'port 1',1,'transmission')
(101,3)
1.8737e+014	0.971863	-0.0100965
1.87495e+014	0.971952	0.140702
1.8762e+014	0.972037	0.291479
1.87745e+014	0.972122	0.442233
1.8787e+014	0.97221	0.592966
1.87995e+014	0.972305	0.743679
1.8812e+014	0.972409	0.894377
1.88245e+014	0.972523	1.04506
1.8837e+014	0.972646	1.19574
1.88495e+014	0.972779	1.34641
1.88619e+014	0.972919	1.49707
1.88744e+014	0.973063	1.64774
1.88869e+014	0.973209	1.7984
1.88994e+014	0.973354	1.94907
1.89119e+014	0.973494	2.09973
1.89244e+014	0.973628	2.25039
1.89369e+014	0.973754	2.40105
1.89494e+014	0.973871	2.5517
1.89619e+014	0.973981	2.70234
1.89744e+014	0.974083	2.85296
1.89869e+014	0.974179	3.00357
1.89993e+014	0.97427	3.15417
1.90118e+014	0.974359	3.30475
1.90243e+014	0.974447	3.45532
1.90368e+014	0.974536	3.60587
1.90493e+014	0.974625	3.75641
1.90618e+014	0.974716	3.90694
1.90743e+014	0.974807	4.05746
1.90868e+014	0.974899	4.20797
1.90993e+014	0.97499	4.35847
1.91118e+014	0.97508	4.50896
1.91243e+014	0.975168	4.65945
1.91368e+014	0.975252	4.80992
1.91492e+014	0.975334	4.96038
1.91617e+014	0.975412	5.11083
1.91742e+014	0.975488	5.26126
1.91867e+014	0.975562	5.41169
1.91992e+014	0.975636	5.56209
1.92117e+014	0.97571	5.71249
1.92242e+014	0.975787	5.86287
1.92367e+014	0.975866	6.01323
1.92492e+014	0.975948	6.16359
1.92617e+014	0.976034	6.31393
1.92742e+014	0.976123	6.46427
1.92866e+014	0.976215	6.6146
1.92991e+014	0.976307	6.76492
1.93116e+014	0.9764	6.91523
1.93241e+014	0.976493	7.06554
1.93366e+014	0.976584	7.21583
1.93491e+014	0.976673	7.36612
1.93616e+014	0.97676	7.5164
1.93741e+014	0.976845	7.66667
1.93866e+014	0.976929	7.81692
1.93991e+014	0.977012	7.96717
1.94116e+014	0.977097	8.1174
1.94241e+014	0.977183	8.26762
1.94365e+014	0.977271	8.41783
1.9449e+014	0.977362	8.56803
1.94615e+014	0.977455	8.71823
1.9474e+014	0.97755	8.86842
1.94865e+014	0.977645	9.0186
1.9499e+014	0.977739	9.16878
1.95115e+014	0.977829	9.31895
1.9524e+014	0.977914	9.46912
1.95365e+014	0.977993	9.61928
1.9549e+014	0.978063	9.76944
1.95615e+014	0.978126	9.91958
1.95739e+014	0.978182	10.0697
1.95864e+014	0.978231	10.2198
1.95989e+014	0.978276	10.3699
1.96114e+014	0.97832	10.52
1.96239e+014	0.978366	10.67
1.96364e+014	0.978416	10.8201
1.96489e+014	0.978473	10.9701
1.96614e+014	0.978538	11.1201
1.96739e+014	0.978613	11.2701
1.96864e+014	0.978698	11.4201
1.96989e+014	0.978791	11.5701
1.97114e+014	0.978888	11.7201
1.97238e+014	0.978988	11.8701
1.97363e+014	0.979086	12.02
1.97488e+014	0.979178	12.17
1.97613e+014	0.97926	12.32
1.97738e+014	0.979329	12.47
1.97863e+014	0.979384	12.62
1.97988e+014	0.979423	12.77
1.98113e+014	0.979448	12.9199
1.98238e+014	0.97946	13.0699
1.98363e+014	0.979464	13.2198
1.98488e+014	0.979465	13.3697
1.98613e+014	0.979466	13.5195
1.98737e+014	0.979473	13.6694
1.98862e+014	0.97949	13.8192
1.98987e+014	0.979521	13.969
1.99112e+014	0.979567	14.1188
1.99237e+014	0.979628	14.2685
1.99362e+014	0.979704	14.4183
1.99487e+014	0.97979	14.5681
1.99612e+014	0.979882	14.7178
1.99737e+014	0.979976	14.8676
1.99862e+014	0.980064	15.0174
('port 4',TE,1,'port 1',1,'transmission')
(101,3)
1.8737e+014	0.169756	-1.7142
1.87495e+014	0.169005	-1.5199
1.8762e+014	0.168257	-1.32562
1.87745e+014	0.167514	-1.13137
1.8787e+014	0.166775	-0.93713
1.87995e+014	0.166042	-0.742912
1.8812e+014	0.165314	-0.54871
1.88245e+014	0.164591	-0.35452
1.8837e+014	0.163874	-0.160339
1.88495e+014	0.163162	0.0338367
1.88619e+014	0.162454	0.228008
1.88744e+014	0.16175	0.422177
1.88869e+014	0.16105	0.616343
1.88994e+014	0.160353	0.810505
1.89119e+014	0.159658	1.00466
1.89244e+014	0.158965	1.19881
1.89369e+014	0.158274	1.39295
1.89494e+014	0.157585	1.58707
1.89619e+014	0.156898	1.78118
1.89744e+014	0.156213	1.97527
1.89869e+014	0.155531	2.16933
1.89993e+014	0.154852	2.36337
1.90118e+014	0.154177	2.5574
1.90243e+014	0.153505	2.7514
1.90368e+014	0.152837	2.94538
1.90493e+014	0.152173	3.13934
1.90618e+014	0.151513	3.33329
1.90743e+014	0.150858	3.52722
1.90868e+014	0.150206	3.72114
1.90993e+014	0.149558	3.91506
1.91118e+014	0.148914	4.10896
1.91243e+014	0.148273	4.30285
1.91368e+014	0.147635	4.49673
1.91492e+014	0.146999	4.6906
1.91617e+014	0.146367	4.88445
1.91742e+014	0.145738	5.0783
1.91867e+014	0.145111	5.27213
1.91992e+014	0.144487	5.46595
1.92117e+014	0.143866	5.65975
1.92242e+014	0.143248	5.85354
1.92367e+014	0.142634	6.04731
1.92492e+014	0.142022	6.24107
1.92617e+014	0.141414	6.43482
1.92742e+014	0.140808	6.62855
1.92866e+014	0.140206	6.82227
1.92991e+014	0.139607	7.01597
1.93116e+014	0.139011	7.20966
1.93241e+014	0.138417	7.40334
1.93366e+014	0.137826	7.597
1.93491e+014	0.137239	7.79065
1.93616e+014	0.136654	7.98428
1.93741e+014	0.136072	8.1779
1.93866e+014	0.135493	8.37149
1.93991e+014	0.134917	8.56507
1.94116e+014	0.134345	8.75863
1.94241e+014	0.133777	8.95218
1.94365e+014	0.133212	9.14572
1.9449e+014	0.13265	9.33924
1.94615e+014	0.132092	9.53276
1.9474e+014	0.131537	9.72626
1.94865e+014	0.130985	9.91976
1.9499e+014	0.130436	10.1133
1.95115e+014	0.129888	10.3068
1.9524e+014	0.129343	10.5002
1.95365e+014	0.128799	10.6937
1.9549e+014	0.128256	10.8872
1.95615e+014	0.127714	11.0806
1.95739e+014	0.127174	11.2741
1.95864e+014	0.126635	11.4675
1.95989e+014	0.126097	11.6609
1.96114e+014	0.125561	11.8542
1.96239e+014	0.125028	12.0476
1.96364e+014	0.124498	12.2409
1.96489e+014	0.12397	12.4342
1.96614e+014	0.123447	12.6275
1.96739e+014	0.122927	12.8207
1.96864e+014	0.12241	13.014
1.96989e+014	0.121898	13.2072
1.97114e+014	0.121389	13.4004
1.97238e+014	0.120883	13.5936
1.97363e+014	0.12038	13.7868
1.97488e+014	0.11988	13.98
1.97613e+014	0.119381	14.1732
1.97738e+014	0.118884	14.3664
1.97863e+014	0.118389	14.5596
1.97988e+014	0.117895	14.7528
1.98113e+014	0.117402	14.9459
1.98238e+014	0.116911	15.1391
1.98363e+014	0.116422	15.3322
1.98488e+014	0.115935	15.5253
1.98613e+014	0.115451	15.7184
1.98737e+014	0.11497	15.9114
1.98862e+014	0.114493	16.1044
1.98987e+014	0.114019	16.2975
1.99112e+014	0.11355	16.4905
1.99237e+014	0.113084	16.6835
1.99362e+014	0.112622	16.8765
1.99487e+014	0.112163	17.0694
1.99612e+014	0.111706	17.2625
1.99737e+014	0.111252	17.4555
1.99862e+014	0.110798	17.6485
('port 1',TE,1,'port 2',1,'transmission')
(101,3)
1.8737e+014	0.0024727	2.9793
1.87495e+014	0.00256375	3.43344
1.8762e+014	0.00267171	3.8765
1.87745e+014	0.00279087	4.30804
1.8787e+014	0.00291531	4.72834
1.87995e+014	0.00303936	5.13823
1.8812e+014	0.00315795	5.53879
1.88245e+014	0.00326672	5.93124
1.8837e+014	0.00336219	6.31676
1.88495e+014	0.00344174	6.69647
1.88619e+014	0.00350361	7.07139
1.88744e+014	0.00354687	7.44241
1.88869e+014	0.00357135	7.8103
1.88994e+014	0.00357753	8.17573
1.89119e+014	0.00356647	8.53925
1.89244e+014	0.00353965	8.90131
1.89369e+014	0.00349885	9.26228
1.89494e+014	0.00344602	9.62244
1.89619e+014	0.00338318	9.98199
1.89744e+014	0.00331226	10.3411
1.89869e+014	0.0032351	10.6997
1.89993e+014	0.00315332	11.058
1.90118e+014	0.00306833	11.4159
1.90243e+014	0.00298131	11.7733
1.90368e+014	0.00289323	12.1302
1.90493e+014	0.00280487	12.4864
1.90618e+014	0.00271684	12.8418
1.90743e+014	0.00262962	13.1963
1.90868e+014	0.00254359	13.5498
1.90993e+014	0.00245903	13.9021
1.91118e+014	0.00237614	14.2531
1.91243e+014	0.00229506	14.6026
1.91368e+014	0.00221585	14.9502
1.91492e+014	0.00213851	15.2956
1.91617e+014	0.00206297	15.6385
1.91742e+014	0.0019891	15.9784
1.91867e+014	0.00191673	16.3147
1.91992e+014	0.0018457	16.6466
1.92117e+014	0.00177586	16.9735
1.92242e+014	0.0017072	17.2946
1.92367e+014	0.00163986	17.6088
1.92492e+014	0.00157424	17.9151
1.92617e+014	0.0015111	18.2126
1.92742e+014	0.00145161	18.5002
1.92866e+014	0.00139746	18.7771
1.92991e+014	0.00135079	19.0429
1.93116e+014	0.0013142	19.2976
1.93241e+014	0.00129048	19.5425
1.93366e+014	0.0012823	19.78
1.93491e+014	0.00129176	20.0135
1.93616e+014	0.00132002	20.2473
1.93741e+014	0.00136705	20.4854
1.93866e+014	0.00143164	20.7313
1.93991e+014	0.00151171	20.9873
1.94116e+014	0.00160458	21.2545
1.94241e+014	0.00170736	21.5329
1.94365e+014	0.00181713	21.8221
1.9449e+014	0.00193114	22.1213
1.94615e+014	0.00204681	22.4295
1.9474e+014	0.00216182	22.7458
1.94865e+014	0.00227408	23.0693
1.9499e+014	0.00238173	23.3994
1.95115e+014	0.00248317	23.7355
1.9524e+014	0.00257701	24.0771
1.95365e+014	0.00266215	24.4239
1.9549e+014	0.00273778	24.7756
1.95615e+014	0.0028034	25.1321
1.95739e+014	0.00285886	25.4933
1.95864e+014	0.00290438	25.8592
1.95989e+014	0.00294058	26.2296
1.96114e+014	0.00296843	26.6046
1.96239e+014	0.00298927	26.9841
1.96364e+014	0.00300469	27.368
1.96489e+014	0.00301646	27.7559
1.96614e+014	0.0030264	28.1476
1.96739e+014	0.00303623	28.5425
1.96864e+014	0.00304743	28.9402
1.96989e+014	0.0030611	29.3399
1.97114e+014	0.00307789	29.7409
1.97238e+014	0.00309793	30.1424
1.97363e+014	0.00312085	30.5436
1.97488e+014	0.00314581	30.9439
1.97613e+014	0.00317162	31.3426
1.97738e+014	0.00319685	31.7393
1.97863e+014	0.00321994	32.1337
1.97988e+014	0.00323932	32.5255
1.98113e+014	0.00325346	32.9145
1.98238e+014	0.00326096	33.3008
1.98363e+014	0.00326058	33.6841
1.98488e+014	0.0032512	34.0645
1.98613e+014	0.00323191	34.442
1.98737e+014	0.00320196	34.8164
1.98862e+014	0.00316074	35.1877
1.98987e+014	0.00310787	35.5556
1.99112e+014	0.00304314	35.92
1.99237e+014	0.00296658	36.2806
1.99362e+014	0.00287846	36.6371
1.99487e+014	0.00277932	36.9889
1.99612e+014	0.00267002	37.3357
1.99737e+014	0.00255174	37.6767
1.99862e+014	0.00242606	38.0113
('port 2',TE,1,'port 2',1,'transmission')
(101,3)
1.8737e+014	0.000999864	1.70074
1.87495e+014	0.00137282	1.9547
1.8762e+014	0.001645	2.20362
1.87745e+014	0.00180407	2.45027
1.8787e+014	0.00184475	2.69568
1.87995e+014	0.00176879	2.94051
1.8812e+014	0.00158456	3.18541
1.88245e+014	0.00130637	3.43159
1.8837e+014	0.000953371	3.68212
1.88495e+014	0.000548504	3.9497
1.88619e+014	0.000120316	4.43155
1.88744e+014	0.000322045	7.38444
1.88869e+014	0.000732256	7.68459
1.88994e+014	0.00109754	7.93608
1.89119e+014	0.00139775	8.17683
1.89244e+014	0.00161755	8.41265
1.89369e+014	0.00174657	8.64511
1.89494e+014	0.00177968	8.8746
1.89619e+014	0.00171704	9.10089
1.89744e+014	0.00156388	9.32308
1.89869e+014	0.00133002	9.53907
1.89993e+014	0.0010293	9.74342
1.90118e+014	0.000679248	9.91812
1.90243e+014	0.000304281	9.95276
1.90368e+014	0.000150166	8.12112
1.90493e+014	0.000510375	7.80089
1.90618e+014	0.000869253	7.94019
1.90743e+014	0.00118688	8.13045
1.90868e+014	0.00144643	8.33575
1.90993e+014	0.00163547	8.5472
1.91118e+014	0.00174519	8.76152
1.91243e+014	0.00177056	8.97716
1.91368e+014	0.0017103	9.19317
1.91492e+014	0.00156684	9.40866
1.91617e+014	0.00134614	9.62236
1.91742e+014	0.00105739	9.8314
1.91867e+014	0.000712705	10.0268
1.91992e+014	0.000327747	10.1547
1.92117e+014	0.000107549	7.96623
1.92242e+014	0.000518442	7.74382
1.92367e+014	0.000933972	7.91956
1.92492e+014	0.00132697	8.12693
1.92617e+014	0.00168171	8.344
1.92742e+014	0.00198491	8.56556
1.92866e+014	0.00222592	8.78965
1.92991e+014	0.00239723	9.01529
1.93116e+014	0.00249477	9.24178
1.93241e+014	0.00251812	9.46848
1.93366e+014	0.00247057	9.69468
1.93491e+014	0.00235889	9.9194
1.93616e+014	0.00219305	10.1413
1.93741e+014	0.00198573	10.3584
1.93866e+014	0.00175168	10.5677
1.93991e+014	0.00150712	10.7649
1.94116e+014	0.0012691	10.9439
1.94241e+014	0.00105482	11.097
1.94365e+014	0.00088051	11.2186
1.9449e+014	0.000758744	11.3131
1.94615e+014	0.000693561	11.4051
1.9474e+014	0.000677472	11.5319
1.94865e+014	0.000696313	11.7187
1.9499e+014	0.000737703	11.9669
1.95115e+014	0.000794036	12.2627
1.9524e+014	0.00085995	12.5881
1.95365e+014	0.000928956	12.9281
1.9549e+014	0.000991921	13.2732
1.95615e+014	0.00103757	13.6197
1.95739e+014	0.00105408	13.9686
1.95864e+014	0.00103111	14.3252
1.95989e+014	0.000962055	14.7008
1.96114e+014	0.000847415	15.1179
1.96239e+014	0.000702411	15.6243
1.96364e+014	0.000577822	16.3099
1.96489e+014	0.000583742	17.1817
1.96614e+014	0.000784064	17.9483
1.96739e+014	0.00111037	18.5002
1.96864e+014	0.00149197	18.9283
1.96989e+014	0.00188728	19.295
1.97114e+014	0.00226716	19.6293
1.97238e+014	0.00260759	19.9451
1.97363e+014	0.00288796	20.2496
1.97488e+014	0.00309111	20.5472
1.97613e+014	0.00320392	20.8406
1.97738e+014	0.00321789	21.1318
1.97863e+014	0.00312965	21.4223
1.97988e+014	0.0029411	21.7139
1.98113e+014	0.00265942	22.0085
1.98238e+014	0.00229674	22.3094
1.98363e+014	0.00186973	22.6223
1.98488e+014	0.0013995	22.9607
1.98613e+014	0.000913829	23.3655
1.98737e+014	0.000468352	24.0264
1.98862e+014	0.00034104	25.5789
1.98987e+014	0.000668817	26.5265
1.99112e+014	0.00103476	26.9905
1.99237e+014	0.0013463	27.35
1.99362e+014	0.00158132	27.6746
1.99487e+014	0.00173068	27.9834
1.99612e+014	0.00179191	28.2835
1.99737e+014	0.00176771	28.5774
1.99862e+014	0.00166518	28.8651
('port 3',TE,1,'port 2',1,'transmission')
(101,3)
1.8737e+014	0.168514	1.42734
1.87495e+014	0.167776	1.62169
1.8762e+014	0.167039	1.81602
1.87745e+014	0.166304	2.01033
1.8787e+014	0.165571	2.20461
1.87995e+014	0.164841	2.39886
1.8812e+014	0.164117	2.5931
1.88245e+014	0.163398	2.78732
1.8837e+014	0.162684	2.98153
1.88495e+014	0.161974	3.17574
1.88619e+014	0.161266	3.36994
1.88744e+014	0.16056	3.56414
1.88869e+014	0.159855	3.75833
1.88994e+014	0.15915	3.9525
1.89119e+014	0.158446	4.14663
1.89244e+014	0.157745	4.34072
1.89369e+014	0.157049	4.53478
1.89494e+014	0.156358	4.72879
1.89619e+014	0.155675	4.92278
1.89744e+014	0.155001	5.11675
1.89869e+014	0.154334	5.31071
1.89993e+014	0.153675	5.50467
1.90118e+014	0.153022	5.69865
1.90243e+014	0.152373	5.89265
1.90368e+014	0.151727	6.08666
1.90493e+014	0.151082	6.28069
1.90618e+014	0.150437	6.47472
1.90743e+014	0.149792	6.66874
1.90868e+014	0.149146	6.86276
1.90993e+014	0.1485	7.05676
1.91118e+014	0.147855	7.25073
1.91243e+014	0.147212	7.44468
1.91368e+014	0.14657	7.63859
1.91492e+014	0.145931	7.83249
1.91617e+014	0.145295	8.02635
1.91742e+014	0.144662	8.22018
1.91867e+014	0.144032	8.41399
1.91992e+014	0.143407	8.60777
1.92117e+014	0.142785	8.80153
1.92242e+014	0.142169	8.99526
1.92367e+014	0.141557	9.18897
1.92492e+014	0.14095	9.38267
1.92617e+014	0.140348	9.57635
1.92742e+014	0.13975	9.77002
1.92866e+014	0.139157	9.96368
1.92991e+014	0.138568	10.1573
1.93116e+014	0.137983	10.351
1.93241e+014	0.137401	10.5446
1.93366e+014	0.136822	10.7383
1.93491e+014	0.136246	10.9319
1.93616e+014	0.135672	11.1256
1.93741e+014	0.135101	11.3192
1.93866e+014	0.134532	11.5128
1.93991e+014	0.133964	11.7064
1.94116e+014	0.133398	11.9
1.94241e+014	0.132832	12.0937
1.94365e+014	0.132267	12.2873
1.9449e+014	0.131702	12.4808
1.94615e+014	0.131138	12.6744
1.9474e+014	0.130575	12.8679
1.94865e+014	0.130015	13.0614
1.9499e+014	0.129459	13.2548
1.95115e+014	0.128907	13.4483
1.9524e+014	0.128361	13.6417
1.95365e+014	0.127819	13.8351
1.9549e+014	0.127282	14.0284
1.95615e+014	0.126749	14.2218
1.95739e+014	0.126219	14.4152
1.95864e+014	0.125691	14.6086
1.95989e+014	0.125164	14.802
1.96114e+014	0.124638	14.9954
1.96239e+014	0.124112	15.1888
1.96364e+014	0.123588	15.3822
1.96489e+014	0.123066	15.5755
1.96614e+014	0.122548	15.7688
1.96739e+014	0.122033	15.9621
1.96864e+014	0.121521	16.1554
1.96989e+014	0.121013	16.3487
1.97114e+014	0.120508	16.5419
1.97238e+014	0.120004	16.7352
1.97363e+014	0.119502	16.9285
1.97488e+014	0.118999	17.1217
1.97613e+014	0.118497	17.315
1.97738e+014	0.117995	17.5082
1.97863e+014	0.117496	17.7013
1.97988e+014	0.117	17.8944
1.98113e+014	0.11651	18.0875
1.98238e+014	0.116027	18.2806
1.98363e+014	0.11555	18.4736
1.98488e+014	0.11508	18.6667
1.98613e+014	0.114615	18.8598
1.98737e+014	0.114153	19.0529
1.98862e+014	0.113691	19.246
1.98987e+014	0.113228	19.4392
1.99112e+014	0.112763	19.6324
1.99237e+014	0.112293	19.8255
1.99362e+014	0.111821	20.0187
1.99487e+014	0.111348	20.2117
1.99612e+014	0.110875	20.4047
1.99737e+014	0.110405	20.5977
1.99862e+014	0.10994	20.7906
('port 4',TE,1,'port 2',1,'transmission')
(101,3)
1.8737e+014	0.970625	2.86514
1.87495e+014	0.970728	3.10301
1.8762e+014	0.970806	3.34085
1.87745e+014	0.970869	3.57865
1.8787e+014	0.970929	3.8164
1.87995e+014	0.970999	4.05411
1.8812e+014	0.971089	4.29179
1.88245e+014	0.971204	4.52944
1.8837e+014	0.971343	4.76709
1.88495e+014	0.9715	5.00473
1.88619e+014	0.971665	5.24238
1.88744e+014	0.971827	5.48003
1.88869e+014	0.971976	5.71769
1.88994e+014	0.972108	5.95534
1.89119e+014	0.972218	6.19298
1.89244e+014	0.972312	6.43059
1.89369e+014	0.972394	6.66817
1.89494e+014	0.972473	6.90572
1.89619e+014	0.972556	7.14324
1.89744e+014	0.972648	7.38073
1.89869e+014	0.972751	7.6182
1.89993e+014	0.972863	7.85567
1.90118e+014	0.97298	8.09312
1.90243e+014	0.973097	8.33057
1.90368e+014	0.973209	8.56801
1.90493e+014	0.973312	8.80543
1.90618e+014	0.973404	9.04284
1.90743e+014	0.973488	9.28024
1.90868e+014	0.973566	9.5176
1.90993e+014	0.973642	9.75494
1.91118e+014	0.973721	9.99226
1.91243e+014	0.973805	10.2296
1.91368e+014	0.973896	10.4668
1.91492e+014	0.973994	10.7041
1.91617e+014	0.974096	10.9413
1.91742e+014	0.974199	11.1786
1.91867e+014	0.974301	11.4158
1.91992e+014	0.974399	11.653
1.92117e+014	0.97449	11.8903
1.92242e+014	0.974574	12.1275
1.92367e+014	0.974651	12.3646
1.92492e+014	0.97472	12.6018
1.92617e+014	0.974781	12.8389
1.92742e+014	0.974836	13.0761
1.92866e+014	0.974886	13.3132
1.92991e+014	0.974932	13.5502
1.93116e+014	0.974976	13.7873
1.93241e+014	0.975022	14.0243
1.93366e+014	0.975073	14.2613
1.93491e+014	0.975133	14.4983
1.93616e+014	0.975205	14.7352
1.93741e+014	0.975291	14.9721
1.93866e+014	0.97539	15.209
1.93991e+014	0.975501	15.4459
1.94116e+014	0.975618	15.6828
1.94241e+014	0.975738	15.9197
1.94365e+014	0.975855	16.1566
1.9449e+014	0.975964	16.3935
1.94615e+014	0.976065	16.6304
1.9474e+014	0.976157	16.8673
1.94865e+014	0.976241	17.1041
1.9499e+014	0.976321	17.3409
1.95115e+014	0.976399	17.5777
1.9524e+014	0.976476	17.8145
1.95365e+014	0.976553	18.0513
1.9549e+014	0.976625	18.2881
1.95615e+014	0.976689	18.5248
1.95739e+014	0.97674	18.7616
1.95864e+014	0.976774	18.9983
1.95989e+014	0.976791	19.235
1.96114e+014	0.976792	19.4717
1.96239e+014	0.976784	19.7083
1.96364e+014	0.976777	19.9449
1.96489e+014	0.976779	20.1814
1.96614e+014	0.976801	20.4179
1.96739e+014	0.976847	20.6544
1.96864e+014	0.976918	20.8909
1.96989e+014	0.977007	21.1274
1.97114e+014	0.977106	21.3639
1.97238e+014	0.977199	21.6003
1.97363e+014	0.977276	21.8368
1.97488e+014	0.977325	22.0733
1.97613e+014	0.977343	22.3098
1.97738e+014	0.977331	22.5463
1.97863e+014	0.9773	22.7826
1.97988e+014	0.977263	23.019
1.98113e+014	0.977236	23.2553
1.98238e+014	0.977233	23.4915
1.98363e+014	0.977265	23.7277
1.98488e+014	0.977334	23.9639
1.98613e+014	0.977437	24.2001
1.98737e+014	0.977562	24.4363
1.98862e+014	0.977697	24.6726
1.98987e+014	0.977826	24.9088
1.99112e+014	0.977938	25.1451
1.99237e+014	0.978025	25.3813
1.99362e+014	0.978088	25.6175
1.99487e+014	0.97813	25.8538
1.99612e+014	0.97816	26.0899
1.99737e+014	0.978189	26.3261
1.99862e+014	0.978222	26.5622
('port 1',TE,1,'port 3',1,'transmission')
(101,3)
1.8737e+014	0.971863	-0.0100965
1.87495e+014	0.971952	0.140702
1.8762e+014	0.972037	0.291479
1.87745e+014	0.972122	0.442233
1.8787e+014	0.97221	0.592966
1.87995e+014	0.972305	0.743679
1.8812e+014	0.972409	0.894377
1.88245e+014	0.972523	1.04506
1.8837e+014	0.972646	1.19574
1.88495e+014	0.972779	1.34641
1.88619e+014	0.972919	1.49707
1.88744e+014	0.973063	1.64774
1.88869e+014	0.973209	1.7984
1.88994e+014	0.973354	1.94907
1.89119e+014	0.973494	2.09973
1.89244e+014	0.973628	2.25039
1.89369e+014	0.973754	2.40105
1.89494e+014	0.973871	2.5517
1.89619e+014	0.973981	2.70234
1.89744e+014	0.974083	2.85296
1.89869e+014	0.974179	3.00357
1.89993e+014	0.97427	3.15417
1.90118e+014	0.974359	3.30475
1.90243e+014	0.974447	3.45532
1.90368e+014	0.974536	3.60587
1.90493e+014	0.974625	3.75641
1.90618e+014	0.974716	3.90694
1.90743e+014	0.974807	4.05746
1.90868e+014	0.974899	4.20797
1.90993e+014	0.97499	4.35847
1.91118e+014	0.97508	4.50896
1.91243e+014	0.975168	4.65945
1.91368e+014	0.975252	4.80992
1.91492e+014	0.975334	4.96038
1.91617e+014	0.975412	5.11083
1.91742e+014	0.975488	5.26126
1.91867e+014	0.975562	5.41169
1.91992e+014	0.975636	5.56209
1.92117e+014	0.97571	5.71249
1.92242e+014	0.975787	5.86287
1.92367e+014	0.975866	6.01323
1.92492e+014	0.975948	6.16359
1.92617e+014	0.976034	6.31393
1.92742e+014	0.976123	6.46427
1.92866e+014	0.976215	6.6146
1.92991e+014	0.976307	6.76492
1.93116e+014	0.9764	6.91523
1.93241e+014	0.976493	7.06554
1.93366e+014	0.976584	7.21583
1.93491e+014	0.976673	7.36612
1.93616e+014	0.97676	7.5164
1.93741e+014	0.976845	7.66667
1.93866e+014	0.976929	7.81692
1.93991e+014	0.977012	7.96717
1.94116e+014	0.977097	8.1174
1.94241e+014	0.977183	8.26762
1.94365e+014	0.977271	8.41783
1.9449e+014	0.977362	8.56803
1.94615e+014	0.977455	8.71823
1.9474e+014	0.97755	8.86842
1.94865e+014	0.977645	9.0186
1.9499e+014	0.977739	9.16878
1.95115e+014	0.977829	9.31895
1.9524e+014	0.977914	9.46912
1.95365e+014	0.977993	9.61928
1.9549e+014	0.978063	9.76944
1.95615e+014	0.978126	9.91958
1.95739e+014	0.978182	10.0697
1.95864e+014	0.978231	10.2198
1.95989e+014	0.978276	10.3699
1.96114e+014	0.97832	10.52
1.96239e+014	0.978366	10.67
1.96364e+014	0.978416	10.8201
1.96489e+014	0.978473	10.9701
1.96614e+014	0.978538	11.1201
1.96739e+014	0.978613	11.2701
1.96864e+014	0.978698	11.4201
1.96989e+014	0.978791	11.5701
1.97114e+014	0.978888	11.7201
1.97238e+014	0.978988	11.8701
1.97363e+014	0.979086	12.02
1.97488e+014	0.979178	12.17
1.97613e+014	0.97926	12.32
1.97738e+014	0.979329	12.47
1.97863e+014	0.979384	12.62
1.97988e+014	0.979423	12.77
1.98113e+014	0.979448	12.9199
1.98238e+014	0.97946	13.0699
1.98363e+014	0.979464	13.2198
1.98488e+014	0.979465	13.3697
1.98613e+014	0.979466	13.5195
1.98737e+014	0.979473	13.6694
1.98862e+014	0.97949	13.8192
1.98987e+014	0.979521	13.969
1.99112e+014	0.979567	14.1188
1.99237e+014	0.979628	14.2685
1.99362e+014	0.979704	14.4183
1.99487e+014	0.97979	14.5681
1.99612e+014	0.979882	14.7178
1.99737e+014	0.979976	14.8676
1.99862e+014	0.980064	15.0174
('port 2',TE,1,'port 3',1,'transmission')
(101,3)
1.8737e+014	0.169756	1.42739
1.87495e+014	0.169005	1.62169
1.8762e+014	0.168257	1.81597
1.87745e+014	0.167514	2.01023
1.8787e+014	0.166775	2.20446
1.87995e+014	0.166042	2.39868
1.8812e+014	0.165314	2.59288
1.88245e+014	0.164591	2.78707
1.8837e+014	0.163874	2.98125
1.88495e+014	0.163162	3.17543
1.88619e+014	0.162454	3.3696
1.88744e+014	0.16175	3.56377
1.88869e+014	0.16105	3.75794
1.88994e+014	0.160353	3.9521
1.89119e+014	0.159658	4.14625
1.89244e+014	0.158965	4.3404
1.89369e+014	0.158274	4.53454
1.89494e+014	0.157585	4.72866
1.89619e+014	0.156898	4.92277
1.89744e+014	0.156213	5.11686
1.89869e+014	0.155531	5.31092
1.89993e+014	0.154852	5.50497
1.90118e+014	0.154177	5.69899
1.90243e+014	0.153505	5.89299
1.90368e+014	0.152837	6.08697
1.90493e+014	0.152173	6.28093
1.90618e+014	0.151513	6.47488
1.90743e+014	0.150858	6.66882
1.90868e+014	0.150206	6.86274
1.90993e+014	0.149558	7.05665
1.91118e+014	0.148914	7.25055
1.91243e+014	0.148273	7.44444
1.91368e+014	0.147635	7.63832
1.91492e+014	0.146999	7.83219
1.91617e+014	0.146367	8.02605
1.91742e+014	0.145738	8.21989
1.91867e+014	0.145111	8.41372
1.91992e+014	0.144487	8.60754
1.92117e+014	0.143866	8.80135
1.92242e+014	0.143248	8.99513
1.92367e+014	0.142634	9.18891
1.92492e+014	0.142022	9.38267
1.92617e+014	0.141414	9.57641
1.92742e+014	0.140808	9.77014
1.92866e+014	0.140206	9.96386
1.92991e+014	0.139607	10.1576
1.93116e+014	0.139011	10.3513
1.93241e+014	0.138417	10.5449
1.93366e+014	0.137826	10.7386
1.93491e+014	0.137239	10.9322
1.93616e+014	0.136654	11.1259
1.93741e+014	0.136072	11.3195
1.93866e+014	0.135493	11.5131
1.93991e+014	0.134917	11.7067
1.94116e+014	0.134345	11.9002
1.94241e+014	0.133777	12.0938
1.94365e+014	0.133212	12.2873
1.9449e+014	0.13265	12.4808
1.94615e+014	0.132092	12.6743
1.9474e+014	0.131537	12.8679
1.94865e+014	0.130985	13.0614
1.9499e+014	0.130436	13.2549
1.95115e+014	0.129888	13.4483
1.9524e+014	0.129343	13.6418
1.95365e+014	0.128799	13.8353
1.9549e+014	0.128256	14.0288
1.95615e+014	0.127714	14.2222
1.95739e+014	0.127174	14.4157
1.95864e+014	0.126635	14.6091
1.95989e+014	0.126097	14.8025
1.96114e+014	0.125561	14.9958
1.96239e+014	0.125028	15.1892
1.96364e+014	0.124498	15.3825
1.96489e+014	0.12397	15.5758
1.96614e+014	0.123447	15.7691
1.96739e+014	0.122927	15.9623
1.96864e+014	0.12241	16.1555
1.96989e+014	0.121898	16.3488
1.97114e+014	0.121389	16.542
1.97238e+014	0.120883	16.7352
1.97363e+014	0.12038	16.9284
1.97488e+014	0.11988	17.1216
1.97613e+014	0.119381	17.3148
1.97738e+014	0.118884	17.508
1.97863e+014	0.118389	17.7012
1.97988e+014	0.117895	17.8944
1.98113e+014	0.117402	18.0875
1.98238e+014	0.116911	18.2807
1.98363e+014	0.116422	18.4738
1.98488e+014	0.115935	18.6669
1.98613e+014	0.115451	18.86
1.98737e+014	0.11497	19.053
1.98862e+014	0.114493	19.246
1.98987e+014	0.114019	19.439
1.99112e+014	0.11355	19.632
1.99237e+014	0.113084	19.825
1.99362e+014	0.112622	20.018
1.99487e+014	0.112163	20.211
1.99612e+014	0.111706	20.404
1.99737e+014	0.111252	20.5971
1.99862e+014	0.110798	20.7901
('port 3',TE,1,'port 3',1,'transmission')
(101,3)
1.8737e+014	0.00850006	2.36833
1.87495e+014	0.00886876	2.62571
1.8762e+014	0.00896868	2.89364
1.87745e+014	0.0088534	3.17972
1.8787e+014	0.00860697	3.49151
1.87995e+014	0.00834769	3.83507
1.8812e+014	0.00822256	4.21064
1.88245e+014	0.00837894	4.60718
1.8837e+014	0.00891227	5.00264
1.88495e+014	0.00982688	5.37474
1.88619e+014	0.0110477	5.71187
1.88744e+014	0.0124637	6.01363
1.88869e+014	0.0139624	6.28526
1.88994e+014	0.0154441	6.53315
1.89119e+014	0.0168247	6.7629
1.89244e+014	0.0180343	6.97889
1.89369e+014	0.0190158	7.18444
1.89494e+014	0.0197233	7.38208
1.89619e+014	0.0201219	7.57377
1.89744e+014	0.0201866	7.7611
1.89869e+014	0.0199022	7.94548
1.89993e+014	0.0192628	8.12829
1.90118e+014	0.0182715	8.31103
1.90243e+014	0.0169405	8.49561
1.90368e+014	0.0152907	8.68481
1.90493e+014	0.0133533	8.88314
1.90618e+014	0.0111725	9.09906
1.90743e+014	0.00881721	9.35068
1.90868e+014	0.00641966	9.68365
1.90993e+014	0.00434311	10.2265
1.91118e+014	0.00368274	11.1379
1.91243e+014	0.00521758	11.9177
1.91368e+014	0.00778862	12.3536
1.91492e+014	0.0106552	12.6416
1.91617e+014	0.0135763	12.869
1.91742e+014	0.0164431	13.0672
1.91867e+014	0.0191854	13.2495
1.91992e+014	0.0217481	13.4222
1.92117e+014	0.0240835	13.589
1.92242e+014	0.0261495	13.7518
1.92367e+014	0.0279086	13.9121
1.92492e+014	0.0293277	14.0708
1.92617e+014	0.0303785	14.2286
1.92742e+014	0.0310378	14.3861
1.92866e+014	0.0312883	14.5437
1.92991e+014	0.0311184	14.7018
1.93116e+014	0.0305236	14.861
1.93241e+014	0.0295063	15.0215
1.93366e+014	0.0280763	15.184
1.93491e+014	0.0262514	15.3492
1.93616e+014	0.0240574	15.5181
1.93741e+014	0.0215284	15.6921
1.93866e+014	0.0187075	15.8739
1.93991e+014	0.0156479	16.068
1.94116e+014	0.0124176	16.2842
1.94241e+014	0.00911436	16.5462
1.94365e+014	0.00593279	16.9265
1.9449e+014	0.00355646	17.6834
1.94615e+014	0.00395944	18.8254
1.9474e+014	0.00653396	19.444
1.94865e+014	0.00950651	19.7849
1.9499e+014	0.0124068	20.038
1.95115e+014	0.0150821	20.2561
1.9524e+014	0.0174501	20.4578
1.95365e+014	0.0194536	20.651
1.9549e+014	0.021051	20.8397
1.95615e+014	0.0222131	21.0263
1.95739e+014	0.0229223	21.2123
1.95864e+014	0.0231729	21.3988
1.95989e+014	0.0229707	21.5868
1.96114e+014	0.022333	21.7772
1.96239e+014	0.0212885	21.9712
1.96364e+014	0.0198765	22.1702
1.96489e+014	0.0181466	22.376
1.96614e+014	0.0161586	22.5915
1.96739e+014	0.0139821	22.8211
1.96864e+014	0.0116988	23.0726
1.96989e+014	0.00940869	23.3599
1.97114e+014	0.00724782	23.7098
1.97238e+014	0.00543478	24.1728
1.97363e+014	0.00434174	24.8032
1.97488e+014	0.00431657	25.5137
1.97613e+014	0.00511972	26.101
1.97738e+014	0.00620355	26.543
1.97863e+014	0.00723558	26.9026
1.97988e+014	0.00807164	27.2238
1.98113e+014	0.00865988	27.5312
1.98238e+014	0.0090016	27.8402
1.98363e+014	0.00914056	28.162
1.98488e+014	0.00916235	28.5052
1.98613e+014	0.00919375	28.8747
1.98737e+014	0.00938971	29.2677
1.98862e+014	0.00989627	29.6715
1.98987e+014	0.0107989	30.0669
1.99112e+014	0.0120939	30.4378
1.99237e+014	0.0137051	30.7771
1.99362e+014	0.0155208	31.0862
1.99487e+014	0.0174224	31.3697
1.99612e+014	0.0192983	31.6333
1.99737e+014	0.0210472	31.8818
1.99862e+014	0.0225802	32.1193
('port 4',TE,1,'port 3',1,'transmission')
(101,3)
1.8737e+014	0.000763285	0.94838
1.87495e+014	0.000853493	1.2528
1.8762e+014	0.000941199	1.5585
1.87745e+014	0.00102652	1.86539
1.8787e+014	0.00110957	2.1733
1.87995e+014	0.00119045	2.48203
1.8812e+014	0.00126917	2.79139
1.88245e+014	0.00134569	3.10119
1.8837e+014	0.00141984	3.41129
1.88495e+014	0.00149138	3.72157
1.88619e+014	0.00155996	4.03197
1.88744e+014	0.00162518	4.3425
1.88869e+014	0.00168662	4.65323
1.88994e+014	0.00174382	4.96425
1.89119e+014	0.0017964	5.27573
1.89244e+014	0.001844	5.58787
1.89369e+014	0.00188641	5.90091
1.89494e+014	0.0019235	6.21507
1.89619e+014	0.00195531	6.53063
1.89744e+014	0.00198203	6.84784
1.89869e+014	0.00200401	7.16692
1.89993e+014	0.00202174	7.48808
1.90118e+014	0.00203584	7.8115
1.90243e+014	0.00204704	8.13727
1.90368e+014	0.00205615	8.46545
1.90493e+014	0.00206399	8.79603
1.90618e+014	0.00207139	9.12889
1.90743e+014	0.00207914	9.46388
1.90868e+014	0.00208791	9.80077
1.90993e+014	0.0020983	10.1393
1.91118e+014	0.00211075	10.4791
1.91243e+014	0.00212556	10.8198
1.91368e+014	0.00214291	11.1612
1.91492e+014	0.00216282	11.5029
1.91617e+014	0.00218524	11.8447
1.91742e+014	0.00221001	12.1862
1.91867e+014	0.00223693	12.5274
1.91992e+014	0.00226575	12.8679
1.92117e+014	0.0022962	13.2077
1.92242e+014	0.00232798	13.5467
1.92367e+014	0.0023608	13.8848
1.92492e+014	0.00239433	14.2219
1.92617e+014	0.00242822	14.558
1.92742e+014	0.00246209	14.893
1.92866e+014	0.00249552	15.2269
1.92991e+014	0.00252807	15.5596
1.93116e+014	0.00255921	15.8912
1.93241e+014	0.00258844	16.2217
1.93366e+014	0.00261518	16.5512
1.93491e+014	0.00263888	16.8797
1.93616e+014	0.00265901	17.2073
1.93741e+014	0.00267504	17.5343
1.93866e+014	0.00268654	17.8607
1.93991e+014	0.00269314	18.1868
1.94116e+014	0.00269457	18.5127
1.94241e+014	0.00269067	18.8387
1.94365e+014	0.0026814	19.1651
1.9449e+014	0.00266685	19.492
1.94615e+014	0.00264722	19.8197
1.9474e+014	0.00262281	20.1484
1.94865e+014	0.00259404	20.4784
1.9499e+014	0.00256138	20.8098
1.95115e+014	0.00252538	21.1428
1.9524e+014	0.00248659	21.4776
1.95365e+014	0.0024456	21.8143
1.9549e+014	0.00240297	22.153
1.95615e+014	0.00235923	22.4937
1.95739e+014	0.00231491	22.8366
1.95864e+014	0.00227048	23.1817
1.95989e+014	0.00222641	23.5292
1.96114e+014	0.00218315	23.879
1.96239e+014	0.00214121	24.2313
1.96364e+014	0.00210112	24.5862
1.96489e+014	0.0020635	24.9438
1.96614e+014	0.00202907	25.3041
1.96739e+014	0.00199862	25.6671
1.96864e+014	0.00197306	26.0326
1.96989e+014	0.00195332	26.4005
1.97114e+014	0.00194029	26.7703
1.97238e+014	0.0019348	27.1414
1.97363e+014	0.00193744	27.5131
1.97488e+014	0.00194853	27.8844
1.97613e+014	0.00196804	28.2545
1.97738e+014	0.00199555	28.6224
1.97863e+014	0.00203025	28.9874
1.97988e+014	0.002071	29.3489
1.98113e+014	0.00211641	29.7065
1.98238e+014	0.00216492	30.0601
1.98363e+014	0.00221491	30.4098
1.98488e+014	0.00226479	30.7557
1.98613e+014	0.00231309	31.0982
1.98737e+014	0.00235854	31.4377
1.98862e+014	0.00240009	31.7748
1.98987e+014	0.00243696	32.1101
1.99112e+014	0.00246867	32.4439
1.99237e+014	0.00249503	32.7768
1.99362e+014	0.00251612	33.1092
1.99487e+014	0.00253228	33.4416
1.99612e+014	0.00254405	33.7743
1.99737e+014	0.00255211	34.1073
1.99862e+014	0.00255727	34.441
('port 1',TE,1,'port 4',1,'transmission')
(101,3)
1.8737e+014	0.168514	-1.71425
1.87495e+014	0.167776	-1.51991
1.8762e+014	0.167039	-1.32557
1.87745e+014	0.166304	-1.13127
1.8787e+014	0.165571	-0.936984
1.87995e+014	0.164841	-0.742729
1.8812e+014	0.164117	-0.548494
1.88245e+014	0.163398	-0.354275
1.8837e+014	0.162684	-0.160064
1.88495e+014	0.161974	0.0341445
1.88619e+014	0.161266	0.228351
1.88744e+014	0.16056	0.422551
1.88869e+014	0.159855	0.616739
1.88994e+014	0.15915	0.810904
1.89119e+014	0.158446	1.00504
1.89244e+014	0.157745	1.19913
1.89369e+014	0.157049	1.39319
1.89494e+014	0.156358	1.5872
1.89619e+014	0.155675	1.78119
1.89744e+014	0.155001	1.97516
1.89869e+014	0.154334	2.16912
1.89993e+014	0.153675	2.36308
1.90118e+014	0.153022	2.55706
1.90243e+014	0.152373	2.75106
1.90368e+014	0.151727	2.94507
1.90493e+014	0.151082	3.13909
1.90618e+014	0.150437	3.33312
1.90743e+014	0.149792	3.52715
1.90868e+014	0.149146	3.72117
1.90993e+014	0.1485	3.91516
1.91118e+014	0.147855	4.10914
1.91243e+014	0.147212	4.30308
1.91368e+014	0.14657	4.497
1.91492e+014	0.145931	4.69089
1.91617e+014	0.145295	4.88476
1.91742e+014	0.144662	5.07859
1.91867e+014	0.144032	5.2724
1.91992e+014	0.143407	5.46618
1.92117e+014	0.142785	5.65994
1.92242e+014	0.142169	5.85367
1.92367e+014	0.141557	6.04738
1.92492e+014	0.14095	6.24108
1.92617e+014	0.140348	6.43476
1.92742e+014	0.13975	6.62843
1.92866e+014	0.139157	6.82209
1.92991e+014	0.138568	7.01575
1.93116e+014	0.137983	7.2094
1.93241e+014	0.137401	7.40304
1.93366e+014	0.136822	7.59669
1.93491e+014	0.136246	7.79032
1.93616e+014	0.135672	7.98396
1.93741e+014	0.135101	8.17759
1.93866e+014	0.134532	8.37121
1.93991e+014	0.133964	8.56484
1.94116e+014	0.133398	8.75846
1.94241e+014	0.132832	8.95207
1.94365e+014	0.132267	9.14566
1.9449e+014	0.131702	9.33924
1.94615e+014	0.131138	9.53278
1.9474e+014	0.130575	9.7263
1.94865e+014	0.130015	9.91979
1.9499e+014	0.129459	10.1132
1.95115e+014	0.128907	10.3067
1.9524e+014	0.128361	10.5001
1.95365e+014	0.127819	10.6935
1.9549e+014	0.127282	10.8869
1.95615e+014	0.126749	11.0803
1.95739e+014	0.126219	11.2736
1.95864e+014	0.125691	11.4671
1.95989e+014	0.125164	11.6605
1.96114e+014	0.124638	11.8538
1.96239e+014	0.124112	12.0472
1.96364e+014	0.123588	12.2406
1.96489e+014	0.123066	12.4339
1.96614e+014	0.122548	12.6272
1.96739e+014	0.122033	12.8205
1.96864e+014	0.121521	13.0138
1.96989e+014	0.121013	13.2071
1.97114e+014	0.120508	13.4003
1.97238e+014	0.120004	13.5936
1.97363e+014	0.119502	13.7869
1.97488e+014	0.118999	13.9801
1.97613e+014	0.118497	14.1734
1.97738e+014	0.117995	14.3666
1.97863e+014	0.117496	14.5597
1.97988e+014	0.117	14.7529
1.98113e+014	0.11651	14.9459
1.98238e+014	0.116027	15.139
1.98363e+014	0.11555	15.332
1.98488e+014	0.11508	15.5251
1.98613e+014	0.114615	15.7182
1.98737e+014	0.114153	15.9113
1.98862e+014	0.113691	16.1045
1.98987e+014	0.113228	16.2976
1.99112e+014	0.112763	16.4908
1.99237e+014	0.112293	16.684
1.99362e+014	0.111821	16.8771
1.99487e+014	0.111348	17.0702
1.99612e+014	0.110875	17.2632
1.99737e+014	0.110405	17.4561
1.99862e+014	0.10994	17.649
('port 2',TE,1,'port 4',1,'transmission')
(101,3)
1.8737e+014	0.970625	2.86514
1.87495e+014	0.970728	3.10301
1.8762e+014	0.970806	3.34085
1.87745e+014	0.970869	3.57865
1.8787e+014	0.970929	3.8164
1.87995e+014	0.970999	4.05411
1.8812e+014	0.971089	4.29179
1.88245e+014	0.971204	4.52944
1.8837e+014	0.971343	4.76709
1.88495e+014	0.9715	5.00473
1.88619e+014	0.971665	5.24238
1.88744e+014	0.971827	5.48003
1.88869e+014	0.971976	5.71769
1.88994e+014	0.972108	5.95534
1.89119e+014	0.972218	6.19298
1.89244e+014	0.972312	6.43059
1.89369e+014	0.972394	6.66817
1.89494e+014	0.972473	6.90572
1.89619e+014	0.972556	7.14324
1.89744e+014	0.972648	7.38073
1.89869e+014	0.972751	7.6182
1.89993e+014	0.972863	7.85567
1.90118e+014	0.97298	8.09312
1.90243e+014	0.973097	8.33057
1.90368e+014	0.973209	8.56801
1.90493e+014	0.973312	8.80543
1.90618e+014	0.973404	9.04284
1.90743e+014	0.973488	9.28024
1.90868e+014	0.973566	9.5176
1.90993e+014	0.973642	9.75494
1.91118e+014	0.973721	9.99226
1.91243e+014	0.973805	10.2296
1.91368e+014	0.973896	10.4668
1.91492e+014	0.973994	10.7041
1.91617e+014	0.974096	10.9413
1.91742e+014	0.974199	11.1786
1.91867e+014	0.974301	11.4158
1.91992e+014	0.974399	11.653
1.92117e+014	0.97449	11.8903
1.92242e+014	0.974574	12.1275
1.92367e+014	0.974651	12.3646
1.92492e+014	0.97472	12.6018
1.92617e+014	0.974781	12.8389
1.92742e+014	0.974836	13.0761
1.92866e+014	0.974886	13.3132
1.92991e+014	0.974932	13.5502
1.93116e+014	0.974976	13.7873
1.93241e+014	0.975022	14.0243
1.93366e+014	0.975073	14.2613
1.93491e+014	0.975133	14.4983
1.93616e+014	0.975205	14.7352
1.93741e+014	0.975291	14.9721
1.93866e+014	0.97539	15.209
1.93991e+014	0.975501	15.4459
1.94116e+014	0.975618	15.6828
1.94241e+014	0.975738	15.9197
1.94365e+014	0.975855	16.1566
1.9449e+014	0.975964	16.3935
1.94615e+014	0.976065	16.6304
1.9474e+014	0.976157	16.8673
1.94865e+014	0.976241	17.1041
1.9499e+014	0.976321	17.3409
1.95115e+014	0.976399	17.5777
1.9524e+014	0.976476	17.8145
1.95365e+014	0.976553	18.0513
1.9549e+014	0.976625	18.2881
1.95615e+014	0.976689	18.5248
1.95739e+014	0.97674	18.7616
1.95864e+014	0.976774	18.9983
1.95989e+014	0.976791	19.235
1.96114e+014	0.976792	19.4717
1.96239e+014	0.976784	19.7083
1.96364e+014	0.976777	19.9449
1.96489e+014	0.976779	20.1814
1.96614e+014	0.976801	20.4179
1.96739e+014	0.976847	20.6544
1.96864e+014	0.976918	20.8909
1.96989e+014	0.977007	21.1274
1.97114e+014	0.977106	21.3639
1.97238e+014	0.977199	21.6003
1.97363e+014	0.977276	21.8368
1.97488e+014	0.977325	22.0733
1.97613e+014	0.977343	22.3098
1.97738e+014	0.977331	22.5463
1.97863e+014	0.9773	22.7826
1.97988e+014	0.977263	23.019
1.98113e+014	0.977236	23.2553
1.98238e+014	0.977233	23.4915
1.98363e+014	0.977265	23.7277
1.98488e+014	0.977334	23.9639
1.98613e+014	0.977437	24.2001
1.98737e+014	0.977562	24.4363
1.98862e+014	0.977697	24.6726
1.98987e+014	0.977826	24.9088
1.99112e+014	0.977938	25.1451
1.99237e+014	0.978025	25.3813
1.99362e+014	0.978088	25.6175
1.99487e+014	0.97813	25.8538
1.99612e+014	0.97816	26.0899
1.99737e+014	0.978189	26.3261
1.99862e+014	0.978222	26.5622
('port 3',TE,1,'port 4',1,'transmission')
(101,3)
1.8737e+014	0.0024727	-0.162288
1.87495e+014	0.00256375	0.291844
1.8762e+014	0.00267171	0.734911
1.87745e+014	0.00279087	1.16644
1.8787e+014	0.00291531	1.58675
1.87995e+014	0.00303936	1.99663
1.8812e+014	0.00315795	2.3972
1.88245e+014	0.00326672	2.78965
1.8837e+014	0.00336219	3.17517
1.88495e+014	0.00344174	3.55488
1.88619e+014	0.00350361	3.9298
1.88744e+014	0.00354687	4.30082
1.88869e+014	0.00357135	4.66871
1.88994e+014	0.00357753	5.03414
1.89119e+014	0.00356647	5.39766
1.89244e+014	0.00353965	5.75972
1.89369e+014	0.00349885	6.12069
1.89494e+014	0.00344602	6.48085
1.89619e+014	0.00338318	6.8404
1.89744e+014	0.00331226	7.19948
1.89869e+014	0.0032351	7.55815
1.89993e+014	0.00315332	7.91644
1.90118e+014	0.00306833	8.27432
1.90243e+014	0.00298131	8.63173
1.90368e+014	0.00289323	8.98858
1.90493e+014	0.00280487	9.34476
1.90618e+014	0.00271684	9.70018
1.90743e+014	0.00262962	10.0547
1.90868e+014	0.00254359	10.4082
1.90993e+014	0.00245903	10.7605
1.91118e+014	0.00237614	11.1115
1.91243e+014	0.00229506	11.461
1.91368e+014	0.00221585	11.8086
1.91492e+014	0.00213851	12.154
1.91617e+014	0.00206297	12.497
1.91742e+014	0.0019891	12.8368
1.91867e+014	0.00191673	13.1731
1.91992e+014	0.0018457	13.505
1.92117e+014	0.00177586	13.832
1.92242e+014	0.0017072	14.153
1.92367e+014	0.00163986	14.4672
1.92492e+014	0.00157424	14.7735
1.92617e+014	0.0015111	15.071
1.92742e+014	0.00145161	15.3586
1.92866e+014	0.00139746	15.6356
1.92991e+014	0.00135079	15.9013
1.93116e+014	0.0013142	16.156
1.93241e+014	0.00129048	16.4009
1.93366e+014	0.0012823	16.6384
1.93491e+014	0.00129176	16.8719
1.93616e+014	0.00132002	17.1057
1.93741e+014	0.00136705	17.3438
1.93866e+014	0.00143164	17.5897
1.93991e+014	0.00151171	17.8457
1.94116e+014	0.00160458	18.1129
1.94241e+014	0.00170736	18.3913
1.94365e+014	0.00181713	18.6805
1.9449e+014	0.00193114	18.9797
1.94615e+014	0.00204681	19.2879
1.9474e+014	0.00216182	19.6042
1.94865e+014	0.00227408	19.9277
1.9499e+014	0.00238173	20.2578
1.95115e+014	0.00248317	20.5939
1.9524e+014	0.00257701	20.9355
1.95365e+014	0.00266215	21.2823
1.9549e+014	0.00273778	21.634
1.95615e+014	0.0028034	21.9905
1.95739e+014	0.00285886	22.3518
1.95864e+014	0.00290438	22.7176
1.95989e+014	0.00294058	23.088
1.96114e+014	0.00296843	23.4631
1.96239e+014	0.00298927	23.8425
1.96364e+014	0.00300469	24.2264
1.96489e+014	0.00301646	24.6143
1.96614e+014	0.0030264	25.006
1.96739e+014	0.00303623	25.4009
1.96864e+014	0.00304743	25.7986
1.96989e+014	0.0030611	26.1983
1.97114e+014	0.00307789	26.5993
1.97238e+014	0.00309793	27.0008
1.97363e+014	0.00312085	27.402
1.97488e+014	0.00314581	27.8023
1.97613e+014	0.00317162	28.201
1.97738e+014	0.00319685	28.5977
1.97863e+014	0.00321994	28.9921
1.97988e+014	0.00323932	29.3839
1.98113e+014	0.00325346	29.7729
1.98238e+014	0.00326096	30.1592
1.98363e+014	0.00326058	30.5425
1.98488e+014	0.0032512	30.9229
1.98613e+014	0.00323191	31.3004
1.98737e+014	0.00320196	31.6748
1.98862e+014	0.00316074	32.0461
1.98987e+014	0.00310787	32.414
1.99112e+014	0.00304314	32.7784
1.99237e+014	0.00296658	33.139
1.99362e+014	0.00287846	33.4955
1.99487e+014	0.00277932	33.8473
1.99612e+014	0.00267002	34.1941
1.99737e+014	0.00255174	34.5351
1.99862e+014	0.00242606	34.8697
('port 4',TE,1,'port 4',1,'transmission')
(101,3)
1.8737e+014	0.000999864	1.70074
1.87495e+014	0.00137282	1.9547
1.8762e+014	0.001645	2.20362
1.87745e+014	0.00180407	2.45027
1.8787e+014	0.00184475	2.69568
1.87995e+014	0.00176879	2.94051
1.8812e+014	0.00158456	3.18541
1.88245e+014	0.00130637	3.43159
1.8837e+014	0.000953371	3.68212
1.88495e+014	0.000548504	3.9497
1.88619e+014	0.000120316	4.43155
1.88744e+014	0.000322045	7.38444
1.88869e+014	0.000732256	7.68459
1.88994e+014	0.00109754	7.93608
1.89119e+014	0.00139775	8.17683
1.89244e+014	0.00161755	8.41265
1.89369e+014	0.00174657	8.64511
1.89494e+014	0.00177968	8.8746
1.89619e+014	0.00171704	9.10089
1.89744e+014	0.00156388	9.32308
1.89869e+014	0.00133002	9.53907
1.89993e+014	0.0010293	9.74342
1.90118e+014	0.000679248	9.91812
1.90243e+014	0.000304281	9.95276
1.90368e+014	0.000150166	8.12112
1.90493e+014	0.000510375	7.80089
1.90618e+014	0.000869253	7.94019
1.90743e+014	0.00118688	8.13045
1.90868e+014	0.00144643	8.33575
1.90993e+014	0.00163547	8.5472
1.91118e+014	0.00174519	8.76152
1.91243e+014	0.00177056	8.97716
1.91368e+014	0.0017103	9.19317
1.91492e+014	0.00156684	9.40866
1.91617e+014	0.00134614	9.62236
1.91742e+014	0.00105739	9.8314
1.91867e+014	0.000712705	10.0268
1.91992e+014	0.000327747	10.1547
1.92117e+014	0.000107549	7.96623
1.92242e+014	0.000518442	7.74382
1.92367e+014	0.000933972	7.91956
1.92492e+014	0.00132697	8.12693
1.92617e+014	0.00168171	8.344
1.92742e+014	0.00198491	8.56556
1.92866e+014	0.00222592	8.78965
1.92991e+014	0.00239723	9.01529
1.93116e+014	0.00249477	9.24178
1.93241e+014	0.00251812	9.46848
1.93366e+014	0.00247057	9.69468
1.93491e+014	0.00235889	9.9194
1.93616e+014	0.00219305	10.1413
1.93741e+014	0.00198573	10.3584
1.93866e+014	0.00175168	10.5677
1.93991e+014	0.00150712	10.7649
1.94116e+014	0.0012691	10.9439
1.94241e+014	0.00105482	11.097
1.94365e+014	0.00088051	11.2186
1.9449e+014	0.000758744	11.3131
1.94615e+014	0.000693561	11.4051
1.9474e+014	0.000677472	11.5319
1.94865e+014	0.000696313	11.7187
1.9499e+014	0.000737703	11.9669
1.95115e+014	0.000794036	12.2627
1.9524e+014	0.00085995	12.5881
1.95365e+014	0.000928956	12.9281
1.9549e+014	0.000991921	13.2732
1.95615e+014	0.00103757	13.6197
1.95739e+014	0.00105408	13.9686
1.95864e+014	0.00103111	14.3252
1.95989e+014	0.000962055	14.7008
1.96114e+014	0.000847415	15.1179
1.96239e+014	0.000702411	15.6243
1.96364e+014	0.000577822	16.3099
1.96489e+014	0.000583742	17.1817
1.96614e+014	0.000784064	17.9483
1.96739e+014	0.00111037	18.5002
1.96864e+014	0.00149197	18.9283
1.96989e+014	0.00188728	19.295
1.97114e+014	0.00226716	19.6293
1.97238e+014	0.00260759	19.9451
1.97363e+014	0.00288796	20.2496
1.97488e+014	0.00309111	20.5472
1.97613e+014	0.00320392	20.8406
1.97738e+014	0.00321789	21.1318
1.97863e+014	0.00312965	21.4223
1.97988e+014	0.0029411	21.7139
1.98113e+014	0.00265942	22.0085
1.98238e+014	0.00229674	22.3094
1.98363e+014	0.00186973	22.6223
1.98488e+014	0.0013995	22.9607
1.98613e+014	0.000913829	23.3655
1.98737e+014	0.000468352	24.0264
1.98862e+014	0.00034104	25.5789
1.98987e+014	0.000668817	26.5265
1.99112e+014	0.00103476	26.9905
1.99237e+014	0.0013463	27.35
1.99362e+014	0.00158132	27.6746
1.99487e+014	0.00173068	27.9834
1.99612e+014	0.00179191	28.2835
1.99737e+014	0.00176771	28.5774
1.99862e+014	0.00166518	28.8651
