('port 1',TE,1,'port 1',1,'transmission')
(101,3)
1.8737e+014	0.0317971	1.71833
1.87495e+014	0.0319757	1.87072
1.8762e+014	0.0317844	2.0208
1.87745e+014	0.03123	2.16891
1.8787e+014	0.0303257	2.31531
1.87995e+014	0.0290899	2.46022
1.8812e+014	0.0275462	2.60383
1.88245e+014	0.0257225	2.74633
1.8837e+014	0.0236504	2.8879
1.88495e+014	0.0213647	3.02875
1.88619e+014	0.018902	3.16916
1.88744e+014	0.016301	3.30955
1.88869e+014	0.0136009	3.45062
1.88994e+014	0.0108413	3.59372
1.89119e+014	0.00806155	3.74193
1.89244e+014	0.00530126	3.90452
1.89369e+014	0.00260692	4.12769
1.89494e+014	0.000470508	5.7901
1.89619e+014	0.00262314	7.1714
1.89744e+014	0.00497578	7.38509
1.89869e+014	0.00717442	7.54199
1.89993e+014	0.00918872	7.68361
1.90118e+014	0.0109997	7.81864
1.90243e+014	0.0125933	7.95004
1.90368e+014	0.0139596	8.07913
1.90493e+014	0.0150921	8.20659
1.90618e+014	0.0159878	8.33287
1.90743e+014	0.0166469	8.45825
1.90868e+014	0.0170724	8.58297
1.90993e+014	0.01727	8.7072
1.91118e+014	0.0172477	8.83113
1.91243e+014	0.0170159	8.95493
1.91368e+014	0.0165869	9.07874
1.91492e+014	0.0159746	9.20273
1.91617e+014	0.0151947	9.32707
1.91742e+014	0.0142643	9.45194
1.91867e+014	0.0132019	9.5775
1.91992e+014	0.0120272	9.70397
1.92117e+014	0.0107609	9.83155
1.92242e+014	0.00942465	9.96048
1.92367e+014	0.00804105	10.091
1.92492e+014	0.00663321	10.2236
1.92617e+014	0.00522468	10.3586
1.92742e+014	0.0038392	10.4968
1.92866e+014	0.00250033	10.64
1.92991e+014	0.0012312	10.795
1.93116e+014	6.16262e-005	11.4464
1.93241e+014	0.00101276	14.177
1.93366e+014	0.00194728	14.3481
1.93491e+014	0.00273573	14.5162
1.93616e+014	0.00336633	14.6908
1.93741e+014	0.00383258	14.876
1.93866e+014	0.00413518	15.0763
1.93991e+014	0.00428497	15.2971
1.94116e+014	0.00430759	15.546
1.94241e+014	0.00425066	15.832
1.94365e+014	0.00419207	16.1635
1.9449e+014	0.00424187	16.5397
1.94615e+014	0.00451989	16.9411
1.9474e+014	0.00510568	17.3327
1.94865e+014	0.00600583	17.6868
1.9499e+014	0.00717276	17.9959
1.95115e+014	0.00854083	18.2659
1.9524e+014	0.010046	18.506
1.95365e+014	0.0116301	18.7245
1.9549e+014	0.0132405	18.9276
1.95615e+014	0.014828	19.1197
1.95739e+014	0.0163462	19.3042
1.95864e+014	0.0177512	19.4831
1.95989e+014	0.0190014	19.6583
1.96114e+014	0.0200585	19.8311
1.96239e+014	0.0208872	20.0027
1.96364e+014	0.0214567	20.174
1.96489e+014	0.0217412	20.346
1.96614e+014	0.0217207	20.5198
1.96739e+014	0.0213819	20.6966
1.96864e+014	0.0207194	20.8779
1.96989e+014	0.0197374	21.0658
1.97114e+014	0.0184516	21.2634
1.97238e+014	0.0168935	21.4754
1.97363e+014	0.0151171	21.7091
1.97488e+014	0.0132138	21.9765
1.97613e+014	0.0113417	22.2969
1.97738e+014	0.00977619	22.6956
1.97863e+014	0.00894364	23.1832
1.97988e+014	0.00925847	23.7091
1.98113e+014	0.0107504	24.1813
1.98238e+014	0.0130787	24.5631
1.98363e+014	0.0158809	24.8712
1.98488e+014	0.018907	25.1306
1.98613e+014	0.0219945	25.3588
1.98737e+014	0.0250294	25.5667
1.98862e+014	0.0279243	25.761
1.98987e+014	0.030608	25.9459
1.99112e+014	0.0330203	26.1242
1.99237e+014	0.0351096	26.2977
1.99362e+014	0.0368327	26.4676
1.99487e+014	0.038154	26.635
1.99612e+014	0.0390457	26.8005
1.99737e+014	0.0394883	26.9648
1.99862e+014	0.0394703	27.1284
('port 2',TE,1,'port 1',1,'transmission')
(101,3)
1.8737e+014	0.00175509	-2.04268
1.87495e+014	0.00176301	-1.76671
1.8762e+014	0.0017666	-1.48967
1.87745e+014	0.00176639	-1.21117
1.8787e+014	0.0017631	-0.930881
1.87995e+014	0.00175752	-0.648583
1.8812e+014	0.00175054	-0.364137
1.88245e+014	0.00174305	-0.0775185
1.8837e+014	0.00173591	0.211184
1.88495e+014	0.00172992	0.50177
1.88619e+014	0.00172572	0.793936
1.88744e+014	0.00172379	1.0873
1.88869e+014	0.00172444	1.38143
1.88994e+014	0.00172776	1.67588
1.89119e+014	0.00173364	1.97022
1.89244e+014	0.00174184	2.26408
1.89369e+014	0.00175193	2.55715
1.89494e+014	0.00176343	2.84923
1.89619e+014	0.00177582	3.1402
1.89744e+014	0.00178854	3.43004
1.89869e+014	0.0018011	3.71879
1.89993e+014	0.00181307	4.00658
1.90118e+014	0.00182411	4.29355
1.90243e+014	0.00183398	4.57989
1.90368e+014	0.00184254	4.86578
1.90493e+014	0.00184975	5.1514
1.90618e+014	0.00185568	5.43692
1.90743e+014	0.00186045	5.72247
1.90868e+014	0.00186423	6.00815
1.90993e+014	0.00186724	6.294
1.91118e+014	0.00186969	6.58006
1.91243e+014	0.00187179	6.8663
1.91368e+014	0.00187369	7.15267
1.91492e+014	0.00187553	7.4391
1.91617e+014	0.00187736	7.72548
1.91742e+014	0.00187918	8.01173
1.91867e+014	0.00188094	8.29775
1.91992e+014	0.00188253	8.58347
1.92117e+014	0.00188378	8.86883
1.92242e+014	0.00188452	9.15379
1.92367e+014	0.00188456	9.43837
1.92492e+014	0.00188371	9.72257
1.92617e+014	0.0018818	10.0065
1.92742e+014	0.00187869	10.2901
1.92866e+014	0.0018743	10.5736
1.92991e+014	0.00186859	10.8571
1.93116e+014	0.00186155	11.1406
1.93241e+014	0.00185325	11.4243
1.93366e+014	0.0018438	11.7082
1.93491e+014	0.00183332	11.9924
1.93616e+014	0.00182198	12.277
1.93741e+014	0.00180996	12.562
1.93866e+014	0.00179743	12.8475
1.93991e+014	0.00178456	13.1333
1.94116e+014	0.00177149	13.4195
1.94241e+014	0.00175833	13.7059
1.94365e+014	0.00174513	13.9926
1.9449e+014	0.00173191	14.2794
1.94615e+014	0.00171866	14.5663
1.9474e+014	0.00170532	14.8532
1.94865e+014	0.00169179	15.1401
1.9499e+014	0.00167796	15.4269
1.95115e+014	0.00166371	15.7137
1.9524e+014	0.00164894	16.0004
1.95365e+014	0.00163355	16.2872
1.9549e+014	0.00161747	16.5741
1.95615e+014	0.00160067	16.8611
1.95739e+014	0.00158317	17.1485
1.95864e+014	0.00156505	17.4364
1.95989e+014	0.00154641	17.7247
1.96114e+014	0.00152742	18.0138
1.96239e+014	0.00150827	18.3035
1.96364e+014	0.00148919	18.594
1.96489e+014	0.00147041	18.8853
1.96614e+014	0.00145219	19.1774
1.96739e+014	0.00143473	19.4701
1.96864e+014	0.00141823	19.7634
1.96989e+014	0.00140284	20.0572
1.97114e+014	0.00138864	20.3512
1.97238e+014	0.00137568	20.6452
1.97363e+014	0.00136392	20.9391
1.97488e+014	0.00135326	21.2326
1.97613e+014	0.00134356	21.5256
1.97738e+014	0.00133463	21.818
1.97863e+014	0.00132627	22.1096
1.97988e+014	0.00131825	22.4003
1.98113e+014	0.00131036	22.6902
1.98238e+014	0.00130238	22.9792
1.98363e+014	0.00129416	23.2675
1.98488e+014	0.00128555	23.555
1.98613e+014	0.00127645	23.8419
1.98737e+014	0.00126682	24.1282
1.98862e+014	0.00125663	24.414
1.98987e+014	0.00124591	24.6994
1.99112e+014	0.00123468	24.9844
1.99237e+014	0.001223	25.269
1.99362e+014	0.0012109	25.5532
1.99487e+014	0.00119842	25.837
1.99612e+014	0.00118557	26.1202
1.99737e+014	0.00117233	26.4027
1.99862e+014	0.00115863	26.6846
('port 3',TE,1,'port 1',1,'transmission')
(101,3)
1.8737e+014	0.97981	-0.0379209
1.87495e+014	0.979838	0.0913366
1.8762e+014	0.979868	0.220576
1.87745e+014	0.979901	0.349797
1.8787e+014	0.979939	0.479002
1.87995e+014	0.979986	0.608191
1.8812e+014	0.980043	0.737368
1.88245e+014	0.98011	0.866535
1.8837e+014	0.980187	0.995695
1.88495e+014	0.980275	1.12485
1.88619e+014	0.980371	1.25401
1.88744e+014	0.980475	1.38316
1.88869e+014	0.980582	1.51232
1.88994e+014	0.980692	1.64148
1.89119e+014	0.9808	1.77064
1.89244e+014	0.980905	1.8998
1.89369e+014	0.981003	2.02897
1.89494e+014	0.981094	2.15813
1.89619e+014	0.981174	2.2873
1.89744e+014	0.981244	2.41645
1.89869e+014	0.981304	2.5456
1.89993e+014	0.981353	2.67474
1.90118e+014	0.981393	2.80386
1.90243e+014	0.981425	2.93297
1.90368e+014	0.981451	3.06206
1.90493e+014	0.981473	3.19114
1.90618e+014	0.981493	3.3202
1.90743e+014	0.981512	3.44924
1.90868e+014	0.981533	3.57827
1.90993e+014	0.981557	3.70728
1.91118e+014	0.981584	3.83628
1.91243e+014	0.981617	3.96526
1.91368e+014	0.981654	4.09424
1.91492e+014	0.981696	4.2232
1.91617e+014	0.981743	4.35215
1.91742e+014	0.981794	4.4811
1.91867e+014	0.98185	4.61004
1.91992e+014	0.981908	4.73897
1.92117e+014	0.981969	4.8679
1.92242e+014	0.982033	4.99682
1.92367e+014	0.982097	5.12573
1.92492e+014	0.982163	5.25465
1.92617e+014	0.982228	5.38355
1.92742e+014	0.982293	5.51245
1.92866e+014	0.982357	5.64135
1.92991e+014	0.982419	5.77024
1.93116e+014	0.982478	5.89913
1.93241e+014	0.982534	6.02801
1.93366e+014	0.982586	6.15689
1.93491e+014	0.982632	6.28576
1.93616e+014	0.982672	6.41462
1.93741e+014	0.982705	6.54347
1.93866e+014	0.982732	6.67232
1.93991e+014	0.982751	6.80115
1.94116e+014	0.982764	6.92997
1.94241e+014	0.98277	7.05878
1.94365e+014	0.982772	7.18757
1.9449e+014	0.98277	7.31635
1.94615e+014	0.982766	7.44511
1.9474e+014	0.982763	7.57385
1.94865e+014	0.982763	7.70257
1.9499e+014	0.982767	7.83127
1.95115e+014	0.982777	7.95996
1.9524e+014	0.982796	8.08864
1.95365e+014	0.982823	8.21731
1.9549e+014	0.982859	8.34596
1.95615e+014	0.982904	8.47461
1.95739e+014	0.982957	8.60326
1.95864e+014	0.983016	8.73191
1.95989e+014	0.983079	8.86055
1.96114e+014	0.983144	8.9892
1.96239e+014	0.983206	9.11785
1.96364e+014	0.983265	9.2465
1.96489e+014	0.983316	9.37515
1.96614e+014	0.983358	9.5038
1.96739e+014	0.983388	9.63245
1.96864e+014	0.983407	9.76108
1.96989e+014	0.983414	9.88971
1.97114e+014	0.983409	10.0183
1.97238e+014	0.983394	10.1469
1.97363e+014	0.983372	10.2755
1.97488e+014	0.983344	10.404
1.97613e+014	0.983314	10.5326
1.97738e+014	0.983285	10.6611
1.97863e+014	0.983261	10.7896
1.97988e+014	0.983242	10.9181
1.98113e+014	0.983231	11.0465
1.98238e+014	0.98323	11.175
1.98363e+014	0.983238	11.3034
1.98488e+014	0.983255	11.4319
1.98613e+014	0.983279	11.5603
1.98737e+014	0.983308	11.6887
1.98862e+014	0.98334	11.8171
1.98987e+014	0.983372	11.9456
1.99112e+014	0.9834	12.074
1.99237e+014	0.983423	12.2024
1.99362e+014	0.983439	12.3308
1.99487e+014	0.983445	12.4592
1.99612e+014	0.983443	12.5876
1.99737e+014	0.983432	12.716
1.99862e+014	0.983415	12.8444
('port 4',TE,1,'port 1',1,'transmission')
(101,3)
1.8737e+014	0.112782	-0.799936
1.87495e+014	0.11223	-0.633392
1.8762e+014	0.11168	-0.466871
1.87745e+014	0.111133	-0.300374
1.8787e+014	0.11059	-0.133899
1.87995e+014	0.110051	0.0325549
1.8812e+014	0.109516	0.198989
1.88245e+014	0.108984	0.365407
1.8837e+014	0.108458	0.531811
1.88495e+014	0.107935	0.698203
1.88619e+014	0.107417	0.864587
1.88744e+014	0.106903	1.03097
1.88869e+014	0.106393	1.19734
1.88994e+014	0.105886	1.36371
1.89119e+014	0.105383	1.53009
1.89244e+014	0.104883	1.69646
1.89369e+014	0.104386	1.86283
1.89494e+014	0.103891	2.0292
1.89619e+014	0.103399	2.19557
1.89744e+014	0.102909	2.36193
1.89869e+014	0.102421	2.52829
1.89993e+014	0.101935	2.69464
1.90118e+014	0.101451	2.86098
1.90243e+014	0.10097	3.02731
1.90368e+014	0.10049	3.19363
1.90493e+014	0.100013	3.35994
1.90618e+014	0.0995379	3.52623
1.90743e+014	0.0990651	3.69251
1.90868e+014	0.0985947	3.85878
1.90993e+014	0.0981266	4.02504
1.91118e+014	0.0976609	4.19129
1.91243e+014	0.0971975	4.35752
1.91368e+014	0.0967363	4.52375
1.91492e+014	0.0962774	4.68996
1.91617e+014	0.0958207	4.85616
1.91742e+014	0.0953661	5.02235
1.91867e+014	0.0949136	5.18852
1.91992e+014	0.0944632	5.35468
1.92117e+014	0.0940149	5.52083
1.92242e+014	0.0935687	5.68696
1.92367e+014	0.0931246	5.85307
1.92492e+014	0.0926827	6.01917
1.92617e+014	0.0922431	6.18525
1.92742e+014	0.0918057	6.35132
1.92866e+014	0.0913707	6.51737
1.92991e+014	0.090938	6.68341
1.93116e+014	0.0905078	6.84942
1.93241e+014	0.09008	7.01543
1.93366e+014	0.0896545	7.18142
1.93491e+014	0.0892314	7.34739
1.93616e+014	0.0888107	7.51335
1.93741e+014	0.0883923	7.6793
1.93866e+014	0.0879762	7.84524
1.93991e+014	0.0875623	8.01116
1.94116e+014	0.0871506	8.17706
1.94241e+014	0.0867412	8.34296
1.94365e+014	0.0863341	8.50883
1.9449e+014	0.0859292	8.6747
1.94615e+014	0.0855268	8.84054
1.9474e+014	0.0851268	9.00637
1.94865e+014	0.0847294	9.17219
1.9499e+014	0.0843346	9.338
1.95115e+014	0.0839425	9.50379
1.9524e+014	0.083553	9.66958
1.95365e+014	0.0831663	9.83535
1.9549e+014	0.0827822	10.0011
1.95615e+014	0.0824006	10.1669
1.95739e+014	0.0820215	10.3327
1.95864e+014	0.0816447	10.4984
1.95989e+014	0.0812699	10.6642
1.96114e+014	0.080897	10.8299
1.96239e+014	0.0805257	10.9957
1.96364e+014	0.0801559	11.1615
1.96489e+014	0.0797874	11.3272
1.96614e+014	0.07942	11.493
1.96739e+014	0.0790538	11.6587
1.96864e+014	0.0786886	11.8245
1.96989e+014	0.0783246	11.9902
1.97114e+014	0.0779618	12.1559
1.97238e+014	0.0776005	12.3216
1.97363e+014	0.0772409	12.4872
1.97488e+014	0.0768831	12.6529
1.97613e+014	0.0765274	12.8185
1.97738e+014	0.0761741	12.9841
1.97863e+014	0.0758234	13.1496
1.97988e+014	0.0754753	13.3152
1.98113e+014	0.07513	13.4807
1.98238e+014	0.0747876	13.6462
1.98363e+014	0.0744478	13.8117
1.98488e+014	0.0741106	13.9773
1.98613e+014	0.0737757	14.1428
1.98737e+014	0.073443	14.3083
1.98862e+014	0.073112	14.4738
1.98987e+014	0.0727826	14.6393
1.99112e+014	0.0724544	14.8048
1.99237e+014	0.0721272	14.9702
1.99362e+014	0.0718007	15.1357
1.99487e+014	0.0714748	15.3012
1.99612e+014	0.0711495	15.4667
1.99737e+014	0.0708248	15.6321
1.99862e+014	0.0705008	15.7975
('port 1',TE,1,'port 2',1,'transmission')
(101,3)
1.8737e+014	0.00332506	-1.22515
1.87495e+014	0.00320266	-0.8933
1.8762e+014	0.00307897	-0.561512
1.87745e+014	0.00295433	-0.229997
1.8787e+014	0.00282892	0.101024
1.87995e+014	0.00270274	0.431335
1.8812e+014	0.00257569	0.760747
1.88245e+014	0.00244767	1.08911
1.8837e+014	0.00231856	1.41631
1.88495e+014	0.00218832	1.74229
1.88619e+014	0.00205698	2.06703
1.88744e+014	0.00192465	2.39056
1.88869e+014	0.00179156	2.71291
1.88994e+014	0.00165799	3.03416
1.89119e+014	0.0015243	3.35434
1.89244e+014	0.00139085	3.67348
1.89369e+014	0.00125803	3.99155
1.89494e+014	0.00112622	4.30844
1.89619e+014	0.000995742	4.62392
1.89744e+014	0.000866869	4.93756
1.89869e+014	0.000739805	5.24858
1.89993e+014	0.000614688	5.55561
1.90118e+014	0.00049161	5.85595
1.90243e+014	0.000370672	6.14352
1.90368e+014	0.00025218	6.40134
1.90493e+014	0.000137758	6.55724
1.90618e+014	4.89882e-005	5.91215
1.90743e+014	0.000113485	4.83095
1.90868e+014	0.000222676	4.93023
1.90993e+014	0.000334381	5.17263
1.91118e+014	0.000446018	5.45064
1.91243e+014	0.000557095	5.74227
1.91368e+014	0.000667441	6.04029
1.91492e+014	0.000776946	6.34168
1.91617e+014	0.000885514	6.645
1.91742e+014	0.000993043	6.94952
1.91867e+014	0.00109943	7.25482
1.91992e+014	0.00120456	7.56072
1.92117e+014	0.00130833	7.86709
1.92242e+014	0.00141064	8.17391
1.92367e+014	0.00151138	8.48115
1.92492e+014	0.00161043	8.78882
1.92617e+014	0.00170768	9.09694
1.92742e+014	0.00180298	9.40552
1.92866e+014	0.00189617	9.71457
1.92991e+014	0.00198708	10.0241
1.93116e+014	0.00207548	10.3342
1.93241e+014	0.00216113	10.6448
1.93366e+014	0.00224378	10.956
1.93491e+014	0.00232314	11.2678
1.93616e+014	0.00239891	11.5803
1.93741e+014	0.00247081	11.8934
1.93866e+014	0.00253857	12.2074
1.93991e+014	0.00260194	12.5221
1.94116e+014	0.00266072	12.8378
1.94241e+014	0.00271475	13.1543
1.94365e+014	0.00276395	13.4718
1.9449e+014	0.00280827	13.7903
1.94615e+014	0.00284775	14.1097
1.9474e+014	0.00288245	14.4301
1.94865e+014	0.00291247	14.7515
1.9499e+014	0.00293791	15.0737
1.95115e+014	0.00295887	15.3967
1.9524e+014	0.00297538	15.7205
1.95365e+014	0.00298745	16.0449
1.9549e+014	0.00299499	16.3699
1.95615e+014	0.00299785	16.6953
1.95739e+014	0.0029958	17.0211
1.95864e+014	0.00298857	17.3472
1.95989e+014	0.00297587	17.6737
1.96114e+014	0.00295741	18.0004
1.96239e+014	0.00293296	18.3275
1.96364e+014	0.0029024	18.6549
1.96489e+014	0.0028657	18.9828
1.96614e+014	0.00282299	19.3112
1.96739e+014	0.00277457	19.6402
1.96864e+014	0.00272086	19.9699
1.96989e+014	0.00266244	20.3005
1.97114e+014	0.00259999	20.6319
1.97238e+014	0.00253422	20.9642
1.97363e+014	0.00246588	21.2972
1.97488e+014	0.00239565	21.631
1.97613e+014	0.00232407	21.9651
1.97738e+014	0.00225155	22.2994
1.97863e+014	0.00217828	22.6334
1.97988e+014	0.00210423	22.9666
1.98113e+014	0.00202915	23.2986
1.98238e+014	0.00195259	23.6288
1.98363e+014	0.00187398	23.9567
1.98488e+014	0.00179264	24.2819
1.98613e+014	0.00170789	24.604
1.98737e+014	0.00161914	24.9224
1.98862e+014	0.00152592	25.237
1.98987e+014	0.00142797	25.5474
1.99112e+014	0.00132529	25.8532
1.99237e+014	0.00121816	26.154
1.99362e+014	0.00110717	26.4492
1.99487e+014	0.0009932	26.7377
1.99612e+014	0.000877479	27.0179
1.99737e+014	0.000761547	27.2873
1.99862e+014	0.000647325	27.5416
('port 2',TE,1,'port 2',1,'transmission')
(101,3)
1.8737e+014	0.000984224	-0.639931
1.87495e+014	0.00158585	-0.0709482
1.8762e+014	0.00224931	0.294493
1.87745e+014	0.00289243	0.58814
1.8787e+014	0.00347726	0.84986
1.87995e+014	0.00397854	1.0946
1.8812e+014	0.00437765	1.32905
1.88245e+014	0.00466132	1.55661
1.8837e+014	0.00482134	1.77917
1.88495e+014	0.00485448	1.99781
1.88619e+014	0.00476235	2.21315
1.88744e+014	0.00455113	2.42551
1.88869e+014	0.00423117	2.63496
1.88994e+014	0.00381642	2.8413
1.89119e+014	0.00332386	3.0439
1.89244e+014	0.00277273	3.24143
1.89369e+014	0.00218391	3.43086
1.89494e+014	0.00157934	3.6046
1.89619e+014	0.000982482	3.73756
1.89744e+014	0.000427883	3.68184
1.89869e+014	0.000240911	2.08352
1.89993e+014	0.000657471	1.68716
1.90118e+014	0.0010532	1.77948
1.90243e+014	0.00137309	1.93882
1.90368e+014	0.00160609	2.1191
1.90493e+014	0.00174805	2.30865
1.90618e+014	0.00179914	2.50333
1.90743e+014	0.00176325	2.70147
1.90868e+014	0.00164755	2.90257
1.90993e+014	0.00146218	3.10692
1.91118e+014	0.00121975	3.31584
1.91243e+014	0.000934869	3.53284
1.91368e+014	0.000623822	3.76879
1.91492e+014	0.000305096	4.07885
1.91617e+014	6.48691e-005	5.90538
1.91742e+014	0.000314342	7.22565
1.91867e+014	0.000563833	7.52605
1.91992e+014	0.00076199	7.77066
1.92117e+014	0.000895502	8.00535
1.92242e+014	0.000954857	8.24294
1.92367e+014	0.000934168	8.49341
1.92492e+014	0.000832341	8.77353
1.92617e+014	0.000657103	9.12631
1.92742e+014	0.000445342	9.70085
1.92866e+014	0.000372513	10.8259
1.92991e+014	0.000646436	11.7436
1.93116e+014	0.00109273	12.2068
1.93241e+014	0.00160997	12.5253
1.93366e+014	0.00216267	12.7918
1.93491e+014	0.00272676	13.0348
1.93616e+014	0.00328046	13.2657
1.93741e+014	0.00380274	13.4897
1.93866e+014	0.00427339	13.7097
1.93991e+014	0.00467354	13.9272
1.94116e+014	0.00498624	14.1434
1.94241e+014	0.00519714	14.3589
1.94365e+014	0.00529505	14.5742
1.9449e+014	0.00527248	14.79
1.94615e+014	0.00512597	15.0066
1.9474e+014	0.0048564	15.2245
1.94865e+014	0.00446902	15.4446
1.9499e+014	0.00397339	15.6679
1.95115e+014	0.00338321	15.8965
1.9524e+014	0.00271606	16.1346
1.95365e+014	0.0019935	16.3929
1.9549e+014	0.00124358	16.7077
1.95615e+014	0.000530497	17.3122
1.95739e+014	0.000471128	19.2726
1.95864e+014	0.00112445	19.9496
1.95989e+014	0.00178178	20.2761
1.96114e+014	0.00237124	20.5407
1.96239e+014	0.00286848	20.7846
1.96364e+014	0.00325774	21.0194
1.96489e+014	0.00352861	21.2499
1.96614e+014	0.00367571	21.478
1.96739e+014	0.00369858	21.7049
1.96864e+014	0.00360166	21.9315
1.96989e+014	0.00339396	22.1582
1.97114e+014	0.00308868	22.3854
1.97238e+014	0.00270257	22.6134
1.97363e+014	0.00225523	22.8426
1.97488e+014	0.0017682	23.0733
1.97613e+014	0.00126409	23.3055
1.97738e+014	0.00076555	23.5386
1.97863e+014	0.000294309	23.7648
1.97988e+014	0.000130239	20.9441
1.98113e+014	0.000490582	21.1575
1.98238e+014	0.000774254	21.4134
1.98363e+014	0.000972967	21.6853
1.98488e+014	0.00108436	21.9771
1.98613e+014	0.00111339	22.2982
1.98737e+014	0.00107509	22.6647
1.98862e+014	0.000999706	23.1015
1.98987e+014	0.000939874	23.632
1.99112e+014	0.000965134	24.2344
1.99237e+014	0.00111757	24.8162
1.99362e+014	0.00137704	25.309
1.99487e+014	0.00169447	25.7167
1.99612e+014	0.00202569	26.0662
1.99737e+014	0.00233697	26.3793
1.99862e+014	0.00260235	26.6696
('port 3',TE,1,'port 2',1,'transmission')
(101,3)
1.8737e+014	0.112032	2.34138
1.87495e+014	0.111498	2.50788
1.8762e+014	0.110967	2.6744
1.87745e+014	0.110439	2.84094
1.8787e+014	0.109911	3.00749
1.87995e+014	0.109384	3.17405
1.8812e+014	0.108856	3.3406
1.88245e+014	0.108329	3.50713
1.8837e+014	0.107802	3.67362
1.88495e+014	0.107277	3.84008
1.88619e+014	0.106756	4.00649
1.88744e+014	0.106238	4.17287
1.88869e+014	0.105726	4.33922
1.88994e+014	0.10522	4.50555
1.89119e+014	0.10472	4.67188
1.89244e+014	0.104225	4.8382
1.89369e+014	0.103735	5.00455
1.89494e+014	0.103247	5.17091
1.89619e+014	0.102762	5.33728
1.89744e+014	0.102278	5.50367
1.89869e+014	0.101793	5.67006
1.89993e+014	0.101309	5.83645
1.90118e+014	0.100825	6.00282
1.90243e+014	0.100341	6.16917
1.90368e+014	0.0998581	6.33548
1.90493e+014	0.0993773	6.50176
1.90618e+014	0.0988992	6.66801
1.90743e+014	0.0984247	6.83422
1.90868e+014	0.0979543	7.00041
1.90993e+014	0.0974884	7.16658
1.91118e+014	0.097027	7.33274
1.91243e+014	0.0965698	7.49889
1.91368e+014	0.0961167	7.66505
1.91492e+014	0.095667	7.8312
1.91617e+014	0.0952202	7.99737
1.91742e+014	0.094776	8.16354
1.91867e+014	0.0943336	8.32972
1.91992e+014	0.0938927	8.49591
1.92117e+014	0.0934528	8.6621
1.92242e+014	0.0930137	8.82829
1.92367e+014	0.092575	8.99448
1.92492e+014	0.0921366	9.16066
1.92617e+014	0.0916984	9.32682
1.92742e+014	0.0912604	9.49297
1.92866e+014	0.0908229	9.65909
1.92991e+014	0.0903863	9.82518
1.93116e+014	0.0899509	9.99123
1.93241e+014	0.0895176	10.1573
1.93366e+014	0.0890869	10.3232
1.93491e+014	0.0886595	10.4892
1.93616e+014	0.0882359	10.6551
1.93741e+014	0.0878167	10.821
1.93866e+014	0.0874019	10.9868
1.93991e+014	0.0869916	11.1527
1.94116e+014	0.0865856	11.3185
1.94241e+014	0.0861835	11.4844
1.94365e+014	0.0857848	11.6502
1.9449e+014	0.0853891	11.8161
1.94615e+014	0.0849958	11.9819
1.9474e+014	0.0846048	12.1478
1.94865e+014	0.0842156	12.3137
1.9499e+014	0.0838283	12.4795
1.95115e+014	0.0834427	12.6454
1.9524e+014	0.083059	12.8112
1.95365e+014	0.082677	12.9771
1.9549e+014	0.0822965	13.143
1.95615e+014	0.0819175	13.3088
1.95739e+014	0.0815395	13.4746
1.95864e+014	0.0811623	13.6405
1.95989e+014	0.0807854	13.8063
1.96114e+014	0.0804089	13.9721
1.96239e+014	0.0800326	14.1379
1.96364e+014	0.0796569	14.3037
1.96489e+014	0.0792824	14.4694
1.96614e+014	0.0789098	14.635
1.96739e+014	0.0785402	14.8006
1.96864e+014	0.0781744	14.9662
1.96989e+014	0.0778133	15.1317
1.97114e+014	0.0774575	15.2972
1.97238e+014	0.0771071	15.4627
1.97363e+014	0.0767618	15.6282
1.97488e+014	0.0764209	15.7937
1.97613e+014	0.0760833	15.9593
1.97738e+014	0.0757477	16.1249
1.97863e+014	0.0754126	16.2905
1.97988e+014	0.0750768	16.4562
1.98113e+014	0.0747393	16.6219
1.98238e+014	0.0743995	16.7875
1.98363e+014	0.0740573	16.9532
1.98488e+014	0.0737131	17.1189
1.98613e+014	0.0733678	17.2844
1.98737e+014	0.0730223	17.45
1.98862e+014	0.072678	17.6154
1.98987e+014	0.0723358	17.7809
1.99112e+014	0.0719966	17.9462
1.99237e+014	0.071661	18.1116
1.99362e+014	0.0713292	18.2769
1.99487e+014	0.0710012	18.4422
1.99612e+014	0.0706765	18.6075
1.99737e+014	0.0703547	18.7727
1.99862e+014	0.0700354	18.938
('port 4',TE,1,'port 2',1,'transmission')
(101,3)
1.8737e+014	0.977893	-1.56197
1.87495e+014	0.97799	-1.3582
1.8762e+014	0.978097	-1.15442
1.87745e+014	0.978199	-0.950628
1.8787e+014	0.978288	-0.74683
1.87995e+014	0.978354	-0.543036
1.8812e+014	0.978396	-0.339255
1.88245e+014	0.978414	-0.1355
1.8837e+014	0.978416	0.068219
1.88495e+014	0.978411	0.271897
1.88619e+014	0.978412	0.475531
1.88744e+014	0.978429	0.679126
1.88869e+014	0.978471	0.88269
1.88994e+014	0.978544	1.08623
1.89119e+014	0.978647	1.28977
1.89244e+014	0.978777	1.4933
1.89369e+014	0.978928	1.69685
1.89494e+014	0.979088	1.90041
1.89619e+014	0.979247	2.10399
1.89744e+014	0.979396	2.30759
1.89869e+014	0.979528	2.51119
1.89993e+014	0.979638	2.71479
1.90118e+014	0.979725	2.91837
1.90243e+014	0.979792	3.12195
1.90368e+014	0.979844	3.3255
1.90493e+014	0.979887	3.52902
1.90618e+014	0.979926	3.73252
1.90743e+014	0.979967	3.93599
1.90868e+014	0.980013	4.13944
1.90993e+014	0.980067	4.34288
1.91118e+014	0.980127	4.54631
1.91243e+014	0.980192	4.74973
1.91368e+014	0.980258	4.95314
1.91492e+014	0.980323	5.15655
1.91617e+014	0.980382	5.35995
1.91742e+014	0.980435	5.56335
1.91867e+014	0.980478	5.76673
1.91992e+014	0.98051	5.97011
1.92117e+014	0.980532	6.17348
1.92242e+014	0.980543	6.37682
1.92367e+014	0.980544	6.58016
1.92492e+014	0.980533	6.78347
1.92617e+014	0.980513	6.98677
1.92742e+014	0.980483	7.19004
1.92866e+014	0.980445	7.39328
1.92991e+014	0.980401	7.5965
1.93116e+014	0.980353	7.7997
1.93241e+014	0.980304	8.00286
1.93366e+014	0.980258	8.206
1.93491e+014	0.980217	8.40911
1.93616e+014	0.980184	8.61219
1.93741e+014	0.98016	8.81525
1.93866e+014	0.980146	9.01829
1.93991e+014	0.980141	9.22132
1.94116e+014	0.980142	9.42433
1.94241e+014	0.980148	9.62733
1.94365e+014	0.980157	9.83031
1.9449e+014	0.980167	10.0333
1.94615e+014	0.980179	10.2362
1.9474e+014	0.980196	10.4391
1.94865e+014	0.980219	10.642
1.9499e+014	0.980255	10.8449
1.95115e+014	0.980308	11.0478
1.9524e+014	0.980381	11.2506
1.95365e+014	0.980476	11.4534
1.9549e+014	0.980591	11.6563
1.95615e+014	0.980723	11.8591
1.95739e+014	0.980865	12.062
1.95864e+014	0.981006	12.2648
1.95989e+014	0.981137	12.4677
1.96114e+014	0.981248	12.6706
1.96239e+014	0.981331	12.8735
1.96364e+014	0.981383	13.0764
1.96489e+014	0.981401	13.2793
1.96614e+014	0.981392	13.4821
1.96739e+014	0.981363	13.6849
1.96864e+014	0.981325	13.8877
1.96989e+014	0.981289	14.0904
1.97114e+014	0.981266	14.2931
1.97238e+014	0.981263	14.4957
1.97363e+014	0.981285	14.6984
1.97488e+014	0.981331	14.901
1.97613e+014	0.981397	15.1036
1.97738e+014	0.981476	15.3062
1.97863e+014	0.981557	15.5088
1.97988e+014	0.981631	15.7114
1.98113e+014	0.981692	15.9141
1.98238e+014	0.981734	16.1167
1.98363e+014	0.981757	16.3193
1.98488e+014	0.981765	16.5219
1.98613e+014	0.981764	16.7244
1.98737e+014	0.98176	16.927
1.98862e+014	0.981762	17.1295
1.98987e+014	0.981775	17.3319
1.99112e+014	0.981801	17.5344
1.99237e+014	0.981838	17.7369
1.99362e+014	0.98188	17.9393
1.99487e+014	0.981921	18.1418
1.99612e+014	0.981949	18.3443
1.99737e+014	0.981957	18.5467
1.99862e+014	0.981937	18.7492
('port 1',TE,1,'port 3',1,'transmission')
(101,3)
1.8737e+014	0.97981	-0.0379209
1.87495e+014	0.979838	0.0913366
1.8762e+014	0.979868	0.220576
1.87745e+014	0.979901	0.349797
1.8787e+014	0.979939	0.479002
1.87995e+014	0.979986	0.608191
1.8812e+014	0.980043	0.737368
1.88245e+014	0.98011	0.866535
1.8837e+014	0.980187	0.995695
1.88495e+014	0.980275	1.12485
1.88619e+014	0.980371	1.25401
1.88744e+014	0.980475	1.38316
1.88869e+014	0.980582	1.51232
1.88994e+014	0.980692	1.64148
1.89119e+014	0.9808	1.77064
1.89244e+014	0.980905	1.8998
1.89369e+014	0.981003	2.02897
1.89494e+014	0.981094	2.15813
1.89619e+014	0.981174	2.2873
1.89744e+014	0.981244	2.41645
1.89869e+014	0.981304	2.5456
1.89993e+014	0.981353	2.67474
1.90118e+014	0.981393	2.80386
1.90243e+014	0.981425	2.93297
1.90368e+014	0.981451	3.06206
1.90493e+014	0.981473	3.19114
1.90618e+014	0.981493	3.3202
1.90743e+014	0.981512	3.44924
1.90868e+014	0.981533	3.57827
1.90993e+014	0.981557	3.70728
1.91118e+014	0.981584	3.83628
1.91243e+014	0.981617	3.96526
1.91368e+014	0.981654	4.09424
1.91492e+014	0.981696	4.2232
1.91617e+014	0.981743	4.35215
1.91742e+014	0.981794	4.4811
1.91867e+014	0.98185	4.61004
1.91992e+014	0.981908	4.73897
1.92117e+014	0.981969	4.8679
1.92242e+014	0.982033	4.99682
1.92367e+014	0.982097	5.12573
1.92492e+014	0.982163	5.25465
1.92617e+014	0.982228	5.38355
1.92742e+014	0.982293	5.51245
1.92866e+014	0.982357	5.64135
1.92991e+014	0.982419	5.77024
1.93116e+014	0.982478	5.89913
1.93241e+014	0.982534	6.02801
1.93366e+014	0.982586	6.15689
1.93491e+014	0.982632	6.28576
1.93616e+014	0.982672	6.41462
1.93741e+014	0.982705	6.54347
1.93866e+014	0.982732	6.67232
1.93991e+014	0.982751	6.80115
1.94116e+014	0.982764	6.92997
1.94241e+014	0.98277	7.05878
1.94365e+014	0.982772	7.18757
1.9449e+014	0.98277	7.31635
1.94615e+014	0.982766	7.44511
1.9474e+014	0.982763	7.57385
1.94865e+014	0.982763	7.70257
1.9499e+014	0.982767	7.83127
1.95115e+014	0.982777	7.95996
1.9524e+014	0.982796	8.08864
1.95365e+014	0.982823	8.21731
1.9549e+014	0.982859	8.34596
1.95615e+014	0.982904	8.47461
1.95739e+014	0.982957	8.60326
1.95864e+014	0.983016	8.73191
1.95989e+014	0.983079	8.86055
1.96114e+014	0.983144	8.9892
1.96239e+014	0.983206	9.11785
1.96364e+014	0.983265	9.2465
1.96489e+014	0.983316	9.37515
1.96614e+014	0.983358	9.5038
1.96739e+014	0.983388	9.63245
1.96864e+014	0.983407	9.76108
1.96989e+014	0.983414	9.88971
1.97114e+014	0.983409	10.0183
1.97238e+014	0.983394	10.1469
1.97363e+014	0.983372	10.2755
1.97488e+014	0.983344	10.404
1.97613e+014	0.983314	10.5326
1.97738e+014	0.983285	10.6611
1.97863e+014	0.983261	10.7896
1.97988e+014	0.983242	10.9181
1.98113e+014	0.983231	11.0465
1.98238e+014	0.98323	11.175
1.98363e+014	0.983238	11.3034
1.98488e+014	0.983255	11.4319
1.98613e+014	0.983279	11.5603
1.98737e+014	0.983308	11.6887
1.98862e+014	0.98334	11.8171
1.98987e+014	0.983372	11.9456
1.99112e+014	0.9834	12.074
1.99237e+014	0.983423	12.2024
1.99362e+014	0.983439	12.3308
1.99487e+014	0.983445	12.4592
1.99612e+014	0.983443	12.5876
1.99737e+014	0.983432	12.716
1.99862e+014	0.983415	12.8444
('port 2',TE,1,'port 3',1,'transmission')
(101,3)
1.8737e+014	0.112782	2.34166
1.87495e+014	0.11223	2.5082
1.8762e+014	0.11168	2.67472
1.87745e+014	0.111133	2.84122
1.8787e+014	0.11059	3.00769
1.87995e+014	0.110051	3.17415
1.8812e+014	0.109516	3.34058
1.88245e+014	0.108984	3.507
1.8837e+014	0.108458	3.6734
1.88495e+014	0.107935	3.8398
1.88619e+014	0.107417	4.00618
1.88744e+014	0.106903	4.17256
1.88869e+014	0.106393	4.33893
1.88994e+014	0.105886	4.50531
1.89119e+014	0.105383	4.67168
1.89244e+014	0.104883	4.83805
1.89369e+014	0.104386	5.00442
1.89494e+014	0.103891	5.17079
1.89619e+014	0.103399	5.33716
1.89744e+014	0.102909	5.50352
1.89869e+014	0.102421	5.66988
1.89993e+014	0.101935	5.83623
1.90118e+014	0.101451	6.00257
1.90243e+014	0.10097	6.1689
1.90368e+014	0.10049	6.33522
1.90493e+014	0.100013	6.50153
1.90618e+014	0.0995379	6.66782
1.90743e+014	0.0990651	6.83411
1.90868e+014	0.0985947	7.00038
1.90993e+014	0.0981266	7.16664
1.91118e+014	0.0976609	7.33288
1.91243e+014	0.0971975	7.49912
1.91368e+014	0.0967363	7.66534
1.91492e+014	0.0962774	7.83155
1.91617e+014	0.0958207	7.99775
1.91742e+014	0.0953661	8.16394
1.91867e+014	0.0949136	8.33011
1.91992e+014	0.0944632	8.49627
1.92117e+014	0.0940149	8.66242
1.92242e+014	0.0935687	8.82855
1.92367e+014	0.0931246	8.99466
1.92492e+014	0.0926827	9.16076
1.92617e+014	0.0922431	9.32685
1.92742e+014	0.0918057	9.49291
1.92866e+014	0.0913707	9.65896
1.92991e+014	0.090938	9.825
1.93116e+014	0.0905078	9.99102
1.93241e+014	0.09008	10.157
1.93366e+014	0.0896545	10.323
1.93491e+014	0.0892314	10.489
1.93616e+014	0.0888107	10.6549
1.93741e+014	0.0883923	10.8209
1.93866e+014	0.0879762	10.9868
1.93991e+014	0.0875623	11.1528
1.94116e+014	0.0871506	11.3187
1.94241e+014	0.0867412	11.4845
1.94365e+014	0.0863341	11.6504
1.9449e+014	0.0859292	11.8163
1.94615e+014	0.0855268	11.9821
1.9474e+014	0.0851268	12.148
1.94865e+014	0.0847294	12.3138
1.9499e+014	0.0843346	12.4796
1.95115e+014	0.0839425	12.6454
1.9524e+014	0.083553	12.8112
1.95365e+014	0.0831663	12.9769
1.9549e+014	0.0827822	13.1427
1.95615e+014	0.0824006	13.3085
1.95739e+014	0.0820215	13.4742
1.95864e+014	0.0816447	13.64
1.95989e+014	0.0812699	13.8058
1.96114e+014	0.080897	13.9715
1.96239e+014	0.0805257	14.1373
1.96364e+014	0.0801559	14.3031
1.96489e+014	0.0797874	14.4688
1.96614e+014	0.07942	14.6346
1.96739e+014	0.0790538	14.8003
1.96864e+014	0.0786886	14.9661
1.96989e+014	0.0783246	15.1318
1.97114e+014	0.0779618	15.2975
1.97238e+014	0.0776005	15.4632
1.97363e+014	0.0772409	15.6288
1.97488e+014	0.0768831	15.7944
1.97613e+014	0.0765274	15.9601
1.97738e+014	0.0761741	16.1256
1.97863e+014	0.0758234	16.2912
1.97988e+014	0.0754753	16.4568
1.98113e+014	0.07513	16.6223
1.98238e+014	0.0747876	16.7878
1.98363e+014	0.0744478	16.9533
1.98488e+014	0.0741106	17.1188
1.98613e+014	0.0737757	17.2843
1.98737e+014	0.073443	17.4498
1.98862e+014	0.073112	17.6153
1.98987e+014	0.0727826	17.7808
1.99112e+014	0.0724544	17.9463
1.99237e+014	0.0721272	18.1118
1.99362e+014	0.0718007	18.2773
1.99487e+014	0.0714748	18.4428
1.99612e+014	0.0711495	18.6083
1.99737e+014	0.0708248	18.7737
1.99862e+014	0.0705008	18.9391
('port 3',TE,1,'port 3',1,'transmission')
(101,3)
1.8737e+014	0.0317971	1.71833
1.87495e+014	0.0319757	1.87072
1.8762e+014	0.0317844	2.0208
1.87745e+014	0.03123	2.16891
1.8787e+014	0.0303257	2.31531
1.87995e+014	0.0290899	2.46022
1.8812e+014	0.0275462	2.60383
1.88245e+014	0.0257225	2.74633
1.8837e+014	0.0236504	2.8879
1.88495e+014	0.0213647	3.02875
1.88619e+014	0.018902	3.16916
1.88744e+014	0.016301	3.30955
1.88869e+014	0.0136009	3.45062
1.88994e+014	0.0108413	3.59372
1.89119e+014	0.00806155	3.74193
1.89244e+014	0.00530126	3.90452
1.89369e+014	0.00260692	4.12769
1.89494e+014	0.000470508	5.7901
1.89619e+014	0.00262314	7.1714
1.89744e+014	0.00497578	7.38509
1.89869e+014	0.00717442	7.54199
1.89993e+014	0.00918872	7.68361
1.90118e+014	0.0109997	7.81864
1.90243e+014	0.0125933	7.95004
1.90368e+014	0.0139596	8.07913
1.90493e+014	0.0150921	8.20659
1.90618e+014	0.0159878	8.33287
1.90743e+014	0.0166469	8.45825
1.90868e+014	0.0170724	8.58297
1.90993e+014	0.01727	8.7072
1.91118e+014	0.0172477	8.83113
1.91243e+014	0.0170159	8.95493
1.91368e+014	0.0165869	9.07874
1.91492e+014	0.0159746	9.20273
1.91617e+014	0.0151947	9.32707
1.91742e+014	0.0142643	9.45194
1.91867e+014	0.0132019	9.5775
1.91992e+014	0.0120272	9.70397
1.92117e+014	0.0107609	9.83155
1.92242e+014	0.00942465	9.96048
1.92367e+014	0.00804105	10.091
1.92492e+014	0.00663321	10.2236
1.92617e+014	0.00522468	10.3586
1.92742e+014	0.0038392	10.4968
1.92866e+014	0.00250033	10.64
1.92991e+014	0.0012312	10.795
1.93116e+014	6.16262e-005	11.4464
1.93241e+014	0.00101276	14.177
1.93366e+014	0.00194728	14.3481
1.93491e+014	0.00273573	14.5162
1.93616e+014	0.00336633	14.6908
1.93741e+014	0.00383258	14.876
1.93866e+014	0.00413518	15.0763
1.93991e+014	0.00428497	15.2971
1.94116e+014	0.00430759	15.546
1.94241e+014	0.00425066	15.832
1.94365e+014	0.00419207	16.1635
1.9449e+014	0.00424187	16.5397
1.94615e+014	0.00451989	16.9411
1.9474e+014	0.00510568	17.3327
1.94865e+014	0.00600583	17.6868
1.9499e+014	0.00717276	17.9959
1.95115e+014	0.00854083	18.2659
1.9524e+014	0.010046	18.506
1.95365e+014	0.0116301	18.7245
1.9549e+014	0.0132405	18.9276
1.95615e+014	0.014828	19.1197
1.95739e+014	0.0163462	19.3042
1.95864e+014	0.0177512	19.4831
1.95989e+014	0.0190014	19.6583
1.96114e+014	0.0200585	19.8311
1.96239e+014	0.0208872	20.0027
1.96364e+014	0.0214567	20.174
1.96489e+014	0.0217412	20.346
1.96614e+014	0.0217207	20.5198
1.96739e+014	0.0213819	20.6966
1.96864e+014	0.0207194	20.8779
1.96989e+014	0.0197374	21.0658
1.97114e+014	0.0184516	21.2634
1.97238e+014	0.0168935	21.4754
1.97363e+014	0.0151171	21.7091
1.97488e+014	0.0132138	21.9765
1.97613e+014	0.0113417	22.2969
1.97738e+014	0.00977619	22.6956
1.97863e+014	0.00894364	23.1832
1.97988e+014	0.00925847	23.7091
1.98113e+014	0.0107504	24.1813
1.98238e+014	0.0130787	24.5631
1.98363e+014	0.0158809	24.8712
1.98488e+014	0.018907	25.1306
1.98613e+014	0.0219945	25.3588
1.98737e+014	0.0250294	25.5667
1.98862e+014	0.0279243	25.761
1.98987e+014	0.030608	25.9459
1.99112e+014	0.0330203	26.1242
1.99237e+014	0.0351096	26.2977
1.99362e+014	0.0368327	26.4676
1.99487e+014	0.038154	26.635
1.99612e+014	0.0390457	26.8005
1.99737e+014	0.0394883	26.9648
1.99862e+014	0.0394703	27.1284
('port 4',TE,1,'port 3',1,'transmission')
(101,3)
1.8737e+014	0.00175509	1.09891
1.87495e+014	0.00176301	1.37488
1.8762e+014	0.0017666	1.65192
1.87745e+014	0.00176639	1.93043
1.8787e+014	0.0017631	2.21071
1.87995e+014	0.00175752	2.49301
1.8812e+014	0.00175054	2.77746
1.88245e+014	0.00174305	3.06407
1.8837e+014	0.00173591	3.35278
1.88495e+014	0.00172992	3.64336
1.88619e+014	0.00172572	3.93553
1.88744e+014	0.00172379	4.22889
1.88869e+014	0.00172444	4.52303
1.88994e+014	0.00172776	4.81747
1.89119e+014	0.00173364	5.11182
1.89244e+014	0.00174184	5.40567
1.89369e+014	0.00175193	5.69874
1.89494e+014	0.00176343	5.99082
1.89619e+014	0.00177582	6.28179
1.89744e+014	0.00178854	6.57163
1.89869e+014	0.0018011	6.86039
1.89993e+014	0.00181307	7.14817
1.90118e+014	0.00182411	7.43515
1.90243e+014	0.00183398	7.72148
1.90368e+014	0.00184254	8.00737
1.90493e+014	0.00184975	8.293
1.90618e+014	0.00185568	8.57852
1.90743e+014	0.00186045	8.86406
1.90868e+014	0.00186423	9.14974
1.90993e+014	0.00186724	9.4356
1.91118e+014	0.00186969	9.72166
1.91243e+014	0.00187179	10.0079
1.91368e+014	0.00187369	10.2943
1.91492e+014	0.00187553	10.5807
1.91617e+014	0.00187736	10.8671
1.91742e+014	0.00187918	11.1533
1.91867e+014	0.00188094	11.4393
1.91992e+014	0.00188253	11.7251
1.92117e+014	0.00188378	12.0104
1.92242e+014	0.00188452	12.2954
1.92367e+014	0.00188456	12.58
1.92492e+014	0.00188371	12.8642
1.92617e+014	0.0018818	13.1481
1.92742e+014	0.00187869	13.4317
1.92866e+014	0.0018743	13.7152
1.92991e+014	0.00186859	13.9987
1.93116e+014	0.00186155	14.2822
1.93241e+014	0.00185325	14.5658
1.93366e+014	0.0018438	14.8498
1.93491e+014	0.00183332	15.134
1.93616e+014	0.00182198	15.4186
1.93741e+014	0.00180996	15.7036
1.93866e+014	0.00179743	15.9891
1.93991e+014	0.00178456	16.2749
1.94116e+014	0.00177149	16.5611
1.94241e+014	0.00175833	16.8475
1.94365e+014	0.00174513	17.1342
1.9449e+014	0.00173191	17.421
1.94615e+014	0.00171866	17.7079
1.9474e+014	0.00170532	17.9948
1.94865e+014	0.00169179	18.2817
1.9499e+014	0.00167796	18.5685
1.95115e+014	0.00166371	18.8553
1.9524e+014	0.00164894	19.142
1.95365e+014	0.00163355	19.4288
1.9549e+014	0.00161747	19.7157
1.95615e+014	0.00160067	20.0027
1.95739e+014	0.00158317	20.2901
1.95864e+014	0.00156505	20.578
1.95989e+014	0.00154641	20.8663
1.96114e+014	0.00152742	21.1554
1.96239e+014	0.00150827	21.4451
1.96364e+014	0.00148919	21.7356
1.96489e+014	0.00147041	22.0269
1.96614e+014	0.00145219	22.319
1.96739e+014	0.00143473	22.6117
1.96864e+014	0.00141823	22.905
1.96989e+014	0.00140284	23.1988
1.97114e+014	0.00138864	23.4928
1.97238e+014	0.00137568	23.7868
1.97363e+014	0.00136392	24.0807
1.97488e+014	0.00135326	24.3742
1.97613e+014	0.00134356	24.6672
1.97738e+014	0.00133463	24.9596
1.97863e+014	0.00132627	25.2511
1.97988e+014	0.00131825	25.5419
1.98113e+014	0.00131036	25.8318
1.98238e+014	0.00130238	26.1208
1.98363e+014	0.00129416	26.4091
1.98488e+014	0.00128555	26.6966
1.98613e+014	0.00127645	26.9835
1.98737e+014	0.00126682	27.2698
1.98862e+014	0.00125663	27.5556
1.98987e+014	0.00124591	27.841
1.99112e+014	0.00123468	28.126
1.99237e+014	0.001223	28.4106
1.99362e+014	0.0012109	28.6948
1.99487e+014	0.00119842	28.9786
1.99612e+014	0.00118557	29.2617
1.99737e+014	0.00117233	29.5443
1.99862e+014	0.00115863	29.8261
('port 1',TE,1,'port 4',1,'transmission')
(101,3)
1.8737e+014	0.112032	-0.800216
1.87495e+014	0.111498	-0.633716
1.8762e+014	0.110967	-0.467195
1.87745e+014	0.110439	-0.300653
1.8787e+014	0.109911	-0.134098
1.87995e+014	0.109384	0.0324603
1.8812e+014	0.108856	0.199009
1.88245e+014	0.108329	0.365536
1.8837e+014	0.107802	0.53203
1.88495e+014	0.107277	0.698486
1.88619e+014	0.106756	0.8649
1.88744e+014	0.106238	1.03128
1.88869e+014	0.105726	1.19763
1.88994e+014	0.10522	1.36396
1.89119e+014	0.10472	1.53028
1.89244e+014	0.104225	1.69661
1.89369e+014	0.103735	1.86295
1.89494e+014	0.103247	2.02931
1.89619e+014	0.102762	2.19569
1.89744e+014	0.102278	2.36208
1.89869e+014	0.101793	2.52847
1.89993e+014	0.101309	2.69486
1.90118e+014	0.100825	2.86123
1.90243e+014	0.100341	3.02757
1.90368e+014	0.0998581	3.19389
1.90493e+014	0.0993773	3.36017
1.90618e+014	0.0988992	3.52642
1.90743e+014	0.0984247	3.69263
1.90868e+014	0.0979543	3.85882
1.90993e+014	0.0974884	4.02499
1.91118e+014	0.097027	4.19115
1.91243e+014	0.0965698	4.3573
1.91368e+014	0.0961167	4.52345
1.91492e+014	0.095667	4.68961
1.91617e+014	0.0952202	4.85577
1.91742e+014	0.094776	5.02195
1.91867e+014	0.0943336	5.18813
1.91992e+014	0.0938927	5.35431
1.92117e+014	0.0934528	5.52051
1.92242e+014	0.0930137	5.6867
1.92367e+014	0.092575	5.85289
1.92492e+014	0.0921366	6.01907
1.92617e+014	0.0916984	6.18523
1.92742e+014	0.0912604	6.35138
1.92866e+014	0.0908229	6.5175
1.92991e+014	0.0903863	6.68359
1.93116e+014	0.0899509	6.84964
1.93241e+014	0.0895176	7.01566
1.93366e+014	0.0890869	7.18163
1.93491e+014	0.0886595	7.34758
1.93616e+014	0.0882359	7.51348
1.93741e+014	0.0878167	7.67936
1.93866e+014	0.0874019	7.84523
1.93991e+014	0.0869916	8.01108
1.94116e+014	0.0865856	8.17692
1.94241e+014	0.0861835	8.34277
1.94365e+014	0.0857848	8.50862
1.9449e+014	0.0853891	8.67447
1.94615e+014	0.0849958	8.84033
1.9474e+014	0.0846048	9.0062
1.94865e+014	0.0842156	9.17206
1.9499e+014	0.0838283	9.33793
1.95115e+014	0.0834427	9.50379
1.9524e+014	0.083059	9.66965
1.95365e+014	0.082677	9.83551
1.9549e+014	0.0822965	10.0014
1.95615e+014	0.0819175	10.1672
1.95739e+014	0.0815395	10.3331
1.95864e+014	0.0811623	10.4989
1.95989e+014	0.0807854	10.6647
1.96114e+014	0.0804089	10.8305
1.96239e+014	0.0800326	10.9963
1.96364e+014	0.0796569	11.1621
1.96489e+014	0.0792824	11.3278
1.96614e+014	0.0789098	11.4934
1.96739e+014	0.0785402	11.659
1.96864e+014	0.0781744	11.8246
1.96989e+014	0.0778133	11.9901
1.97114e+014	0.0774575	12.1556
1.97238e+014	0.0771071	12.3211
1.97363e+014	0.0767618	12.4866
1.97488e+014	0.0764209	12.6521
1.97613e+014	0.0760833	12.8177
1.97738e+014	0.0757477	12.9833
1.97863e+014	0.0754126	13.1489
1.97988e+014	0.0750768	13.3146
1.98113e+014	0.0747393	13.4803
1.98238e+014	0.0743995	13.646
1.98363e+014	0.0740573	13.8116
1.98488e+014	0.0737131	13.9773
1.98613e+014	0.0733678	14.1428
1.98737e+014	0.0730223	14.3084
1.98862e+014	0.072678	14.4739
1.98987e+014	0.0723358	14.6393
1.99112e+014	0.0719966	14.8046
1.99237e+014	0.071661	14.97
1.99362e+014	0.0713292	15.1353
1.99487e+014	0.0710012	15.3006
1.99612e+014	0.0706765	15.4659
1.99737e+014	0.0703547	15.6311
1.99862e+014	0.0700354	15.7964
('port 2',TE,1,'port 4',1,'transmission')
(101,3)
1.8737e+014	0.977893	-1.56197
1.87495e+014	0.97799	-1.3582
1.8762e+014	0.978097	-1.15442
1.87745e+014	0.978199	-0.950628
1.8787e+014	0.978288	-0.74683
1.87995e+014	0.978354	-0.543036
1.8812e+014	0.978396	-0.339255
1.88245e+014	0.978414	-0.1355
1.8837e+014	0.978416	0.068219
1.88495e+014	0.978411	0.271897
1.88619e+014	0.978412	0.475531
1.88744e+014	0.978429	0.679126
1.88869e+014	0.978471	0.88269
1.88994e+014	0.978544	1.08623
1.89119e+014	0.978647	1.28977
1.89244e+014	0.978777	1.4933
1.89369e+014	0.978928	1.69685
1.89494e+014	0.979088	1.90041
1.89619e+014	0.979247	2.10399
1.89744e+014	0.979396	2.30759
1.89869e+014	0.979528	2.51119
1.89993e+014	0.979638	2.71479
1.90118e+014	0.979725	2.91837
1.90243e+014	0.979792	3.12195
1.90368e+014	0.979844	3.3255
1.90493e+014	0.979887	3.52902
1.90618e+014	0.979926	3.73252
1.90743e+014	0.979967	3.93599
1.90868e+014	0.980013	4.13944
1.90993e+014	0.980067	4.34288
1.91118e+014	0.980127	4.54631
1.91243e+014	0.980192	4.74973
1.91368e+014	0.980258	4.95314
1.91492e+014	0.980323	5.15655
1.91617e+014	0.980382	5.35995
1.91742e+014	0.980435	5.56335
1.91867e+014	0.980478	5.76673
1.91992e+014	0.98051	5.97011
1.92117e+014	0.980532	6.17348
1.92242e+014	0.980543	6.37682
1.92367e+014	0.980544	6.58016
1.92492e+014	0.980533	6.78347
1.92617e+014	0.980513	6.98677
1.92742e+014	0.980483	7.19004
1.92866e+014	0.980445	7.39328
1.92991e+014	0.980401	7.5965
1.93116e+014	0.980353	7.7997
1.93241e+014	0.980304	8.00286
1.93366e+014	0.980258	8.206
1.93491e+014	0.980217	8.40911
1.93616e+014	0.980184	8.61219
1.93741e+014	0.98016	8.81525
1.93866e+014	0.980146	9.01829
1.93991e+014	0.980141	9.22132
1.94116e+014	0.980142	9.42433
1.94241e+014	0.980148	9.62733
1.94365e+014	0.980157	9.83031
1.9449e+014	0.980167	10.0333
1.94615e+014	0.980179	10.2362
1.9474e+014	0.980196	10.4391
1.94865e+014	0.980219	10.642
1.9499e+014	0.980255	10.8449
1.95115e+014	0.980308	11.0478
1.9524e+014	0.980381	11.2506
1.95365e+014	0.980476	11.4534
1.9549e+014	0.980591	11.6563
1.95615e+014	0.980723	11.8591
1.95739e+014	0.980865	12.062
1.95864e+014	0.981006	12.2648
1.95989e+014	0.981137	12.4677
1.96114e+014	0.981248	12.6706
1.96239e+014	0.981331	12.8735
1.96364e+014	0.981383	13.0764
1.96489e+014	0.981401	13.2793
1.96614e+014	0.981392	13.4821
1.96739e+014	0.981363	13.6849
1.96864e+014	0.981325	13.8877
1.96989e+014	0.981289	14.0904
1.97114e+014	0.981266	14.2931
1.97238e+014	0.981263	14.4957
1.97363e+014	0.981285	14.6984
1.97488e+014	0.981331	14.901
1.97613e+014	0.981397	15.1036
1.97738e+014	0.981476	15.3062
1.97863e+014	0.981557	15.5088
1.97988e+014	0.981631	15.7114
1.98113e+014	0.981692	15.9141
1.98238e+014	0.981734	16.1167
1.98363e+014	0.981757	16.3193
1.98488e+014	0.981765	16.5219
1.98613e+014	0.981764	16.7244
1.98737e+014	0.98176	16.927
1.98862e+014	0.981762	17.1295
1.98987e+014	0.981775	17.3319
1.99112e+014	0.981801	17.5344
1.99237e+014	0.981838	17.7369
1.99362e+014	0.98188	17.9393
1.99487e+014	0.981921	18.1418
1.99612e+014	0.981949	18.3443
1.99737e+014	0.981957	18.5467
1.99862e+014	0.981937	18.7492
('port 3',TE,1,'port 4',1,'transmission')
(101,3)
1.8737e+014	0.00332506	1.91645
1.87495e+014	0.00320266	2.24829
1.8762e+014	0.00307897	2.58008
1.87745e+014	0.00295433	2.9116
1.8787e+014	0.00282892	3.24262
1.87995e+014	0.00270274	3.57293
1.8812e+014	0.00257569	3.90234
1.88245e+014	0.00244767	4.2307
1.8837e+014	0.00231856	4.5579
1.88495e+014	0.00218832	4.88388
1.88619e+014	0.00205698	5.20862
1.88744e+014	0.00192465	5.53215
1.88869e+014	0.00179156	5.85451
1.88994e+014	0.00165799	6.17575
1.89119e+014	0.0015243	6.49593
1.89244e+014	0.00139085	6.81507
1.89369e+014	0.00125803	7.13314
1.89494e+014	0.00112622	7.45003
1.89619e+014	0.000995742	7.76552
1.89744e+014	0.000866869	8.07915
1.89869e+014	0.000739805	8.39017
1.89993e+014	0.000614688	8.69721
1.90118e+014	0.00049161	8.99754
1.90243e+014	0.000370672	9.28512
1.90368e+014	0.00025218	9.54294
1.90493e+014	0.000137758	9.69883
1.90618e+014	4.89882e-005	9.05374
1.90743e+014	0.000113485	7.97254
1.90868e+014	0.000222676	8.07182
1.90993e+014	0.000334381	8.31422
1.91118e+014	0.000446018	8.59223
1.91243e+014	0.000557095	8.88386
1.91368e+014	0.000667441	9.18188
1.91492e+014	0.000776946	9.48327
1.91617e+014	0.000885514	9.7866
1.91742e+014	0.000993043	10.0911
1.91867e+014	0.00109943	10.3964
1.91992e+014	0.00120456	10.7023
1.92117e+014	0.00130833	11.0087
1.92242e+014	0.00141064	11.3155
1.92367e+014	0.00151138	11.6227
1.92492e+014	0.00161043	11.9304
1.92617e+014	0.00170768	12.2385
1.92742e+014	0.00180298	12.5471
1.92866e+014	0.00189617	12.8562
1.92991e+014	0.00198708	13.1657
1.93116e+014	0.00207548	13.4758
1.93241e+014	0.00216113	13.7864
1.93366e+014	0.00224378	14.0976
1.93491e+014	0.00232314	14.4094
1.93616e+014	0.00239891	14.7219
1.93741e+014	0.00247081	15.035
1.93866e+014	0.00253857	15.349
1.93991e+014	0.00260194	15.6637
1.94116e+014	0.00266072	15.9793
1.94241e+014	0.00271475	16.2959
1.94365e+014	0.00276395	16.6134
1.9449e+014	0.00280827	16.9318
1.94615e+014	0.00284775	17.2513
1.9474e+014	0.00288245	17.5717
1.94865e+014	0.00291247	17.8931
1.9499e+014	0.00293791	18.2153
1.95115e+014	0.00295887	18.5383
1.9524e+014	0.00297538	18.8621
1.95365e+014	0.00298745	19.1865
1.9549e+014	0.00299499	19.5114
1.95615e+014	0.00299785	19.8369
1.95739e+014	0.0029958	20.1627
1.95864e+014	0.00298857	20.4888
1.95989e+014	0.00297587	20.8153
1.96114e+014	0.00295741	21.142
1.96239e+014	0.00293296	21.4691
1.96364e+014	0.0029024	21.7965
1.96489e+014	0.0028657	22.1244
1.96614e+014	0.00282299	22.4527
1.96739e+014	0.00277457	22.7818
1.96864e+014	0.00272086	23.1115
1.96989e+014	0.00266244	23.4421
1.97114e+014	0.00259999	23.7735
1.97238e+014	0.00253422	24.1058
1.97363e+014	0.00246588	24.4388
1.97488e+014	0.00239565	24.7726
1.97613e+014	0.00232407	25.1067
1.97738e+014	0.00225155	25.441
1.97863e+014	0.00217828	25.7749
1.97988e+014	0.00210423	26.1082
1.98113e+014	0.00202915	26.4402
1.98238e+014	0.00195259	26.7704
1.98363e+014	0.00187398	27.0983
1.98488e+014	0.00179264	27.4235
1.98613e+014	0.00170789	27.7456
1.98737e+014	0.00161914	28.064
1.98862e+014	0.00152592	28.3786
1.98987e+014	0.00142797	28.689
1.99112e+014	0.00132529	28.9948
1.99237e+014	0.00121816	29.2956
1.99362e+014	0.00110717	29.5908
1.99487e+014	0.0009932	29.8792
1.99612e+014	0.000877479	30.1595
1.99737e+014	0.000761547	30.4289
1.99862e+014	0.000647325	30.6832
('port 4',TE,1,'port 4',1,'transmission')
(101,3)
1.8737e+014	0.000984224	-0.639931
1.87495e+014	0.00158585	-0.0709482
1.8762e+014	0.00224931	0.294493
1.87745e+014	0.00289243	0.58814
1.8787e+014	0.00347726	0.84986
1.87995e+014	0.00397854	1.0946
1.8812e+014	0.00437765	1.32905
1.88245e+014	0.00466132	1.55661
1.8837e+014	0.00482134	1.77917
1.88495e+014	0.00485448	1.99781
1.88619e+014	0.00476235	2.21315
1.88744e+014	0.00455113	2.42551
1.88869e+014	0.00423117	2.63496
1.88994e+014	0.00381642	2.8413
1.89119e+014	0.00332386	3.0439
1.89244e+014	0.00277273	3.24143
1.89369e+014	0.00218391	3.43086
1.89494e+014	0.00157934	3.6046
1.89619e+014	0.000982482	3.73756
1.89744e+014	0.000427883	3.68184
1.89869e+014	0.000240911	2.08352
1.89993e+014	0.000657471	1.68716
1.90118e+014	0.0010532	1.77948
1.90243e+014	0.00137309	1.93882
1.90368e+014	0.00160609	2.1191
1.90493e+014	0.00174805	2.30865
1.90618e+014	0.00179914	2.50333
1.90743e+014	0.00176325	2.70147
1.90868e+014	0.00164755	2.90257
1.90993e+014	0.00146218	3.10692
1.91118e+014	0.00121975	3.31584
1.91243e+014	0.000934869	3.53284
1.91368e+014	0.000623822	3.76879
1.91492e+014	0.000305096	4.07885
1.91617e+014	6.48691e-005	5.90538
1.91742e+014	0.000314342	7.22565
1.91867e+014	0.000563833	7.52605
1.91992e+014	0.00076199	7.77066
1.92117e+014	0.000895502	8.00535
1.92242e+014	0.000954857	8.24294
1.92367e+014	0.000934168	8.49341
1.92492e+014	0.000832341	8.77353
1.92617e+014	0.000657103	9.12631
1.92742e+014	0.000445342	9.70085
1.92866e+014	0.000372513	10.8259
1.92991e+014	0.000646436	11.7436
1.93116e+014	0.00109273	12.2068
1.93241e+014	0.00160997	12.5253
1.93366e+014	0.00216267	12.7918
1.93491e+014	0.00272676	13.0348
1.93616e+014	0.00328046	13.2657
1.93741e+014	0.00380274	13.4897
1.93866e+014	0.00427339	13.7097
1.93991e+014	0.00467354	13.9272
1.94116e+014	0.00498624	14.1434
1.94241e+014	0.00519714	14.3589
1.94365e+014	0.00529505	14.5742
1.9449e+014	0.00527248	14.79
1.94615e+014	0.00512597	15.0066
1.9474e+014	0.0048564	15.2245
1.94865e+014	0.00446902	15.4446
1.9499e+014	0.00397339	15.6679
1.95115e+014	0.00338321	15.8965
1.9524e+014	0.00271606	16.1346
1.95365e+014	0.0019935	16.3929
1.9549e+014	0.00124358	16.7077
1.95615e+014	0.000530497	17.3122
1.95739e+014	0.000471128	19.2726
1.95864e+014	0.00112445	19.9496
1.95989e+014	0.00178178	20.2761
1.96114e+014	0.00237124	20.5407
1.96239e+014	0.00286848	20.7846
1.96364e+014	0.00325774	21.0194
1.96489e+014	0.00352861	21.2499
1.96614e+014	0.00367571	21.478
1.96739e+014	0.00369858	21.7049
1.96864e+014	0.00360166	21.9315
1.96989e+014	0.00339396	22.1582
1.97114e+014	0.00308868	22.3854
1.97238e+014	0.00270257	22.6134
1.97363e+014	0.00225523	22.8426
1.97488e+014	0.0017682	23.0733
1.97613e+014	0.00126409	23.3055
1.97738e+014	0.00076555	23.5386
1.97863e+014	0.000294309	23.7648
1.97988e+014	0.000130239	20.9441
1.98113e+014	0.000490582	21.1575
1.98238e+014	0.000774254	21.4134
1.98363e+014	0.000972967	21.6853
1.98488e+014	0.00108436	21.9771
1.98613e+014	0.00111339	22.2982
1.98737e+014	0.00107509	22.6647
1.98862e+014	0.000999706	23.1015
1.98987e+014	0.000939874	23.632
1.99112e+014	0.000965134	24.2344
1.99237e+014	0.00111757	24.8162
1.99362e+014	0.00137704	25.309
1.99487e+014	0.00169447	25.7167
1.99612e+014	0.00202569	26.0662
1.99737e+014	0.00233697	26.3793
1.99862e+014	0.00260235	26.6696
