('port 1',TE,1,'port 1',1,'transmission')
(101,3)
1.8737e+014	0.00807838	2.51843
1.87495e+014	0.008285	2.76391
1.8762e+014	0.00825051	3.02368
1.87745e+014	0.00803529	3.30525
1.8787e+014	0.0077283	3.61646
1.87995e+014	0.00745083	3.96314
1.8812e+014	0.00734861	4.34348
1.88245e+014	0.00755725	4.74189
1.8837e+014	0.00814772	5.13233
1.88495e+014	0.00909856	5.49264
1.88619e+014	0.0103225	5.81446
1.88744e+014	0.0117115	6.10038
1.88869e+014	0.0131639	6.35721
1.88994e+014	0.0145923	6.59181
1.89119e+014	0.0159233	6.80981
1.89244e+014	0.0170952	7.01546
1.89369e+014	0.0180564	7.21192
1.89494e+014	0.0187641	7.40158
1.89619e+014	0.019184	7.58629
1.89744e+014	0.0192897	7.76756
1.89869e+014	0.019063	7.94673
1.89993e+014	0.018494	8.12511
1.90118e+014	0.0175809	8.30417
1.90243e+014	0.0163304	8.48577
1.90368e+014	0.0147584	8.67267
1.90493e+014	0.0128911	8.86944
1.90618e+014	0.010769	9.08478
1.90743e+014	0.00845835	9.33775
1.90868e+014	0.0060938	9.67797
1.90993e+014	0.00406832	10.2503
1.91118e+014	0.00358961	11.2088
1.91243e+014	0.00531687	11.9662
1.91368e+014	0.00798083	12.3813
1.91492e+014	0.0109041	12.6604
1.91617e+014	0.0138687	12.8841
1.91742e+014	0.0167705	13.0811
1.91867e+014	0.0195386	13.2634
1.91992e+014	0.0221155	13.437
1.92117e+014	0.0244514	13.6049
1.92242e+014	0.0265022	13.7691
1.92367e+014	0.0282292	13.9309
1.92492e+014	0.0295989	14.0911
1.92617e+014	0.0305835	14.2503
1.92742e+014	0.0311613	14.4091
1.92866e+014	0.031317	14.568
1.92991e+014	0.0310421	14.7272
1.93116e+014	0.0303352	14.8871
1.93241e+014	0.0292024	15.0483
1.93366e+014	0.0276576	15.2113
1.93491e+014	0.0257224	15.3767
1.93616e+014	0.0234263	15.5455
1.93741e+014	0.0208069	15.7193
1.93866e+014	0.0179101	15.9007
1.93991e+014	0.0147915	16.0947
1.94116e+014	0.011521	16.3119
1.94241e+014	0.00819956	16.5804
1.94365e+014	0.00504533	16.9953
1.9449e+014	0.0029792	17.921
1.94615e+014	0.00414294	19.0586
1.9474e+014	0.00694385	19.572
1.94865e+014	0.00991603	19.8726
1.9499e+014	0.0127469	20.107
1.95115e+014	0.0153221	20.3144
1.9524e+014	0.0175739	20.5087
1.95365e+014	0.0194541	20.6962
1.9549e+014	0.0209273	20.8801
1.95615e+014	0.0219699	21.0624
1.95739e+014	0.0225692	21.2442
1.95864e+014	0.0227234	21.4266
1.95989e+014	0.0224416	21.6104
1.96114e+014	0.0217437	21.7964
1.96239e+014	0.0206595	21.9857
1.96364e+014	0.0192287	22.1796
1.96489e+014	0.0175	22.3797
1.96614e+014	0.0155305	22.5887
1.96739e+014	0.013386	22.8108
1.96864e+014	0.011142	23.0531
1.96989e+014	0.00888881	23.3292
1.97114e+014	0.00674761	23.666
1.97238e+014	0.00491673	24.1197
1.97363e+014	0.00376904	24.7685
1.97488e+014	0.00372357	25.5294
1.97613e+014	0.00454545	26.1408
1.97738e+014	0.0056333	26.5826
1.97863e+014	0.00665189	26.9359
1.97988e+014	0.00746774	27.2507
1.98113e+014	0.00803629	27.553
1.98238e+014	0.00836249	27.8585
1.98363e+014	0.0084917	28.1788
1.98488e+014	0.00851064	28.5228
1.98613e+014	0.00854789	28.8953
1.98737e+014	0.00876065	29.293
1.98862e+014	0.00929508	29.701
1.98987e+014	0.010232	30.0984
1.99112e+014	0.0115607	30.4684
1.99237e+014	0.0132001	30.8052
1.99362e+014	0.0150376	31.1108
1.99487e+014	0.0169567	31.3911
1.99612e+014	0.0188476	31.6518
1.99737e+014	0.0206112	31.898
1.99862e+014	0.0221591	32.1337
('port 2',TE,1,'port 1',1,'transmission')
(101,3)
1.8737e+014	0.00287469	2.70247
1.87495e+014	0.0030277	3.16332
1.8762e+014	0.00320501	3.61218
1.87745e+014	0.0033996	4.04944
1.8787e+014	0.00360507	4.47611
1.87995e+014	0.00381579	4.8934
1.8812e+014	0.00402679	5.30253
1.88245e+014	0.00423372	5.70463
1.8837e+014	0.00443267	6.10071
1.88495e+014	0.00462014	6.49165
1.88619e+014	0.00479295	6.87822
1.88744e+014	0.00494832	7.26113
1.88869e+014	0.00508383	7.64099
1.88994e+014	0.00519753	8.01838
1.89119e+014	0.00528793	8.3938
1.89244e+014	0.00535409	8.76774
1.89369e+014	0.00539564	9.14065
1.89494e+014	0.00541276	9.51292
1.89619e+014	0.00540619	9.88491
1.89744e+014	0.00537716	10.2569
1.89869e+014	0.00532731	10.6292
1.89993e+014	0.00525863	11.002
1.90118e+014	0.0051733	11.3753
1.90243e+014	0.00507358	11.7493
1.90368e+014	0.0049617	12.1239
1.90493e+014	0.00483973	12.4991
1.90618e+014	0.0047095	12.8745
1.90743e+014	0.00457254	13.2501
1.90868e+014	0.00443001	13.6254
1.90993e+014	0.00428272	14
1.91118e+014	0.00413115	14.3737
1.91243e+014	0.00397548	14.7458
1.91368e+014	0.0038157	15.116
1.91492e+014	0.00365167	15.4835
1.91617e+014	0.00348317	15.8479
1.91742e+014	0.00331006	16.2085
1.91867e+014	0.00313227	16.5644
1.91992e+014	0.00294999	16.9146
1.92117e+014	0.00276368	17.258
1.92242e+014	0.00257424	17.593
1.92367e+014	0.00238313	17.9176
1.92492e+014	0.00219266	18.2293
1.92617e+014	0.00200623	18.5248
1.92742e+014	0.00182882	18.7999
1.92866e+014	0.00166749	19.0501
1.92991e+014	0.00153177	19.2714
1.93116e+014	0.00143336	19.4628
1.93241e+014	0.00138414	19.6301
1.93366e+014	0.00139227	19.7874
1.93491e+014	0.00145844	19.9527
1.93616e+014	0.00157558	20.1399
1.93741e+014	0.00173227	20.3549
1.93866e+014	0.00191657	20.5967
1.93991e+014	0.00211809	20.8616
1.94116e+014	0.00232847	21.145
1.94241e+014	0.00254116	21.4432
1.94365e+014	0.00275107	21.7532
1.9449e+014	0.00295421	22.0725
1.94615e+014	0.00314746	22.3995
1.9474e+014	0.00332843	22.733
1.94865e+014	0.00349535	23.072
1.9499e+014	0.00364696	23.4158
1.95115e+014	0.00378247	23.764
1.9524e+014	0.00390151	24.1163
1.95365e+014	0.00400404	24.4722
1.9549e+014	0.00409034	24.8316
1.95615e+014	0.00416097	25.1944
1.95739e+014	0.00421672	25.5604
1.95864e+014	0.00425857	25.9295
1.95989e+014	0.00428773	26.3018
1.96114e+014	0.00430559	26.6771
1.96239e+014	0.00431376	27.0554
1.96364e+014	0.00431403	27.4367
1.96489e+014	0.0043084	27.821
1.96614e+014	0.00429903	28.2081
1.96739e+014	0.0042882	28.5979
1.96864e+014	0.00427822	28.99
1.96989e+014	0.00427131	29.3842
1.97114e+014	0.00426946	29.7799
1.97238e+014	0.00427423	30.1764
1.97363e+014	0.00428663	30.5731
1.97488e+014	0.00430698	30.9692
1.97613e+014	0.00433482	31.3638
1.97738e+014	0.0043689	31.7563
1.97863e+014	0.00440731	32.1459
1.97988e+014	0.00444756	32.5323
1.98113e+014	0.00448679	32.915
1.98238e+014	0.00452201	33.2938
1.98363e+014	0.00455024	33.6689
1.98488e+014	0.00456878	34.0401
1.98613e+014	0.00457531	34.4077
1.98737e+014	0.00456802	34.7719
1.98862e+014	0.0045457	35.1329
1.98987e+014	0.00450771	35.4909
1.99112e+014	0.00445405	35.8463
1.99237e+014	0.00438524	36.1991
1.99362e+014	0.0043023	36.5495
1.99487e+014	0.00420665	36.8975
1.99612e+014	0.00409997	37.2429
1.99737e+014	0.00398419	37.5857
1.99862e+014	0.00386128	37.9256
('port 3',TE,1,'port 1',1,'transmission')
(101,3)
1.8737e+014	0.957368	0.0182113
1.87495e+014	0.957567	0.1689
1.8762e+014	0.957758	0.319568
1.87745e+014	0.957944	0.470215
1.8787e+014	0.958129	0.620842
1.87995e+014	0.958314	0.771449
1.8812e+014	0.958504	0.922039
1.88245e+014	0.958697	1.07261
1.8837e+014	0.958897	1.22317
1.88495e+014	0.959102	1.37373
1.88619e+014	0.959313	1.52427
1.88744e+014	0.959528	1.6748
1.88869e+014	0.959746	1.82533
1.88994e+014	0.959966	1.97585
1.89119e+014	0.960187	2.12637
1.89244e+014	0.960407	2.27689
1.89369e+014	0.960625	2.42739
1.89494e+014	0.960841	2.5779
1.89619e+014	0.961054	2.72839
1.89744e+014	0.961263	2.87888
1.89869e+014	0.961469	3.02937
1.89993e+014	0.961671	3.17984
1.90118e+014	0.961869	3.33031
1.90243e+014	0.962064	3.48076
1.90368e+014	0.962256	3.63121
1.90493e+014	0.962445	3.78165
1.90618e+014	0.96263	3.93208
1.90743e+014	0.962812	4.0825
1.90868e+014	0.962991	4.23291
1.90993e+014	0.963166	4.38331
1.91118e+014	0.963337	4.5337
1.91243e+014	0.963503	4.68408
1.91368e+014	0.963665	4.83445
1.91492e+014	0.963822	4.98481
1.91617e+014	0.963975	5.13516
1.91742e+014	0.964124	5.28549
1.91867e+014	0.96427	5.43581
1.91992e+014	0.964412	5.58612
1.92117e+014	0.964554	5.73641
1.92242e+014	0.964694	5.88669
1.92367e+014	0.964835	6.03695
1.92492e+014	0.964978	6.1872
1.92617e+014	0.965123	6.33743
1.92742e+014	0.965271	6.48765
1.92866e+014	0.965423	6.63786
1.92991e+014	0.965579	6.78805
1.93116e+014	0.96574	6.93824
1.93241e+014	0.965904	7.08842
1.93366e+014	0.966073	7.23859
1.93491e+014	0.966245	7.38875
1.93616e+014	0.966421	7.53891
1.93741e+014	0.966599	7.68906
1.93866e+014	0.966779	7.8392
1.93991e+014	0.96696	7.98934
1.94116e+014	0.967141	8.13948
1.94241e+014	0.967322	8.28962
1.94365e+014	0.967502	8.43975
1.9449e+014	0.967678	8.58987
1.94615e+014	0.96785	8.74
1.9474e+014	0.968016	8.89012
1.94865e+014	0.968175	9.04024
1.9499e+014	0.968325	9.19035
1.95115e+014	0.968465	9.34045
1.9524e+014	0.968594	9.49055
1.95365e+014	0.968712	9.64063
1.9549e+014	0.968819	9.7907
1.95615e+014	0.968916	9.94075
1.95739e+014	0.969006	10.0908
1.95864e+014	0.969091	10.2408
1.95989e+014	0.969173	10.3908
1.96114e+014	0.969258	10.5407
1.96239e+014	0.969348	10.6907
1.96364e+014	0.969448	10.8406
1.96489e+014	0.96956	10.9905
1.96614e+014	0.969687	11.1404
1.96739e+014	0.96983	11.2902
1.96864e+014	0.969989	11.4401
1.96989e+014	0.970161	11.59
1.97114e+014	0.970345	11.7399
1.97238e+014	0.970535	11.8898
1.97363e+014	0.970725	12.0396
1.97488e+014	0.970911	12.1896
1.97613e+014	0.971086	12.3395
1.97738e+014	0.971245	12.4894
1.97863e+014	0.971382	12.6393
1.97988e+014	0.971497	12.7893
1.98113e+014	0.971587	12.9392
1.98238e+014	0.971654	13.0891
1.98363e+014	0.9717	13.2389
1.98488e+014	0.971731	13.3888
1.98613e+014	0.971752	13.5386
1.98737e+014	0.971771	13.6884
1.98862e+014	0.971795	13.8381
1.98987e+014	0.97183	13.9878
1.99112e+014	0.971881	14.1375
1.99237e+014	0.971952	14.2872
1.99362e+014	0.972044	14.4368
1.99487e+014	0.972157	14.5865
1.99612e+014	0.972287	14.7361
1.99737e+014	0.97243	14.8858
1.99862e+014	0.97258	15.0354
('port 4',TE,1,'port 1',1,'transmission')
(101,3)
1.8737e+014	0.238982	-1.68886
1.87495e+014	0.238038	-1.49463
1.8762e+014	0.237098	-1.30042
1.87745e+014	0.236163	-1.10623
1.8787e+014	0.235232	-0.912059
1.87995e+014	0.234306	-0.717906
1.8812e+014	0.233385	-0.523769
1.88245e+014	0.23247	-0.329648
1.8837e+014	0.231561	-0.13554
1.88495e+014	0.230656	0.0585565
1.88619e+014	0.229757	0.252642
1.88744e+014	0.228862	0.446717
1.88869e+014	0.227971	0.640782
1.88994e+014	0.227085	0.834836
1.89119e+014	0.226202	1.02888
1.89244e+014	0.225324	1.22291
1.89369e+014	0.224448	1.41693
1.89494e+014	0.223577	1.61094
1.89619e+014	0.222709	1.80493
1.89744e+014	0.221845	1.99891
1.89869e+014	0.220985	2.19287
1.89993e+014	0.220128	2.38682
1.90118e+014	0.219276	2.58075
1.90243e+014	0.218428	2.77467
1.90368e+014	0.217584	2.96858
1.90493e+014	0.216744	3.16248
1.90618e+014	0.215908	3.35636
1.90743e+014	0.215075	3.55024
1.90868e+014	0.214246	3.7441
1.90993e+014	0.213421	3.93795
1.91118e+014	0.212598	4.13179
1.91243e+014	0.211779	4.32562
1.91368e+014	0.210962	4.51944
1.91492e+014	0.210148	4.71324
1.91617e+014	0.209337	4.90703
1.91742e+014	0.208528	5.10081
1.91867e+014	0.207722	5.29456
1.91992e+014	0.206919	5.4883
1.92117e+014	0.20612	5.68202
1.92242e+014	0.205324	5.87572
1.92367e+014	0.204532	6.0694
1.92492e+014	0.203744	6.26307
1.92617e+014	0.20296	6.45671
1.92742e+014	0.202181	6.65034
1.92866e+014	0.201406	6.84395
1.92991e+014	0.200636	7.03755
1.93116e+014	0.19987	7.23114
1.93241e+014	0.199109	7.42471
1.93366e+014	0.198352	7.61827
1.93491e+014	0.197599	7.81182
1.93616e+014	0.196851	8.00536
1.93741e+014	0.196106	8.19889
1.93866e+014	0.195365	8.39241
1.93991e+014	0.194627	8.58592
1.94116e+014	0.193893	8.77942
1.94241e+014	0.193162	8.97292
1.94365e+014	0.192434	9.1664
1.9449e+014	0.191709	9.35988
1.94615e+014	0.190987	9.55335
1.9474e+014	0.190267	9.74681
1.94865e+014	0.189549	9.94026
1.9499e+014	0.188833	10.1337
1.95115e+014	0.188119	10.3271
1.9524e+014	0.187406	10.5205
1.95365e+014	0.186695	10.7139
1.9549e+014	0.185985	10.9073
1.95615e+014	0.185277	11.1007
1.95739e+014	0.18457	11.294
1.95864e+014	0.183865	11.4874
1.95989e+014	0.183163	11.6807
1.96114e+014	0.182464	11.8739
1.96239e+014	0.181768	12.0672
1.96364e+014	0.181076	12.2604
1.96489e+014	0.180389	12.4536
1.96614e+014	0.179708	12.6468
1.96739e+014	0.179031	12.84
1.96864e+014	0.17836	13.0331
1.96989e+014	0.177694	13.2263
1.97114e+014	0.177033	13.4194
1.97238e+014	0.176376	13.6126
1.97363e+014	0.175723	13.8057
1.97488e+014	0.175072	13.9988
1.97613e+014	0.174423	14.192
1.97738e+014	0.173776	14.3851
1.97863e+014	0.17313	14.5783
1.97988e+014	0.172484	14.7714
1.98113e+014	0.171838	14.9645
1.98238e+014	0.171193	15.1576
1.98363e+014	0.170548	15.3507
1.98488e+014	0.169906	15.5437
1.98613e+014	0.169266	15.7367
1.98737e+014	0.168629	15.9297
1.98862e+014	0.167996	16.1227
1.98987e+014	0.167368	16.3156
1.99112e+014	0.166745	16.5086
1.99237e+014	0.166128	16.7015
1.99362e+014	0.165517	16.8944
1.99487e+014	0.16491	17.0873
1.99612e+014	0.164307	17.2802
1.99737e+014	0.163708	17.4731
1.99862e+014	0.163112	17.666
('port 1',TE,1,'port 2',1,'transmission')
(101,3)
1.8737e+014	0.00344994	3.02607
1.87495e+014	0.00358009	3.47826
1.8762e+014	0.00373161	3.91922
1.87745e+014	0.00389629	4.34879
1.8787e+014	0.00406603	4.76747
1.87995e+014	0.00423338	5.17621
1.8812e+014	0.00439186	5.57617
1.88245e+014	0.00453612	5.96852
1.8837e+014	0.00466195	6.35442
1.88495e+014	0.00476632	6.73492
1.88619e+014	0.0048473	7.11095
1.88744e+014	0.00490396	7.48332
1.88869e+014	0.00493628	7.85271
1.88994e+014	0.00494499	8.21971
1.89119e+014	0.0049315	8.5848
1.89244e+014	0.00489767	8.94837
1.89369e+014	0.00484569	9.31073
1.89494e+014	0.00477796	9.67211
1.89619e+014	0.00469689	10.0327
1.89744e+014	0.00460485	10.3926
1.89869e+014	0.00450405	10.752
1.89993e+014	0.00439652	11.1108
1.90118e+014	0.00428405	11.469
1.90243e+014	0.00416821	11.8267
1.90368e+014	0.00405033	12.1837
1.90493e+014	0.00393156	12.54
1.90618e+014	0.00381285	12.8956
1.90743e+014	0.003695	13.2503
1.90868e+014	0.00357865	13.604
1.90993e+014	0.00346428	13.9565
1.91118e+014	0.00335225	14.3076
1.91243e+014	0.00324276	14.6571
1.91368e+014	0.00313585	15.0047
1.91492e+014	0.00303146	15.35
1.91617e+014	0.00292938	15.6926
1.91742e+014	0.00282931	16.032
1.91867e+014	0.0027309	16.3676
1.91992e+014	0.00263381	16.6987
1.92117e+014	0.00253781	17.0246
1.92242e+014	0.00244283	17.3446
1.92367e+014	0.00234908	17.6577
1.92492e+014	0.0022572	17.963
1.92617e+014	0.00216832	18.2594
1.92742e+014	0.00208424	18.546
1.92866e+014	0.00200743	18.822
1.92991e+014	0.00194108	19.087
1.93116e+014	0.00188895	19.3411
1.93241e+014	0.00185512	19.5854
1.93366e+014	0.00184346	19.8224
1.93491e+014	0.00185706	20.0555
1.93616e+014	0.0018976	20.2887
1.93741e+014	0.00196509	20.5263
1.93866e+014	0.00205784	20.7716
1.93991e+014	0.00217286	21.027
1.94116e+014	0.0023063	21.2934
1.94241e+014	0.00245398	21.5711
1.94365e+014	0.00261165	21.8595
1.9449e+014	0.00277528	22.1579
1.94615e+014	0.00294112	22.4654
1.9474e+014	0.00310576	22.7811
1.94865e+014	0.00326616	23.104
1.9499e+014	0.00341964	23.4337
1.95115e+014	0.0035639	23.7694
1.9524e+014	0.00369705	24.1108
1.95365e+014	0.0038176	24.4576
1.9549e+014	0.0039245	24.8094
1.95615e+014	0.00401722	25.1662
1.95739e+014	0.00409571	25.5278
1.95864e+014	0.00416046	25.8942
1.95989e+014	0.00421248	26.2653
1.96114e+014	0.00425329	26.6411
1.96239e+014	0.00428484	27.0213
1.96364e+014	0.0043094	27.4058
1.96489e+014	0.00432942	27.7944
1.96614e+014	0.00434736	28.1866
1.96739e+014	0.00436551	28.5819
1.96864e+014	0.0043858	28.9799
1.96989e+014	0.00440964	29.3797
1.97114e+014	0.00443783	29.7808
1.97238e+014	0.00447047	30.1822
1.97363e+014	0.00450701	30.5834
1.97488e+014	0.00454631	30.9836
1.97613e+014	0.00458678	31.3823
1.97738e+014	0.00462645	31.779
1.97863e+014	0.00466321	32.1735
1.97988e+014	0.00469486	32.5653
1.98113e+014	0.00471923	32.9544
1.98238e+014	0.00473428	33.3406
1.98363e+014	0.0047381	33.7239
1.98488e+014	0.00472898	34.1042
1.98613e+014	0.00470541	34.4815
1.98737e+014	0.00466611	34.8556
1.98862e+014	0.00461007	35.2265
1.98987e+014	0.00453657	35.594
1.99112e+014	0.00444524	35.9579
1.99237e+014	0.00433605	36.318
1.99362e+014	0.00420942	36.674
1.99487e+014	0.00406619	37.0255
1.99612e+014	0.00390771	37.3719
1.99737e+014	0.00373581	37.7127
1.99862e+014	0.00355293	38.0472
('port 2',TE,1,'port 2',1,'transmission')
(101,3)
1.8737e+014	0.00101159	1.72398
1.87495e+014	0.00137547	1.96864
1.8762e+014	0.00163945	2.21125
1.87745e+014	0.0017918	2.4524
1.8787e+014	0.00182767	2.69217
1.87995e+014	0.00174913	2.9304
1.8812e+014	0.00156474	3.16664
1.88245e+014	0.00128881	3.39984
1.8837e+014	0.000940422	3.62713
1.88495e+014	0.000542247	3.83656
1.88619e+014	0.000121966	3.84911
1.88744e+014	0.000309427	1.34017
1.88869e+014	0.000708794	1.51054
1.88994e+014	0.00106269	1.72639
1.89119e+014	0.00135153	1.95003
1.89244e+014	0.00156047	2.17543
1.89369e+014	0.00167961	2.40051
1.89494e+014	0.00170424	2.62407
1.89619e+014	0.00163491	2.84492
1.89744e+014	0.00147717	3.0613
1.89869e+014	0.00124118	3.26979
1.89993e+014	0.000941206	3.46175
1.90118e+014	0.000595858	3.60693
1.90243e+014	0.000238552	3.48555
1.90368e+014	0.000226465	1.71943
1.90493e+014	0.000581966	1.56815
1.90618e+014	0.00092836	1.70739
1.90743e+014	0.00123222	1.89434
1.90868e+014	0.0014769	2.09702
1.90993e+014	0.00165028	2.30654
1.91118e+014	0.00174404	2.51942
1.91243e+014	0.00175364	2.73395
1.91368e+014	0.00167833	2.94908
1.91492e+014	0.00152108	3.16382
1.91617e+014	0.00128835	3.37676
1.91742e+014	0.000989771	3.58468
1.91867e+014	0.000637864	3.77666
1.91992e+014	0.000249139	3.87018
1.92117e+014	0.000179585	1.4536
1.92242e+014	0.000596725	1.47109
1.92367e+014	0.0010085	1.65965
1.92492e+014	0.00139492	1.87025
1.92617e+014	0.00174091	2.08839
1.92742e+014	0.0020337	2.31025
1.92866e+014	0.00226322	2.53428
1.92991e+014	0.00242252	2.75966
1.93116e+014	0.00250809	2.9858
1.93241e+014	0.00252003	3.21212
1.93366e+014	0.00246205	3.43793
1.93491e+014	0.00234127	3.66232
1.93616e+014	0.00216786	3.88399
1.93741e+014	0.00195454	4.10101
1.93866e+014	0.001716	4.31047
1.93991e+014	0.00146821	4.50804
1.94116e+014	0.00122785	4.68746
1.94241e+014	0.00101163	4.84074
1.94365e+014	0.000835321	4.96106
1.9449e+014	0.000711243	5.05167
1.94615e+014	0.000643432	5.13724
1.9474e+014	0.000624294	5.25794
1.94865e+014	0.000639383	5.44193
1.9499e+014	0.000676269	5.6911
1.95115e+014	0.000727658	5.99032
1.9524e+014	0.000788601	6.32011
1.95365e+014	0.000852884	6.66423
1.9549e+014	0.000911502	7.01268
1.95615e+014	0.000953257	7.36173
1.95739e+014	0.000966481	7.71289
1.95864e+014	0.000941089	8.07253
1.95989e+014	0.000870947	8.4537
1.96114e+014	0.000757591	8.88315
1.96239e+014	0.000619343	9.41931
1.96364e+014	0.000516593	10.1639
1.96489e+014	0.000565225	11.0607
1.96614e+014	0.000796811	11.7811
1.96739e+014	0.00113233	12.2948
1.96864e+014	0.00151148	12.7018
1.96989e+014	0.00189859	13.0564
1.97114e+014	0.00226712	13.383
1.97238e+014	0.00259445	13.6935
1.97363e+014	0.0028609	13.9941
1.97488e+014	0.00305005	14.2885
1.97613e+014	0.00314941	14.5792
1.97738e+014	0.00315103	14.8681
1.97863e+014	0.00305199	15.1564
1.97988e+014	0.00285455	15.446
1.98113e+014	0.00256612	15.7387
1.98238e+014	0.00219896	16.0377
1.98363e+014	0.00176972	16.3491
1.98488e+014	0.00129945	16.6876
1.98613e+014	0.000816198	17.1014
1.98737e+014	0.000384244	17.851
1.98862e+014	0.000358263	19.5525
1.98987e+014	0.000723183	20.3379
1.99112e+014	0.00108936	20.7602
1.99237e+014	0.00139491	21.104
1.99362e+014	0.00162213	21.4202
1.99487e+014	0.00176322	21.7236
1.99612e+014	0.00181635	22.0195
1.99737e+014	0.00178465	22.3098
1.99862e+014	0.00167553	22.5939
('port 3',TE,1,'port 2',1,'transmission')
(101,3)
1.8737e+014	0.237213	1.45275
1.87495e+014	0.236285	1.647
1.8762e+014	0.235356	1.84123
1.87745e+014	0.234429	2.03544
1.8787e+014	0.233505	2.22963
1.87995e+014	0.232587	2.42379
1.8812e+014	0.231675	2.61793
1.88245e+014	0.23077	2.81205
1.8837e+014	0.229871	3.00617
1.88495e+014	0.228977	3.20029
1.88619e+014	0.228085	3.39441
1.88744e+014	0.227195	3.58853
1.88869e+014	0.226304	3.78263
1.88994e+014	0.225413	3.97672
1.89119e+014	0.224523	4.17077
1.89244e+014	0.223634	4.36479
1.89369e+014	0.22275	4.55877
1.89494e+014	0.221873	4.75271
1.89619e+014	0.221006	4.94662
1.89744e+014	0.220149	5.14051
1.89869e+014	0.219302	5.33439
1.89993e+014	0.218465	5.52827
1.90118e+014	0.217635	5.72216
1.90243e+014	0.216811	5.91607
1.90368e+014	0.215991	6.10999
1.90493e+014	0.215172	6.30393
1.90618e+014	0.214352	6.49787
1.90743e+014	0.213532	6.6918
1.90868e+014	0.212711	6.88573
1.90993e+014	0.211889	7.07964
1.91118e+014	0.211067	7.27354
1.91243e+014	0.210246	7.4674
1.91368e+014	0.209426	7.66125
1.91492e+014	0.208608	7.85506
1.91617e+014	0.207794	8.04885
1.91742e+014	0.206982	8.24261
1.91867e+014	0.206174	8.43634
1.91992e+014	0.205371	8.63004
1.92117e+014	0.204573	8.82371
1.92242e+014	0.203781	9.01736
1.92367e+014	0.202996	9.21099
1.92492e+014	0.202216	9.40459
1.92617e+014	0.201444	9.59819
1.92742e+014	0.200678	9.79177
1.92866e+014	0.199918	9.98535
1.92991e+014	0.199163	10.1789
1.93116e+014	0.198413	10.3725
1.93241e+014	0.197667	10.5661
1.93366e+014	0.196924	10.7596
1.93491e+014	0.196184	10.9532
1.93616e+014	0.195447	11.1468
1.93741e+014	0.194712	11.3403
1.93866e+014	0.193977	11.5339
1.93991e+014	0.193244	11.7275
1.94116e+014	0.192511	11.921
1.94241e+014	0.191778	12.1145
1.94365e+014	0.191045	12.3081
1.9449e+014	0.190312	12.5016
1.94615e+014	0.18958	12.695
1.9474e+014	0.188851	12.8885
1.94865e+014	0.188125	13.0819
1.9499e+014	0.187404	13.2752
1.95115e+014	0.186689	13.4686
1.9524e+014	0.185982	13.6619
1.95365e+014	0.185281	13.8552
1.9549e+014	0.184587	14.0485
1.95615e+014	0.183897	14.2418
1.95739e+014	0.18321	14.4352
1.95864e+014	0.182524	14.6285
1.95989e+014	0.181839	14.8218
1.96114e+014	0.181154	15.0152
1.96239e+014	0.180469	15.2085
1.96364e+014	0.179784	15.4018
1.96489e+014	0.179103	15.595
1.96614e+014	0.178425	15.7882
1.96739e+014	0.177751	15.9815
1.96864e+014	0.177083	16.1746
1.96989e+014	0.176419	16.3678
1.97114e+014	0.175759	16.561
1.97238e+014	0.175101	16.7542
1.97363e+014	0.174445	16.9474
1.97488e+014	0.173788	17.1406
1.97613e+014	0.173132	17.3337
1.97738e+014	0.172477	17.5268
1.97863e+014	0.171824	17.7199
1.97988e+014	0.171176	17.913
1.98113e+014	0.170534	18.106
1.98238e+014	0.169901	18.299
1.98363e+014	0.169275	18.492
1.98488e+014	0.168658	18.685
1.98613e+014	0.168045	18.878
1.98737e+014	0.167436	19.0711
1.98862e+014	0.166826	19.2642
1.98987e+014	0.166213	19.4573
1.99112e+014	0.165595	19.6504
1.99237e+014	0.164973	19.8434
1.99362e+014	0.164346	20.0365
1.99487e+014	0.163718	20.2295
1.99612e+014	0.163091	20.4224
1.99737e+014	0.162468	20.6152
1.99862e+014	0.161853	20.808
('port 4',TE,1,'port 2',1,'transmission')
(101,3)
1.8737e+014	0.955998	2.88735
1.87495e+014	0.956203	3.12517
1.8762e+014	0.956386	3.36295
1.87745e+014	0.956555	3.6007
1.8787e+014	0.956722	3.8384
1.87995e+014	0.956898	4.07606
1.8812e+014	0.957094	4.31369
1.88245e+014	0.957311	4.5513
1.8837e+014	0.95755	4.7889
1.88495e+014	0.957804	5.0265
1.88619e+014	0.958064	5.26411
1.88744e+014	0.958318	5.50172
1.88869e+014	0.958559	5.73933
1.88994e+014	0.95878	5.97694
1.89119e+014	0.958981	6.21453
1.89244e+014	0.959164	6.4521
1.89369e+014	0.959336	6.68963
1.89494e+014	0.959503	6.92713
1.89619e+014	0.959675	7.1646
1.89744e+014	0.959854	7.40205
1.89869e+014	0.960043	7.63947
1.89993e+014	0.960241	7.87688
1.90118e+014	0.960443	8.11429
1.90243e+014	0.960646	8.35168
1.90368e+014	0.960844	8.58907
1.90493e+014	0.961033	8.82645
1.90618e+014	0.961213	9.06381
1.90743e+014	0.961385	9.30115
1.90868e+014	0.961552	9.53846
1.90993e+014	0.961717	9.77576
1.91118e+014	0.961883	10.013
1.91243e+014	0.962055	10.2503
1.91368e+014	0.962233	10.4875
1.91492e+014	0.962415	10.7247
1.91617e+014	0.962601	10.9619
1.91742e+014	0.962786	11.1991
1.91867e+014	0.962969	11.4363
1.91992e+014	0.963147	11.6735
1.92117e+014	0.963317	11.9106
1.92242e+014	0.96348	12.1478
1.92367e+014	0.963634	12.3849
1.92492e+014	0.963781	12.622
1.92617e+014	0.96392	12.8591
1.92742e+014	0.964053	13.0962
1.92866e+014	0.96418	13.3332
1.92991e+014	0.964305	13.5703
1.93116e+014	0.964428	13.8073
1.93241e+014	0.964554	14.0442
1.93366e+014	0.964685	14.2812
1.93491e+014	0.964825	14.5181
1.93616e+014	0.964977	14.755
1.93741e+014	0.96514	14.9918
1.93866e+014	0.965316	15.2287
1.93991e+014	0.9655	15.4656
1.94116e+014	0.96569	15.7024
1.94241e+014	0.965879	15.9393
1.94365e+014	0.966064	16.1761
1.9449e+014	0.966241	16.413
1.94615e+014	0.966407	16.6498
1.9474e+014	0.966564	16.8866
1.94865e+014	0.966713	17.1234
1.9499e+014	0.966857	17.3602
1.95115e+014	0.966999	17.5969
1.9524e+014	0.96714	17.8336
1.95365e+014	0.967278	18.0704
1.9549e+014	0.967413	18.3071
1.95615e+014	0.967539	18.5438
1.95739e+014	0.967651	18.7805
1.95864e+014	0.967747	19.0171
1.95989e+014	0.967826	19.2538
1.96114e+014	0.967891	19.4904
1.96239e+014	0.967948	19.7269
1.96364e+014	0.968005	19.9635
1.96489e+014	0.968071	20.2
1.96614e+014	0.968156	20.4364
1.96739e+014	0.968263	20.6729
1.96864e+014	0.968392	20.9093
1.96989e+014	0.968538	21.1457
1.97114e+014	0.96869	21.3822
1.97238e+014	0.968836	21.6186
1.97363e+014	0.968963	21.855
1.97488e+014	0.969064	22.0915
1.97613e+014	0.969134	22.3279
1.97738e+014	0.969177	22.5643
1.97863e+014	0.969202	22.8006
1.97988e+014	0.969222	23.0369
1.98113e+014	0.969253	23.2732
1.98238e+014	0.969309	23.5094
1.98363e+014	0.969397	23.7455
1.98488e+014	0.969521	23.9817
1.98613e+014	0.969676	24.2178
1.98737e+014	0.969851	24.454
1.98862e+014	0.970033	24.6902
1.98987e+014	0.970207	24.9264
1.99112e+014	0.970363	25.1626
1.99237e+014	0.970493	25.3988
1.99362e+014	0.970599	25.635
1.99487e+014	0.970685	25.8712
1.99612e+014	0.970759	26.1073
1.99737e+014	0.970832	26.3434
1.99862e+014	0.970911	26.5795
('port 1',TE,1,'port 3',1,'transmission')
(101,3)
1.8737e+014	0.957368	0.0182113
1.87495e+014	0.957567	0.1689
1.8762e+014	0.957758	0.319568
1.87745e+014	0.957944	0.470215
1.8787e+014	0.958129	0.620842
1.87995e+014	0.958314	0.771449
1.8812e+014	0.958504	0.922039
1.88245e+014	0.958697	1.07261
1.8837e+014	0.958897	1.22317
1.88495e+014	0.959102	1.37373
1.88619e+014	0.959313	1.52427
1.88744e+014	0.959528	1.6748
1.88869e+014	0.959746	1.82533
1.88994e+014	0.959966	1.97585
1.89119e+014	0.960187	2.12637
1.89244e+014	0.960407	2.27689
1.89369e+014	0.960625	2.42739
1.89494e+014	0.960841	2.5779
1.89619e+014	0.961054	2.72839
1.89744e+014	0.961263	2.87888
1.89869e+014	0.961469	3.02937
1.89993e+014	0.961671	3.17984
1.90118e+014	0.961869	3.33031
1.90243e+014	0.962064	3.48076
1.90368e+014	0.962256	3.63121
1.90493e+014	0.962445	3.78165
1.90618e+014	0.96263	3.93208
1.90743e+014	0.962812	4.0825
1.90868e+014	0.962991	4.23291
1.90993e+014	0.963166	4.38331
1.91118e+014	0.963337	4.5337
1.91243e+014	0.963503	4.68408
1.91368e+014	0.963665	4.83445
1.91492e+014	0.963822	4.98481
1.91617e+014	0.963975	5.13516
1.91742e+014	0.964124	5.28549
1.91867e+014	0.96427	5.43581
1.91992e+014	0.964412	5.58612
1.92117e+014	0.964554	5.73641
1.92242e+014	0.964694	5.88669
1.92367e+014	0.964835	6.03695
1.92492e+014	0.964978	6.1872
1.92617e+014	0.965123	6.33743
1.92742e+014	0.965271	6.48765
1.92866e+014	0.965423	6.63786
1.92991e+014	0.965579	6.78805
1.93116e+014	0.96574	6.93824
1.93241e+014	0.965904	7.08842
1.93366e+014	0.966073	7.23859
1.93491e+014	0.966245	7.38875
1.93616e+014	0.966421	7.53891
1.93741e+014	0.966599	7.68906
1.93866e+014	0.966779	7.8392
1.93991e+014	0.96696	7.98934
1.94116e+014	0.967141	8.13948
1.94241e+014	0.967322	8.28962
1.94365e+014	0.967502	8.43975
1.9449e+014	0.967678	8.58987
1.94615e+014	0.96785	8.74
1.9474e+014	0.968016	8.89012
1.94865e+014	0.968175	9.04024
1.9499e+014	0.968325	9.19035
1.95115e+014	0.968465	9.34045
1.9524e+014	0.968594	9.49055
1.95365e+014	0.968712	9.64063
1.9549e+014	0.968819	9.7907
1.95615e+014	0.968916	9.94075
1.95739e+014	0.969006	10.0908
1.95864e+014	0.969091	10.2408
1.95989e+014	0.969173	10.3908
1.96114e+014	0.969258	10.5407
1.96239e+014	0.969348	10.6907
1.96364e+014	0.969448	10.8406
1.96489e+014	0.96956	10.9905
1.96614e+014	0.969687	11.1404
1.96739e+014	0.96983	11.2902
1.96864e+014	0.969989	11.4401
1.96989e+014	0.970161	11.59
1.97114e+014	0.970345	11.7399
1.97238e+014	0.970535	11.8898
1.97363e+014	0.970725	12.0396
1.97488e+014	0.970911	12.1896
1.97613e+014	0.971086	12.3395
1.97738e+014	0.971245	12.4894
1.97863e+014	0.971382	12.6393
1.97988e+014	0.971497	12.7893
1.98113e+014	0.971587	12.9392
1.98238e+014	0.971654	13.0891
1.98363e+014	0.9717	13.2389
1.98488e+014	0.971731	13.3888
1.98613e+014	0.971752	13.5386
1.98737e+014	0.971771	13.6884
1.98862e+014	0.971795	13.8381
1.98987e+014	0.97183	13.9878
1.99112e+014	0.971881	14.1375
1.99237e+014	0.971952	14.2872
1.99362e+014	0.972044	14.4368
1.99487e+014	0.972157	14.5865
1.99612e+014	0.972287	14.7361
1.99737e+014	0.97243	14.8858
1.99862e+014	0.97258	15.0354
('port 2',TE,1,'port 3',1,'transmission')
(101,3)
1.8737e+014	0.238982	1.45273
1.87495e+014	0.238038	1.64696
1.8762e+014	0.237098	1.84117
1.87745e+014	0.236163	2.03536
1.8787e+014	0.235232	2.22953
1.87995e+014	0.234306	2.42369
1.8812e+014	0.233385	2.61782
1.88245e+014	0.23247	2.81194
1.8837e+014	0.231561	3.00605
1.88495e+014	0.230656	3.20015
1.88619e+014	0.229757	3.39423
1.88744e+014	0.228862	3.58831
1.88869e+014	0.227971	3.78237
1.88994e+014	0.227085	3.97643
1.89119e+014	0.226202	4.17047
1.89244e+014	0.225324	4.3645
1.89369e+014	0.224448	4.55852
1.89494e+014	0.223577	4.75253
1.89619e+014	0.222709	4.94652
1.89744e+014	0.221845	5.1405
1.89869e+014	0.220985	5.33446
1.89993e+014	0.220128	5.52841
1.90118e+014	0.219276	5.72235
1.90243e+014	0.218428	5.91627
1.90368e+014	0.217584	6.11018
1.90493e+014	0.216744	6.30407
1.90618e+014	0.215908	6.49796
1.90743e+014	0.215075	6.69183
1.90868e+014	0.214246	6.88569
1.90993e+014	0.213421	7.07954
1.91118e+014	0.212598	7.27339
1.91243e+014	0.211779	7.46722
1.91368e+014	0.210962	7.66103
1.91492e+014	0.210148	7.85484
1.91617e+014	0.209337	8.04863
1.91742e+014	0.208528	8.2424
1.91867e+014	0.207722	8.43616
1.91992e+014	0.206919	8.62989
1.92117e+014	0.20612	8.82361
1.92242e+014	0.205324	9.01731
1.92367e+014	0.204532	9.211
1.92492e+014	0.203744	9.40466
1.92617e+014	0.20296	9.59831
1.92742e+014	0.202181	9.79193
1.92866e+014	0.201406	9.98555
1.92991e+014	0.200636	10.1791
1.93116e+014	0.19987	10.3727
1.93241e+014	0.199109	10.5663
1.93366e+014	0.198352	10.7599
1.93491e+014	0.197599	10.9534
1.93616e+014	0.196851	11.147
1.93741e+014	0.196106	11.3405
1.93866e+014	0.195365	11.534
1.93991e+014	0.194627	11.7275
1.94116e+014	0.193893	11.921
1.94241e+014	0.193162	12.1145
1.94365e+014	0.192434	12.308
1.9449e+014	0.191709	12.5015
1.94615e+014	0.190987	12.6949
1.9474e+014	0.190267	12.8884
1.94865e+014	0.189549	13.0819
1.9499e+014	0.188833	13.2753
1.95115e+014	0.188119	13.4687
1.9524e+014	0.187406	13.6621
1.95365e+014	0.186695	13.8555
1.9549e+014	0.185985	14.0489
1.95615e+014	0.185277	14.2423
1.95739e+014	0.18457	14.4356
1.95864e+014	0.183865	14.629
1.95989e+014	0.183163	14.8223
1.96114e+014	0.182464	15.0155
1.96239e+014	0.181768	15.2088
1.96364e+014	0.181076	15.402
1.96489e+014	0.180389	15.5952
1.96614e+014	0.179708	15.7884
1.96739e+014	0.179031	15.9816
1.96864e+014	0.17836	16.1747
1.96989e+014	0.177694	16.3679
1.97114e+014	0.177033	16.561
1.97238e+014	0.176376	16.7541
1.97363e+014	0.175723	16.9473
1.97488e+014	0.175072	17.1404
1.97613e+014	0.174423	17.3336
1.97738e+014	0.173776	17.5267
1.97863e+014	0.17313	17.7199
1.97988e+014	0.172484	17.913
1.98113e+014	0.171838	18.1061
1.98238e+014	0.171193	18.2992
1.98363e+014	0.170548	18.4923
1.98488e+014	0.169906	18.6853
1.98613e+014	0.169266	18.8783
1.98737e+014	0.168629	19.0713
1.98862e+014	0.167996	19.2643
1.98987e+014	0.167368	19.4572
1.99112e+014	0.166745	19.6502
1.99237e+014	0.166128	19.8431
1.99362e+014	0.165517	20.036
1.99487e+014	0.16491	20.2289
1.99612e+014	0.164307	20.4218
1.99737e+014	0.163708	20.6147
1.99862e+014	0.163112	20.8076
('port 3',TE,1,'port 3',1,'transmission')
(101,3)
1.8737e+014	0.00807838	2.51843
1.87495e+014	0.008285	2.76391
1.8762e+014	0.00825051	3.02368
1.87745e+014	0.00803529	3.30525
1.8787e+014	0.0077283	3.61646
1.87995e+014	0.00745083	3.96314
1.8812e+014	0.00734861	4.34348
1.88245e+014	0.00755725	4.74189
1.8837e+014	0.00814772	5.13233
1.88495e+014	0.00909856	5.49264
1.88619e+014	0.0103225	5.81446
1.88744e+014	0.0117115	6.10038
1.88869e+014	0.0131639	6.35721
1.88994e+014	0.0145923	6.59181
1.89119e+014	0.0159233	6.80981
1.89244e+014	0.0170952	7.01546
1.89369e+014	0.0180564	7.21192
1.89494e+014	0.0187641	7.40158
1.89619e+014	0.019184	7.58629
1.89744e+014	0.0192897	7.76756
1.89869e+014	0.019063	7.94673
1.89993e+014	0.018494	8.12511
1.90118e+014	0.0175809	8.30417
1.90243e+014	0.0163304	8.48577
1.90368e+014	0.0147584	8.67267
1.90493e+014	0.0128911	8.86944
1.90618e+014	0.010769	9.08478
1.90743e+014	0.00845835	9.33775
1.90868e+014	0.0060938	9.67797
1.90993e+014	0.00406832	10.2503
1.91118e+014	0.00358961	11.2088
1.91243e+014	0.00531687	11.9662
1.91368e+014	0.00798083	12.3813
1.91492e+014	0.0109041	12.6604
1.91617e+014	0.0138687	12.8841
1.91742e+014	0.0167705	13.0811
1.91867e+014	0.0195386	13.2634
1.91992e+014	0.0221155	13.437
1.92117e+014	0.0244514	13.6049
1.92242e+014	0.0265022	13.7691
1.92367e+014	0.0282292	13.9309
1.92492e+014	0.0295989	14.0911
1.92617e+014	0.0305835	14.2503
1.92742e+014	0.0311613	14.4091
1.92866e+014	0.031317	14.568
1.92991e+014	0.0310421	14.7272
1.93116e+014	0.0303352	14.8871
1.93241e+014	0.0292024	15.0483
1.93366e+014	0.0276576	15.2113
1.93491e+014	0.0257224	15.3767
1.93616e+014	0.0234263	15.5455
1.93741e+014	0.0208069	15.7193
1.93866e+014	0.0179101	15.9007
1.93991e+014	0.0147915	16.0947
1.94116e+014	0.011521	16.3119
1.94241e+014	0.00819956	16.5804
1.94365e+014	0.00504533	16.9953
1.9449e+014	0.0029792	17.921
1.94615e+014	0.00414294	19.0586
1.9474e+014	0.00694385	19.572
1.94865e+014	0.00991603	19.8726
1.9499e+014	0.0127469	20.107
1.95115e+014	0.0153221	20.3144
1.9524e+014	0.0175739	20.5087
1.95365e+014	0.0194541	20.6962
1.9549e+014	0.0209273	20.8801
1.95615e+014	0.0219699	21.0624
1.95739e+014	0.0225692	21.2442
1.95864e+014	0.0227234	21.4266
1.95989e+014	0.0224416	21.6104
1.96114e+014	0.0217437	21.7964
1.96239e+014	0.0206595	21.9857
1.96364e+014	0.0192287	22.1796
1.96489e+014	0.0175	22.3797
1.96614e+014	0.0155305	22.5887
1.96739e+014	0.013386	22.8108
1.96864e+014	0.011142	23.0531
1.96989e+014	0.00888881	23.3292
1.97114e+014	0.00674761	23.666
1.97238e+014	0.00491673	24.1197
1.97363e+014	0.00376904	24.7685
1.97488e+014	0.00372357	25.5294
1.97613e+014	0.00454545	26.1408
1.97738e+014	0.0056333	26.5826
1.97863e+014	0.00665189	26.9359
1.97988e+014	0.00746774	27.2507
1.98113e+014	0.00803629	27.553
1.98238e+014	0.00836249	27.8585
1.98363e+014	0.0084917	28.1788
1.98488e+014	0.00851064	28.5228
1.98613e+014	0.00854789	28.8953
1.98737e+014	0.00876065	29.293
1.98862e+014	0.00929508	29.701
1.98987e+014	0.010232	30.0984
1.99112e+014	0.0115607	30.4684
1.99237e+014	0.0132001	30.8052
1.99362e+014	0.0150376	31.1108
1.99487e+014	0.0169567	31.3911
1.99612e+014	0.0188476	31.6518
1.99737e+014	0.0206112	31.898
1.99862e+014	0.0221591	32.1337
('port 4',TE,1,'port 3',1,'transmission')
(101,3)
1.8737e+014	0.00287469	-0.439128
1.87495e+014	0.0030277	0.0217317
1.8762e+014	0.00320501	0.470584
1.87745e+014	0.0033996	0.907849
1.8787e+014	0.00360507	1.33452
1.87995e+014	0.00381579	1.75181
1.8812e+014	0.00402679	2.16094
1.88245e+014	0.00423372	2.56304
1.8837e+014	0.00443267	2.95912
1.88495e+014	0.00462014	3.35006
1.88619e+014	0.00479295	3.73663
1.88744e+014	0.00494832	4.11954
1.88869e+014	0.00508383	4.4994
1.88994e+014	0.00519753	4.87678
1.89119e+014	0.00528793	5.25221
1.89244e+014	0.00535409	5.62615
1.89369e+014	0.00539564	5.99906
1.89494e+014	0.00541276	6.37133
1.89619e+014	0.00540619	6.74331
1.89744e+014	0.00537716	7.11533
1.89869e+014	0.00532731	7.48762
1.89993e+014	0.00525863	7.86038
1.90118e+014	0.0051733	8.23373
1.90243e+014	0.00507358	8.60773
1.90368e+014	0.0049617	8.98235
1.90493e+014	0.00483973	9.35747
1.90618e+014	0.0047095	9.73293
1.90743e+014	0.00457254	10.1085
1.90868e+014	0.00443001	10.4838
1.90993e+014	0.00428272	10.8584
1.91118e+014	0.00413115	11.2321
1.91243e+014	0.00397548	11.6042
1.91368e+014	0.0038157	11.9744
1.91492e+014	0.00365167	12.3419
1.91617e+014	0.00348317	12.7064
1.91742e+014	0.00331006	13.0669
1.91867e+014	0.00313227	13.4228
1.91992e+014	0.00294999	13.773
1.92117e+014	0.00276368	14.1164
1.92242e+014	0.00257424	14.4514
1.92367e+014	0.00238313	14.776
1.92492e+014	0.00219266	15.0878
1.92617e+014	0.00200623	15.3832
1.92742e+014	0.00182882	15.6583
1.92866e+014	0.00166749	15.9085
1.92991e+014	0.00153177	16.1298
1.93116e+014	0.00143336	16.3212
1.93241e+014	0.00138414	16.4885
1.93366e+014	0.00139227	16.6458
1.93491e+014	0.00145844	16.8111
1.93616e+014	0.00157558	16.9984
1.93741e+014	0.00173227	17.2133
1.93866e+014	0.00191657	17.4551
1.93991e+014	0.00211809	17.72
1.94116e+014	0.00232847	18.0034
1.94241e+014	0.00254116	18.3016
1.94365e+014	0.00275107	18.6116
1.9449e+014	0.00295421	18.9309
1.94615e+014	0.00314746	19.2579
1.9474e+014	0.00332843	19.5914
1.94865e+014	0.00349535	19.9304
1.9499e+014	0.00364696	20.2742
1.95115e+014	0.00378247	20.6224
1.9524e+014	0.00390151	20.9747
1.95365e+014	0.00400404	21.3306
1.9549e+014	0.00409034	21.69
1.95615e+014	0.00416097	22.0528
1.95739e+014	0.00421672	22.4188
1.95864e+014	0.00425857	22.7879
1.95989e+014	0.00428773	23.1602
1.96114e+014	0.00430559	23.5355
1.96239e+014	0.00431376	23.9138
1.96364e+014	0.00431403	24.2951
1.96489e+014	0.0043084	24.6794
1.96614e+014	0.00429903	25.0665
1.96739e+014	0.0042882	25.4563
1.96864e+014	0.00427822	25.8484
1.96989e+014	0.00427131	26.2426
1.97114e+014	0.00426946	26.6383
1.97238e+014	0.00427423	27.0348
1.97363e+014	0.00428663	27.4315
1.97488e+014	0.00430698	27.8276
1.97613e+014	0.00433482	28.2222
1.97738e+014	0.0043689	28.6147
1.97863e+014	0.00440731	29.0043
1.97988e+014	0.00444756	29.3907
1.98113e+014	0.00448679	29.7734
1.98238e+014	0.00452201	30.1523
1.98363e+014	0.00455024	30.5273
1.98488e+014	0.00456878	30.8985
1.98613e+014	0.00457531	31.2661
1.98737e+014	0.00456802	31.6303
1.98862e+014	0.0045457	31.9913
1.98987e+014	0.00450771	32.3494
1.99112e+014	0.00445405	32.7047
1.99237e+014	0.00438524	33.0575
1.99362e+014	0.0043023	33.4079
1.99487e+014	0.00420665	33.7559
1.99612e+014	0.00409997	34.1013
1.99737e+014	0.00398419	34.4441
1.99862e+014	0.00386128	34.784
('port 1',TE,1,'port 4',1,'transmission')
(101,3)
1.8737e+014	0.237213	-1.68885
1.87495e+014	0.236285	-1.4946
1.8762e+014	0.235356	-1.30036
1.87745e+014	0.234429	-1.10615
1.8787e+014	0.233505	-0.911964
1.87995e+014	0.232587	-0.717806
1.8812e+014	0.231675	-0.523668
1.88245e+014	0.23077	-0.329542
1.8837e+014	0.229871	-0.135422
1.88495e+014	0.228977	0.0586971
1.88619e+014	0.228085	0.252817
1.88744e+014	0.227195	0.446934
1.88869e+014	0.226304	0.64104
1.88994e+014	0.225413	0.835126
1.89119e+014	0.224523	1.02918
1.89244e+014	0.223634	1.2232
1.89369e+014	0.22275	1.41718
1.89494e+014	0.221873	1.61112
1.89619e+014	0.221006	1.80503
1.89744e+014	0.220149	1.99892
1.89869e+014	0.219302	2.1928
1.89993e+014	0.218465	2.38668
1.90118e+014	0.217635	2.58057
1.90243e+014	0.216811	2.77448
1.90368e+014	0.215991	2.9684
1.90493e+014	0.215172	3.16234
1.90618e+014	0.214352	3.35627
1.90743e+014	0.213532	3.55021
1.90868e+014	0.212711	3.74414
1.90993e+014	0.211889	3.93805
1.91118e+014	0.211067	4.13194
1.91243e+014	0.210246	4.32581
1.91368e+014	0.209426	4.51965
1.91492e+014	0.208608	4.71347
1.91617e+014	0.207794	4.90725
1.91742e+014	0.206982	5.10101
1.91867e+014	0.206174	5.29474
1.91992e+014	0.205371	5.48844
1.92117e+014	0.204573	5.68212
1.92242e+014	0.203781	5.87577
1.92367e+014	0.202996	6.06939
1.92492e+014	0.202216	6.263
1.92617e+014	0.201444	6.4566
1.92742e+014	0.200678	6.65018
1.92866e+014	0.199918	6.84376
1.92991e+014	0.199163	7.03733
1.93116e+014	0.198413	7.23091
1.93241e+014	0.197667	7.42448
1.93366e+014	0.196924	7.61805
1.93491e+014	0.196184	7.81162
1.93616e+014	0.195447	8.00518
1.93741e+014	0.194712	8.19875
1.93866e+014	0.193977	8.39231
1.93991e+014	0.193244	8.58587
1.94116e+014	0.192511	8.77941
1.94241e+014	0.191778	8.97295
1.94365e+014	0.191045	9.16647
1.9449e+014	0.190312	9.35996
1.94615e+014	0.18958	9.55343
1.9474e+014	0.188851	9.74686
1.94865e+014	0.188125	9.94026
1.9499e+014	0.187404	10.1336
1.95115e+014	0.186689	10.327
1.9524e+014	0.185982	10.5203
1.95365e+014	0.185281	10.7136
1.9549e+014	0.184587	10.9069
1.95615e+014	0.183897	11.1003
1.95739e+014	0.18321	11.2936
1.95864e+014	0.182524	11.4869
1.95989e+014	0.181839	11.6802
1.96114e+014	0.181154	11.8736
1.96239e+014	0.180469	12.0669
1.96364e+014	0.179784	12.2602
1.96489e+014	0.179103	12.4534
1.96614e+014	0.178425	12.6466
1.96739e+014	0.177751	12.8399
1.96864e+014	0.177083	13.0331
1.96989e+014	0.176419	13.2262
1.97114e+014	0.175759	13.4194
1.97238e+014	0.175101	13.6126
1.97363e+014	0.174445	13.8058
1.97488e+014	0.173788	13.999
1.97613e+014	0.173132	14.1921
1.97738e+014	0.172477	14.3853
1.97863e+014	0.171824	14.5783
1.97988e+014	0.171176	14.7714
1.98113e+014	0.170534	14.9644
1.98238e+014	0.169901	15.1574
1.98363e+014	0.169275	15.3504
1.98488e+014	0.168658	15.5434
1.98613e+014	0.168045	15.7364
1.98737e+014	0.167436	15.9295
1.98862e+014	0.166826	16.1226
1.98987e+014	0.166213	16.3157
1.99112e+014	0.165595	16.5088
1.99237e+014	0.164973	16.7018
1.99362e+014	0.164346	16.8949
1.99487e+014	0.163718	17.0879
1.99612e+014	0.163091	17.2808
1.99737e+014	0.162468	17.4736
1.99862e+014	0.161853	17.6664
('port 2',TE,1,'port 4',1,'transmission')
(101,3)
1.8737e+014	0.955998	2.88735
1.87495e+014	0.956203	3.12517
1.8762e+014	0.956386	3.36295
1.87745e+014	0.956555	3.6007
1.8787e+014	0.956722	3.8384
1.87995e+014	0.956898	4.07606
1.8812e+014	0.957094	4.31369
1.88245e+014	0.957311	4.5513
1.8837e+014	0.95755	4.7889
1.88495e+014	0.957804	5.0265
1.88619e+014	0.958064	5.26411
1.88744e+014	0.958318	5.50172
1.88869e+014	0.958559	5.73933
1.88994e+014	0.95878	5.97694
1.89119e+014	0.958981	6.21453
1.89244e+014	0.959164	6.4521
1.89369e+014	0.959336	6.68963
1.89494e+014	0.959503	6.92713
1.89619e+014	0.959675	7.1646
1.89744e+014	0.959854	7.40205
1.89869e+014	0.960043	7.63947
1.89993e+014	0.960241	7.87688
1.90118e+014	0.960443	8.11429
1.90243e+014	0.960646	8.35168
1.90368e+014	0.960844	8.58907
1.90493e+014	0.961033	8.82645
1.90618e+014	0.961213	9.06381
1.90743e+014	0.961385	9.30115
1.90868e+014	0.961552	9.53846
1.90993e+014	0.961717	9.77576
1.91118e+014	0.961883	10.013
1.91243e+014	0.962055	10.2503
1.91368e+014	0.962233	10.4875
1.91492e+014	0.962415	10.7247
1.91617e+014	0.962601	10.9619
1.91742e+014	0.962786	11.1991
1.91867e+014	0.962969	11.4363
1.91992e+014	0.963147	11.6735
1.92117e+014	0.963317	11.9106
1.92242e+014	0.96348	12.1478
1.92367e+014	0.963634	12.3849
1.92492e+014	0.963781	12.622
1.92617e+014	0.96392	12.8591
1.92742e+014	0.964053	13.0962
1.92866e+014	0.96418	13.3332
1.92991e+014	0.964305	13.5703
1.93116e+014	0.964428	13.8073
1.93241e+014	0.964554	14.0442
1.93366e+014	0.964685	14.2812
1.93491e+014	0.964825	14.5181
1.93616e+014	0.964977	14.755
1.93741e+014	0.96514	14.9918
1.93866e+014	0.965316	15.2287
1.93991e+014	0.9655	15.4656
1.94116e+014	0.96569	15.7024
1.94241e+014	0.965879	15.9393
1.94365e+014	0.966064	16.1761
1.9449e+014	0.966241	16.413
1.94615e+014	0.966407	16.6498
1.9474e+014	0.966564	16.8866
1.94865e+014	0.966713	17.1234
1.9499e+014	0.966857	17.3602
1.95115e+014	0.966999	17.5969
1.9524e+014	0.96714	17.8336
1.95365e+014	0.967278	18.0704
1.9549e+014	0.967413	18.3071
1.95615e+014	0.967539	18.5438
1.95739e+014	0.967651	18.7805
1.95864e+014	0.967747	19.0171
1.95989e+014	0.967826	19.2538
1.96114e+014	0.967891	19.4904
1.96239e+014	0.967948	19.7269
1.96364e+014	0.968005	19.9635
1.96489e+014	0.968071	20.2
1.96614e+014	0.968156	20.4364
1.96739e+014	0.968263	20.6729
1.96864e+014	0.968392	20.9093
1.96989e+014	0.968538	21.1457
1.97114e+014	0.96869	21.3822
1.97238e+014	0.968836	21.6186
1.97363e+014	0.968963	21.855
1.97488e+014	0.969064	22.0915
1.97613e+014	0.969134	22.3279
1.97738e+014	0.969177	22.5643
1.97863e+014	0.969202	22.8006
1.97988e+014	0.969222	23.0369
1.98113e+014	0.969253	23.2732
1.98238e+014	0.969309	23.5094
1.98363e+014	0.969397	23.7455
1.98488e+014	0.969521	23.9817
1.98613e+014	0.969676	24.2178
1.98737e+014	0.969851	24.454
1.98862e+014	0.970033	24.6902
1.98987e+014	0.970207	24.9264
1.99112e+014	0.970363	25.1626
1.99237e+014	0.970493	25.3988
1.99362e+014	0.970599	25.635
1.99487e+014	0.970685	25.8712
1.99612e+014	0.970759	26.1073
1.99737e+014	0.970832	26.3434
1.99862e+014	0.970911	26.5795
('port 3',TE,1,'port 4',1,'transmission')
(101,3)
1.8737e+014	0.00344994	-0.115519
1.87495e+014	0.00358009	0.336665
1.8762e+014	0.00373161	0.777631
1.87745e+014	0.00389629	1.2072
1.8787e+014	0.00406603	1.62588
1.87995e+014	0.00423338	2.03462
1.8812e+014	0.00439186	2.43457
1.88245e+014	0.00453612	2.82693
1.8837e+014	0.00466195	3.21283
1.88495e+014	0.00476632	3.59333
1.88619e+014	0.0048473	3.96936
1.88744e+014	0.00490396	4.34172
1.88869e+014	0.00493628	4.71112
1.88994e+014	0.00494499	5.07812
1.89119e+014	0.0049315	5.44321
1.89244e+014	0.00489767	5.80678
1.89369e+014	0.00484569	6.16914
1.89494e+014	0.00477796	6.53052
1.89619e+014	0.00469689	6.89112
1.89744e+014	0.00460485	7.25104
1.89869e+014	0.00450405	7.61038
1.89993e+014	0.00439652	7.96917
1.90118e+014	0.00428405	8.3274
1.90243e+014	0.00416821	8.68506
1.90368e+014	0.00405033	9.0421
1.90493e+014	0.00393156	9.39845
1.90618e+014	0.00381285	9.75402
1.90743e+014	0.003695	10.1087
1.90868e+014	0.00357865	10.4624
1.90993e+014	0.00346428	10.8149
1.91118e+014	0.00335225	11.166
1.91243e+014	0.00324276	11.5155
1.91368e+014	0.00313585	11.8631
1.91492e+014	0.00303146	12.2084
1.91617e+014	0.00292938	12.551
1.91742e+014	0.00282931	12.8904
1.91867e+014	0.0027309	13.226
1.91992e+014	0.00263381	13.5571
1.92117e+014	0.00253781	13.8831
1.92242e+014	0.00244283	14.203
1.92367e+014	0.00234908	14.5161
1.92492e+014	0.0022572	14.8214
1.92617e+014	0.00216832	15.1178
1.92742e+014	0.00208424	15.4044
1.92866e+014	0.00200743	15.6805
1.92991e+014	0.00194108	15.9454
1.93116e+014	0.00188895	16.1995
1.93241e+014	0.00185512	16.4439
1.93366e+014	0.00184346	16.6808
1.93491e+014	0.00185706	16.9139
1.93616e+014	0.0018976	17.1471
1.93741e+014	0.00196509	17.3847
1.93866e+014	0.00205784	17.63
1.93991e+014	0.00217286	17.8854
1.94116e+014	0.0023063	18.1518
1.94241e+014	0.00245398	18.4295
1.94365e+014	0.00261165	18.7179
1.9449e+014	0.00277528	19.0163
1.94615e+014	0.00294112	19.3238
1.9474e+014	0.00310576	19.6395
1.94865e+014	0.00326616	19.9625
1.9499e+014	0.00341964	20.2921
1.95115e+014	0.0035639	20.6278
1.9524e+014	0.00369705	20.9692
1.95365e+014	0.0038176	21.316
1.9549e+014	0.0039245	21.6678
1.95615e+014	0.00401722	22.0246
1.95739e+014	0.00409571	22.3862
1.95864e+014	0.00416046	22.7527
1.95989e+014	0.00421248	23.1238
1.96114e+014	0.00425329	23.4995
1.96239e+014	0.00428484	23.8797
1.96364e+014	0.0043094	24.2642
1.96489e+014	0.00432942	24.6528
1.96614e+014	0.00434736	25.045
1.96739e+014	0.00436551	25.4403
1.96864e+014	0.0043858	25.8383
1.96989e+014	0.00440964	26.2381
1.97114e+014	0.00443783	26.6392
1.97238e+014	0.00447047	27.0406
1.97363e+014	0.00450701	27.4418
1.97488e+014	0.00454631	27.842
1.97613e+014	0.00458678	28.2407
1.97738e+014	0.00462645	28.6374
1.97863e+014	0.00466321	29.0319
1.97988e+014	0.00469486	29.4237
1.98113e+014	0.00471923	29.8128
1.98238e+014	0.00473428	30.199
1.98363e+014	0.0047381	30.5823
1.98488e+014	0.00472898	30.9626
1.98613e+014	0.00470541	31.3399
1.98737e+014	0.00466611	31.714
1.98862e+014	0.00461007	32.0849
1.98987e+014	0.00453657	32.4524
1.99112e+014	0.00444524	32.8163
1.99237e+014	0.00433605	33.1764
1.99362e+014	0.00420942	33.5324
1.99487e+014	0.00406619	33.8839
1.99612e+014	0.00390771	34.2303
1.99737e+014	0.00373581	34.5711
1.99862e+014	0.00355293	34.9056
('port 4',TE,1,'port 4',1,'transmission')
(101,3)
1.8737e+014	0.00101159	1.72398
1.87495e+014	0.00137547	1.96864
1.8762e+014	0.00163945	2.21125
1.87745e+014	0.0017918	2.4524
1.8787e+014	0.00182767	2.69217
1.87995e+014	0.00174913	2.9304
1.8812e+014	0.00156474	3.16664
1.88245e+014	0.00128881	3.39984
1.8837e+014	0.000940422	3.62713
1.88495e+014	0.000542247	3.83656
1.88619e+014	0.000121966	3.84911
1.88744e+014	0.000309427	1.34017
1.88869e+014	0.000708794	1.51054
1.88994e+014	0.00106269	1.72639
1.89119e+014	0.00135153	1.95003
1.89244e+014	0.00156047	2.17543
1.89369e+014	0.00167961	2.40051
1.89494e+014	0.00170424	2.62407
1.89619e+014	0.00163491	2.84492
1.89744e+014	0.00147717	3.0613
1.89869e+014	0.00124118	3.26979
1.89993e+014	0.000941206	3.46175
1.90118e+014	0.000595858	3.60693
1.90243e+014	0.000238552	3.48555
1.90368e+014	0.000226465	1.71943
1.90493e+014	0.000581966	1.56815
1.90618e+014	0.00092836	1.70739
1.90743e+014	0.00123222	1.89434
1.90868e+014	0.0014769	2.09702
1.90993e+014	0.00165028	2.30654
1.91118e+014	0.00174404	2.51942
1.91243e+014	0.00175364	2.73395
1.91368e+014	0.00167833	2.94908
1.91492e+014	0.00152108	3.16382
1.91617e+014	0.00128835	3.37676
1.91742e+014	0.000989771	3.58468
1.91867e+014	0.000637864	3.77666
1.91992e+014	0.000249139	3.87018
1.92117e+014	0.000179585	1.4536
1.92242e+014	0.000596725	1.47109
1.92367e+014	0.0010085	1.65965
1.92492e+014	0.00139492	1.87025
1.92617e+014	0.00174091	2.08839
1.92742e+014	0.0020337	2.31025
1.92866e+014	0.00226322	2.53428
1.92991e+014	0.00242252	2.75966
1.93116e+014	0.00250809	2.9858
1.93241e+014	0.00252003	3.21212
1.93366e+014	0.00246205	3.43793
1.93491e+014	0.00234127	3.66232
1.93616e+014	0.00216786	3.88399
1.93741e+014	0.00195454	4.10101
1.93866e+014	0.001716	4.31047
1.93991e+014	0.00146821	4.50804
1.94116e+014	0.00122785	4.68746
1.94241e+014	0.00101163	4.84074
1.94365e+014	0.000835321	4.96106
1.9449e+014	0.000711243	5.05167
1.94615e+014	0.000643432	5.13724
1.9474e+014	0.000624294	5.25794
1.94865e+014	0.000639383	5.44193
1.9499e+014	0.000676269	5.6911
1.95115e+014	0.000727658	5.99032
1.9524e+014	0.000788601	6.32011
1.95365e+014	0.000852884	6.66423
1.9549e+014	0.000911502	7.01268
1.95615e+014	0.000953257	7.36173
1.95739e+014	0.000966481	7.71289
1.95864e+014	0.000941089	8.07253
1.95989e+014	0.000870947	8.4537
1.96114e+014	0.000757591	8.88315
1.96239e+014	0.000619343	9.41931
1.96364e+014	0.000516593	10.1639
1.96489e+014	0.000565225	11.0607
1.96614e+014	0.000796811	11.7811
1.96739e+014	0.00113233	12.2948
1.96864e+014	0.00151148	12.7018
1.96989e+014	0.00189859	13.0564
1.97114e+014	0.00226712	13.383
1.97238e+014	0.00259445	13.6935
1.97363e+014	0.0028609	13.9941
1.97488e+014	0.00305005	14.2885
1.97613e+014	0.00314941	14.5792
1.97738e+014	0.00315103	14.8681
1.97863e+014	0.00305199	15.1564
1.97988e+014	0.00285455	15.446
1.98113e+014	0.00256612	15.7387
1.98238e+014	0.00219896	16.0377
1.98363e+014	0.00176972	16.3491
1.98488e+014	0.00129945	16.6876
1.98613e+014	0.000816198	17.1014
1.98737e+014	0.000384244	17.851
1.98862e+014	0.000358263	19.5525
1.98987e+014	0.000723183	20.3379
1.99112e+014	0.00108936	20.7602
1.99237e+014	0.00139491	21.104
1.99362e+014	0.00162213	21.4202
1.99487e+014	0.00176322	21.7236
1.99612e+014	0.00181635	22.0195
1.99737e+014	0.00178465	22.3098
1.99862e+014	0.00167553	22.5939
