('port 1',TE,1,'port 1',1,'transmission')
(101,3)
1.8737e+014	0.0320349	1.70813
1.87495e+014	0.0323128	1.91125
1.8762e+014	0.0319308	2.11086
1.87745e+014	0.0309063	2.30771
1.8787e+014	0.0292749	2.50239
1.87995e+014	0.0270891	2.69543
1.8812e+014	0.0244154	2.88732
1.88245e+014	0.0213324	3.07869
1.8837e+014	0.0179277	3.27043
1.88495e+014	0.0142953	3.46418
1.88619e+014	0.0105332	3.66367
1.88744e+014	0.0067421	3.88053
1.88869e+014	0.00303812	4.18083
1.88994e+014	0.000905657	6.48058
1.89119e+014	0.00404612	7.30194
1.89244e+014	0.00708741	7.5492
1.89369e+014	0.00978205	7.75107
1.89494e+014	0.0120723	7.93917
1.89619e+014	0.013922	8.12079
1.89744e+014	0.0153103	8.2985
1.89869e+014	0.0162305	8.47342
1.89993e+014	0.0166894	8.64608
1.90118e+014	0.0167059	8.81672
1.90243e+014	0.0163102	8.98542
1.90368e+014	0.0155423	9.15207
1.90493e+014	0.0144502	9.31643
1.90618e+014	0.0130884	9.47795
1.90743e+014	0.0115165	9.63569
1.90868e+014	0.00979725	9.78787
1.90993e+014	0.00799582	9.93103
1.91118e+014	0.00617935	10.0578
1.91243e+014	0.00441981	10.1504
1.91368e+014	0.00280957	10.1556
1.91492e+014	0.001554	9.87503
1.91617e+014	0.00130398	9.05901
1.91742e+014	0.00201293	8.67381
1.91867e+014	0.00278243	8.67063
1.91992e+014	0.0033575	8.79552
1.92117e+014	0.00368766	8.98585
1.92242e+014	0.00377969	9.23092
1.92367e+014	0.00368688	9.54051
1.92492e+014	0.00352994	9.93521
1.92617e+014	0.00352237	10.4233
1.92742e+014	0.00391647	10.9534
1.92866e+014	0.00482554	11.4343
1.92991e+014	0.00617207	11.8283
1.93116e+014	0.007817	12.1513
1.93241e+014	0.00963638	12.4276
1.93366e+014	0.0115269	12.6746
1.93491e+014	0.0133974	12.9032
1.93616e+014	0.0151638	13.1201
1.93741e+014	0.0167466	13.3297
1.93866e+014	0.0180714	13.5349
1.93991e+014	0.0190701	13.7377
1.94116e+014	0.0196821	13.9399
1.94241e+014	0.019857	14.1432
1.94365e+014	0.0195564	14.3491
1.9449e+014	0.0187566	14.56
1.94615e+014	0.0174513	14.779
1.9474e+014	0.0156563	15.0117
1.94865e+014	0.0134181	15.2681
1.9499e+014	0.0108367	15.5704
1.95115e+014	0.00814102	15.9716
1.9524e+014	0.00596134	16.5965
1.95365e+014	0.00575912	17.4832
1.9549e+014	0.00806956	18.1952
1.95615e+014	0.0115969	18.6429
1.95739e+014	0.0155214	18.9671
1.95864e+014	0.0195006	19.2364
1.95989e+014	0.0233405	19.4782
1.96114e+014	0.0268981	19.705
1.96239e+014	0.030054	19.9229
1.96364e+014	0.0327064	20.1356
1.96489e+014	0.0347695	20.3451
1.96614e+014	0.0361746	20.5529
1.96739e+014	0.036872	20.7602
1.96864e+014	0.0368322	20.968
1.96989e+014	0.0360469	21.1771
1.97114e+014	0.0345304	21.3886
1.97238e+014	0.0323192	21.6041
1.97363e+014	0.0294726	21.8256
1.97488e+014	0.0260732	22.0564
1.97613e+014	0.0222293	22.3026
1.97738e+014	0.0180835	22.5754
1.97863e+014	0.0138417	22.9
1.97988e+014	0.00987512	23.3376
1.98113e+014	0.00707101	24.0195
1.98238e+014	0.0070281	24.9122
1.98363e+014	0.00955588	25.5821
1.98488e+014	0.0129324	26.0152
1.98613e+014	0.0162973	26.3406
1.98737e+014	0.0193157	26.6172
1.98862e+014	0.0218234	26.8691
1.98987e+014	0.0237259	27.1077
1.99112e+014	0.0249695	27.3388
1.99237e+014	0.0255311	27.5661
1.99362e+014	0.0254142	27.7919
1.99487e+014	0.0246463	28.0181
1.99612e+014	0.023277	28.2467
1.99737e+014	0.0213758	28.4798
1.99862e+014	0.0190301	28.7204
('port 2',TE,1,'port 1',1,'transmission')
(101,3)
1.8737e+014	0.000791194	2.40746
1.87495e+014	0.000833246	2.85692
1.8762e+014	0.000878149	3.29497
1.87745e+014	0.000924373	3.72383
1.8787e+014	0.000971026	4.14552
1.87995e+014	0.00101769	4.56162
1.8812e+014	0.00106423	4.9733
1.88245e+014	0.00111066	5.38131
1.8837e+014	0.00115697	5.78615
1.88495e+014	0.00120309	6.18813
1.88619e+014	0.00124879	6.58748
1.88744e+014	0.00129374	6.98445
1.88869e+014	0.00133749	7.37933
1.88994e+014	0.00137957	7.77249
1.89119e+014	0.00141954	8.16438
1.89244e+014	0.00145711	8.55552
1.89369e+014	0.00149214	8.94647
1.89494e+014	0.00152475	9.33777
1.89619e+014	0.00155532	9.72992
1.89744e+014	0.00158451	10.1233
1.89869e+014	0.00161321	10.5182
1.89993e+014	0.00164248	10.9147
1.90118e+014	0.00167351	11.3127
1.90243e+014	0.00170745	11.7118
1.90368e+014	0.00174536	12.1117
1.90493e+014	0.00178807	12.5116
1.90618e+014	0.00183614	12.9108
1.90743e+014	0.00188977	13.3087
1.90868e+014	0.00194886	13.7048
1.90993e+014	0.00201301	14.0984
1.91118e+014	0.00208157	14.4894
1.91243e+014	0.00215376	14.8775
1.91368e+014	0.00222872	15.2626
1.91492e+014	0.00230555	15.645
1.91617e+014	0.00238341	16.0247
1.91742e+014	0.00246154	16.4019
1.91867e+014	0.00253924	16.7768
1.91992e+014	0.00261591	17.1496
1.92117e+014	0.00269103	17.5206
1.92242e+014	0.0027641	17.8898
1.92367e+014	0.00283469	18.2575
1.92492e+014	0.00290234	18.6237
1.92617e+014	0.00296661	18.9886
1.92742e+014	0.00302705	19.3522
1.92866e+014	0.00308317	19.7147
1.92991e+014	0.0031345	20.0763
1.93116e+014	0.00318058	20.4369
1.93241e+014	0.00322098	20.7969
1.93366e+014	0.00325534	21.1562
1.93491e+014	0.00328336	21.5151
1.93616e+014	0.00330487	21.8738
1.93741e+014	0.00331981	22.2324
1.93866e+014	0.00332822	22.5911
1.93991e+014	0.0033303	22.95
1.94116e+014	0.00332635	23.3093
1.94241e+014	0.00331676	23.6691
1.94365e+014	0.00330201	24.0296
1.9449e+014	0.00328259	24.3907
1.94615e+014	0.00325901	24.7524
1.9474e+014	0.00323176	25.1149
1.94865e+014	0.00320126	25.478
1.9499e+014	0.00316785	25.8417
1.95115e+014	0.00313179	26.206
1.9524e+014	0.00309324	26.5709
1.95365e+014	0.00305229	26.9362
1.9549e+014	0.00300898	27.3021
1.95615e+014	0.00296334	27.6685
1.95739e+014	0.00291539	28.0355
1.95864e+014	0.00286524	28.4031
1.95989e+014	0.00281307	28.7716
1.96114e+014	0.00275916	29.141
1.96239e+014	0.00270393	29.5115
1.96364e+014	0.00264789	29.8831
1.96489e+014	0.00259165	30.2559
1.96614e+014	0.00253584	30.6299
1.96739e+014	0.00248109	31.0051
1.96864e+014	0.00242794	31.3811
1.96989e+014	0.00237681	31.7578
1.97114e+014	0.00232786	32.1349
1.97238e+014	0.00228105	32.5119
1.97363e+014	0.00223605	32.8885
1.97488e+014	0.00219228	33.2643
1.97613e+014	0.00214894	33.639
1.97738e+014	0.00210509	34.0123
1.97863e+014	0.00205971	34.3843
1.97988e+014	0.00201181	34.755
1.98113e+014	0.00196051	35.1245
1.98238e+014	0.00190508	35.4933
1.98363e+014	0.00184508	35.8616
1.98488e+014	0.00178033	36.2301
1.98613e+014	0.00171093	36.5995
1.98737e+014	0.00163732	36.9704
1.98862e+014	0.00156021	37.3436
1.98987e+014	0.00148054	37.72
1.99112e+014	0.00139943	38.1003
1.99237e+014	0.00131813	38.4852
1.99362e+014	0.00123788	38.8756
1.99487e+014	0.00115989	39.2719
1.99612e+014	0.0010852	39.6748
1.99737e+014	0.00101464	40.0844
1.99862e+014	0.000948756	40.501
('port 3',TE,1,'port 1',1,'transmission')
(101,3)
1.8737e+014	0.977786	-0.0476249
1.87495e+014	0.977823	0.124808
1.8762e+014	0.977853	0.297211
1.87745e+014	0.977884	0.469584
1.8787e+014	0.977921	0.641927
1.87995e+014	0.977969	0.814245
1.8812e+014	0.978033	0.986542
1.88245e+014	0.978114	1.15882
1.8837e+014	0.978212	1.3311
1.88495e+014	0.978324	1.50337
1.88619e+014	0.978447	1.67564
1.88744e+014	0.978576	1.84792
1.88869e+014	0.978705	2.0202
1.88994e+014	0.978831	2.19248
1.89119e+014	0.978949	2.36476
1.89244e+014	0.979057	2.53704
1.89369e+014	0.979153	2.70931
1.89494e+014	0.979237	2.88157
1.89619e+014	0.979311	3.05382
1.89744e+014	0.979378	3.22605
1.89869e+014	0.979439	3.39826
1.89993e+014	0.979499	3.57045
1.90118e+014	0.979558	3.74263
1.90243e+014	0.979619	3.91479
1.90368e+014	0.979683	4.08694
1.90493e+014	0.97975	4.25907
1.90618e+014	0.979818	4.4312
1.90743e+014	0.979887	4.60331
1.90868e+014	0.979954	4.77542
1.90993e+014	0.98002	4.94751
1.91118e+014	0.980082	5.1196
1.91243e+014	0.98014	5.29168
1.91368e+014	0.980194	5.46374
1.91492e+014	0.980245	5.63579
1.91617e+014	0.980293	5.80782
1.91742e+014	0.98034	5.97984
1.91867e+014	0.980387	6.15184
1.91992e+014	0.980435	6.32382
1.92117e+014	0.980485	6.4958
1.92242e+014	0.980536	6.66776
1.92367e+014	0.980589	6.83971
1.92492e+014	0.980643	7.01164
1.92617e+014	0.980698	7.18357
1.92742e+014	0.980754	7.35548
1.92866e+014	0.98081	7.52738
1.92991e+014	0.980866	7.69927
1.93116e+014	0.980922	7.87115
1.93241e+014	0.980979	8.04302
1.93366e+014	0.981037	8.21488
1.93491e+014	0.981095	8.38673
1.93616e+014	0.981154	8.55857
1.93741e+014	0.981213	8.7304
1.93866e+014	0.981271	8.90222
1.93991e+014	0.981325	9.07404
1.94116e+014	0.981375	9.24585
1.94241e+014	0.981416	9.41765
1.94365e+014	0.981449	9.58944
1.9449e+014	0.981471	9.76122
1.94615e+014	0.981483	9.93298
1.9474e+014	0.981485	10.1047
1.94865e+014	0.981479	10.2764
1.9499e+014	0.981468	10.4481
1.95115e+014	0.981457	10.6198
1.9524e+014	0.98145	10.7915
1.95365e+014	0.98145	10.9631
1.9549e+014	0.981463	11.1347
1.95615e+014	0.981489	11.3063
1.95739e+014	0.981531	11.4778
1.95864e+014	0.981585	11.6494
1.95989e+014	0.981651	11.821
1.96114e+014	0.981723	11.9925
1.96239e+014	0.981795	12.1641
1.96364e+014	0.981863	12.3357
1.96489e+014	0.98192	12.5072
1.96614e+014	0.981963	12.6788
1.96739e+014	0.981989	12.8504
1.96864e+014	0.981997	13.0219
1.96989e+014	0.981991	13.1934
1.97114e+014	0.981974	13.3649
1.97238e+014	0.981953	13.5364
1.97363e+014	0.981934	13.7078
1.97488e+014	0.981925	13.8792
1.97613e+014	0.981931	14.0505
1.97738e+014	0.981957	14.2219
1.97863e+014	0.982006	14.3932
1.97988e+014	0.982077	14.5646
1.98113e+014	0.982167	14.7359
1.98238e+014	0.98227	14.9072
1.98363e+014	0.982379	15.0786
1.98488e+014	0.982487	15.2499
1.98613e+014	0.982587	15.4213
1.98737e+014	0.98267	15.5927
1.98862e+014	0.982734	15.764
1.98987e+014	0.982775	15.9354
1.99112e+014	0.982796	16.1068
1.99237e+014	0.982799	16.2781
1.99362e+014	0.982789	16.4494
1.99487e+014	0.982773	16.6207
1.99612e+014	0.982759	16.7919
1.99737e+014	0.982752	16.9631
1.99862e+014	0.982757	17.1343
('port 4',TE,1,'port 1',1,'transmission')
(101,3)
1.8737e+014	0.129151	-2.64808
1.87495e+014	0.128522	-2.42596
1.8762e+014	0.127894	-2.20386
1.87745e+014	0.127271	-1.9818
1.8787e+014	0.126651	-1.75977
1.87995e+014	0.126036	-1.53777
1.8812e+014	0.125427	-1.31578
1.88245e+014	0.124822	-1.09382
1.8837e+014	0.124223	-0.871863
1.88495e+014	0.123628	-0.649912
1.88619e+014	0.123038	-0.427963
1.88744e+014	0.122452	-0.206013
1.88869e+014	0.121868	0.0159389
1.88994e+014	0.121287	0.23789
1.89119e+014	0.120708	0.459837
1.89244e+014	0.12013	0.681776
1.89369e+014	0.119555	0.903703
1.89494e+014	0.118981	1.12561
1.89619e+014	0.118409	1.3475
1.89744e+014	0.117839	1.56937
1.89869e+014	0.117272	1.79121
1.89993e+014	0.116708	2.01303
1.90118e+014	0.116148	2.23482
1.90243e+014	0.115591	2.45659
1.90368e+014	0.115039	2.67834
1.90493e+014	0.11449	2.90007
1.90618e+014	0.113945	3.12179
1.90743e+014	0.113404	3.34349
1.90868e+014	0.112866	3.56518
1.90993e+014	0.112331	3.78686
1.91118e+014	0.111799	4.00852
1.91243e+014	0.11127	4.23017
1.91368e+014	0.110744	4.45181
1.91492e+014	0.110221	4.67343
1.91617e+014	0.109701	4.89504
1.91742e+014	0.109183	5.11663
1.91867e+014	0.108668	5.3382
1.91992e+014	0.108156	5.55976
1.92117e+014	0.107647	5.78131
1.92242e+014	0.10714	6.00284
1.92367e+014	0.106636	6.22436
1.92492e+014	0.106135	6.44587
1.92617e+014	0.105636	6.66736
1.92742e+014	0.105139	6.88884
1.92866e+014	0.104644	7.1103
1.92991e+014	0.104152	7.33175
1.93116e+014	0.103662	7.55318
1.93241e+014	0.103174	7.77459
1.93366e+014	0.102688	7.99598
1.93491e+014	0.102205	8.21736
1.93616e+014	0.101724	8.43872
1.93741e+014	0.101246	8.66007
1.93866e+014	0.10077	8.8814
1.93991e+014	0.100296	9.10271
1.94116e+014	0.0998245	9.32401
1.94241e+014	0.0993548	9.54529
1.94365e+014	0.098887	9.76656
1.9449e+014	0.0984209	9.9878
1.94615e+014	0.0979567	10.209
1.9474e+014	0.0974945	10.4302
1.94865e+014	0.0970344	10.6514
1.9499e+014	0.0965769	10.8725
1.95115e+014	0.0961223	11.0936
1.9524e+014	0.095671	11.3147
1.95365e+014	0.0952235	11.5358
1.9549e+014	0.09478	11.7568
1.95615e+014	0.0943406	11.9778
1.95739e+014	0.0939055	12.1988
1.95864e+014	0.0934743	12.4198
1.95989e+014	0.0930468	12.6408
1.96114e+014	0.0926223	12.8618
1.96239e+014	0.0922004	13.0827
1.96364e+014	0.0917804	13.3037
1.96489e+014	0.0913617	13.5247
1.96614e+014	0.0909439	13.7457
1.96739e+014	0.0905266	13.9667
1.96864e+014	0.0901099	14.1877
1.96989e+014	0.0896939	14.4086
1.97114e+014	0.0892789	14.6295
1.97238e+014	0.0888654	14.8504
1.97363e+014	0.088454	15.0712
1.97488e+014	0.0880452	15.292
1.97613e+014	0.0876397	15.5128
1.97738e+014	0.0872377	15.7336
1.97863e+014	0.0868395	15.9543
1.97988e+014	0.0864448	16.175
1.98113e+014	0.0860535	16.3957
1.98238e+014	0.085665	16.6164
1.98363e+014	0.0852788	16.8372
1.98488e+014	0.0848941	17.0579
1.98613e+014	0.0845104	17.2786
1.98737e+014	0.0841272	17.4994
1.98862e+014	0.0837441	17.7201
1.98987e+014	0.0833611	17.9408
1.99112e+014	0.0829782	18.1615
1.99237e+014	0.0825958	18.3821
1.99362e+014	0.0822146	18.6027
1.99487e+014	0.0818349	18.8233
1.99612e+014	0.0814576	19.0439
1.99737e+014	0.0810831	19.2644
1.99862e+014	0.0807118	19.4849
('port 1',TE,1,'port 2',1,'transmission')
(101,3)
1.8737e+014	0.000236977	2.39044
1.87495e+014	0.000334173	2.80564
1.8762e+014	0.000440505	3.2356
1.87745e+014	0.000554954	3.66806
1.8787e+014	0.000675948	4.09846
1.87995e+014	0.000801343	4.52524
1.8812e+014	0.000928564	4.9482
1.88245e+014	0.0010548	5.36773
1.8837e+014	0.00117723	5.78453
1.88495e+014	0.00129323	6.19942
1.88619e+014	0.00140054	6.61322
1.88744e+014	0.00149744	7.02673
1.88869e+014	0.00158282	7.44067
1.88994e+014	0.00165624	7.85564
1.89119e+014	0.00171791	8.27211
1.89244e+014	0.00176861	8.69039
1.89369e+014	0.00180961	9.11057
1.89494e+014	0.00184248	9.53256
1.89619e+014	0.00186896	9.95605
1.89744e+014	0.00189075	10.3805
1.89869e+014	0.00190935	10.8053
1.89993e+014	0.00192595	11.2297
1.90118e+014	0.00194137	11.6528
1.90243e+014	0.00195604	12.0737
1.90368e+014	0.00197006	12.4919
1.90493e+014	0.00198329	12.9065
1.90618e+014	0.00199542	13.317
1.90743e+014	0.00200612	13.7231
1.90868e+014	0.00201507	14.1244
1.90993e+014	0.00202204	14.5206
1.91118e+014	0.00202692	14.9114
1.91243e+014	0.00202971	15.2969
1.91368e+014	0.0020305	15.6767
1.91492e+014	0.00202951	16.0509
1.91617e+014	0.002027	16.4193
1.91742e+014	0.00202329	16.7819
1.91867e+014	0.0020188	17.1387
1.91992e+014	0.00201397	17.4897
1.92117e+014	0.00200932	17.8352
1.92242e+014	0.00200545	18.1751
1.92367e+014	0.00200303	18.5099
1.92492e+014	0.00200277	18.8398
1.92617e+014	0.00200549	19.1652
1.92742e+014	0.00201202	19.4867
1.92866e+014	0.00202323	19.8049
1.92991e+014	0.00203997	20.1204
1.93116e+014	0.00206308	20.4341
1.93241e+014	0.00209332	20.7467
1.93366e+014	0.00213131	21.0592
1.93491e+014	0.00217753	21.3723
1.93616e+014	0.00223227	21.687
1.93741e+014	0.00229557	22.004
1.93866e+014	0.00236726	22.3241
1.93991e+014	0.0024469	22.6479
1.94116e+014	0.0025338	22.9757
1.94241e+014	0.00262707	23.3081
1.94365e+014	0.00272563	23.6453
1.9449e+014	0.00282824	23.9874
1.94615e+014	0.00293357	24.3345
1.9474e+014	0.00304023	24.6867
1.94865e+014	0.00314683	25.0439
1.9499e+014	0.00325197	25.4061
1.95115e+014	0.00335437	25.7731
1.9524e+014	0.00345279	26.1448
1.95365e+014	0.00354617	26.5211
1.9549e+014	0.00363356	26.9018
1.95615e+014	0.00371419	27.2867
1.95739e+014	0.00378744	27.6756
1.95864e+014	0.00385282	28.0682
1.95989e+014	0.00390995	28.4642
1.96114e+014	0.00395847	28.8635
1.96239e+014	0.00399802	29.2657
1.96364e+014	0.00402819	29.6707
1.96489e+014	0.00404847	30.0781
1.96614e+014	0.00405827	30.4879
1.96739e+014	0.00405691	30.8998
1.96864e+014	0.00404374	31.3136
1.96989e+014	0.00401815	31.7293
1.97114e+014	0.00397965	32.1467
1.97238e+014	0.00392794	32.5657
1.97363e+014	0.0038629	32.9864
1.97488e+014	0.0037846	33.4086
1.97613e+014	0.00369328	33.8325
1.97738e+014	0.00358928	34.2581
1.97863e+014	0.00347302	34.6855
1.97988e+014	0.00334497	35.1149
1.98113e+014	0.00320568	35.5464
1.98238e+014	0.00305578	35.9805
1.98363e+014	0.00289607	36.4173
1.98488e+014	0.00272756	36.8574
1.98613e+014	0.00255152	37.3015
1.98737e+014	0.0023696	37.7504
1.98862e+014	0.00218383	38.2055
1.98987e+014	0.0019967	38.6683
1.99112e+014	0.00181124	39.1411
1.99237e+014	0.00163107	39.6265
1.99362e+014	0.00146047	40.128
1.99487e+014	0.00130442	40.6488
1.99612e+014	0.00116838	41.192
1.99737e+014	0.00105772	41.7583
1.99862e+014	0.000976564	42.3441
('port 2',TE,1,'port 2',1,'transmission')
(101,3)
1.8737e+014	0.00384038	2.84378
1.87495e+014	0.00382677	3.09033
1.8762e+014	0.00372381	3.3246
1.87745e+014	0.00355326	3.54609
1.8787e+014	0.00333945	3.7547
1.87995e+014	0.00310592	3.95139
1.8812e+014	0.00287203	4.13887
1.88245e+014	0.0026498	4.32189
1.8837e+014	0.00244232	4.50696
1.88495e+014	0.00224458	4.70112
1.88619e+014	0.00204651	4.9107
1.88744e+014	0.00183708	5.14063
1.88869e+014	0.0016077	5.3947
1.88994e+014	0.00135415	5.67714
1.89119e+014	0.00107712	5.99595
1.89244e+014	0.000782568	6.37282
1.89369e+014	0.000486426	6.88664
1.89494e+014	0.000261677	7.91565
1.89619e+014	0.000360571	9.36799
1.89744e+014	0.000656207	10.0712
1.89869e+014	0.000984816	10.5412
1.89993e+014	0.00131887	10.9466
1.90118e+014	0.00164984	11.3257
1.90243e+014	0.00197166	11.6899
1.90368e+014	0.00227773	12.0434
1.90493e+014	0.00256016	12.3877
1.90618e+014	0.00281008	12.7236
1.90743e+014	0.00301822	13.0514
1.90868e+014	0.00317588	13.3714
1.90993e+014	0.0032758	13.6839
1.91118e+014	0.00331302	13.9892
1.91243e+014	0.00328537	14.2875
1.91368e+014	0.00319384	14.5788
1.91492e+014	0.00304249	14.8631
1.91617e+014	0.00283824	15.14
1.91742e+014	0.00259033	15.4089
1.91867e+014	0.00230973	15.6686
1.91992e+014	0.00200839	15.917
1.92117e+014	0.00169857	16.1511
1.92242e+014	0.0013922	16.365
1.92367e+014	0.00110072	16.5489
1.92492e+014	0.00083545	16.6838
1.92617e+014	0.000609994	16.7324
1.92742e+014	0.000446447	16.6302
1.92866e+014	0.000379731	16.3541
1.92991e+014	0.000421053	16.0911
1.93116e+014	0.000529108	15.9927
1.93241e+014	0.000668825	16.0172
1.93366e+014	0.000830514	16.1088
1.93491e+014	0.00101648	16.2397
1.93616e+014	0.00123238	16.3978
1.93741e+014	0.0014833	16.5779
1.93866e+014	0.00177183	16.7766
1.93991e+014	0.00209714	16.9915
1.94116e+014	0.00245454	17.2201
1.94241e+014	0.00283532	17.4599
1.94365e+014	0.0032268	17.709
1.9449e+014	0.00361266	17.9657
1.94615e+014	0.00397354	18.2286
1.9474e+014	0.00428793	18.4968
1.94865e+014	0.00453336	18.7696
1.9499e+014	0.00468785	19.0466
1.95115e+014	0.00473148	19.3278
1.9524e+014	0.00464805	19.6135
1.95365e+014	0.00442676	19.9045
1.9549e+014	0.00406369	20.2022
1.95615e+014	0.00356307	20.51
1.95739e+014	0.00293852	20.8346
1.95864e+014	0.00221524	21.1933
1.95989e+014	0.00143899	21.6427
1.96114e+014	0.000746925	22.4557
1.96239e+014	0.000763413	23.9988
1.96364e+014	0.00144382	24.787
1.96489e+014	0.00217386	25.2373
1.96614e+014	0.00281919	25.605
1.96739e+014	0.00332866	25.944
1.96864e+014	0.00367083	26.2717
1.96989e+014	0.003827	26.5956
1.97114e+014	0.00379085	26.9206
1.97238e+014	0.00356871	27.2512
1.97363e+014	0.00317962	27.5928
1.97488e+014	0.00265538	27.9556
1.97613e+014	0.00204168	28.3612
1.97738e+014	0.00140693	28.8673
1.97863e+014	0.000889989	29.6462
1.97988e+014	0.000803581	30.8066
1.98113e+014	0.00115004	31.67
1.98238e+014	0.00155733	32.2207
1.98363e+014	0.00187045	32.661
1.98488e+014	0.00203977	33.0642
1.98613e+014	0.00205105	33.4607
1.98737e+014	0.00191217	33.8722
1.98862e+014	0.0016527	34.3256
1.98987e+014	0.00133188	34.8695
1.99112e+014	0.00106309	35.584
1.99237e+014	0.00101821	36.4609
1.99362e+014	0.00124257	37.2456
1.99487e+014	0.00158099	37.8406
1.99612e+014	0.00189678	38.3231
1.99737e+014	0.0021165	38.7532
1.99862e+014	0.00220256	39.163
('port 3',TE,1,'port 2',1,'transmission')
(101,3)
1.8737e+014	0.12821	0.493514
1.87495e+014	0.127578	0.715511
1.8762e+014	0.126955	0.937474
1.87745e+014	0.126341	1.15942
1.8787e+014	0.125736	1.38137
1.87995e+014	0.125138	1.60332
1.8812e+014	0.124546	1.82529
1.88245e+014	0.123958	2.04727
1.8837e+014	0.123374	2.26927
1.88495e+014	0.122793	2.49128
1.88619e+014	0.122214	2.71329
1.88744e+014	0.121637	2.9353
1.88869e+014	0.121062	3.15732
1.88994e+014	0.120487	3.37934
1.89119e+014	0.119913	3.60136
1.89244e+014	0.119339	3.82336
1.89369e+014	0.118764	4.04533
1.89494e+014	0.118189	4.26727
1.89619e+014	0.117616	4.48917
1.89744e+014	0.117045	4.71102
1.89869e+014	0.116479	4.93282
1.89993e+014	0.115919	5.15458
1.90118e+014	0.115365	5.37632
1.90243e+014	0.114817	5.59805
1.90368e+014	0.114275	5.81978
1.90493e+014	0.113736	6.04152
1.90618e+014	0.1132	6.26327
1.90743e+014	0.112665	6.48502
1.90868e+014	0.11213	6.70677
1.90993e+014	0.111595	6.92849
1.91118e+014	0.111061	7.15019
1.91243e+014	0.110529	7.37185
1.91368e+014	0.109998	7.59348
1.91492e+014	0.109472	7.81506
1.91617e+014	0.10895	8.03661
1.91742e+014	0.108433	8.25813
1.91867e+014	0.107921	8.47964
1.91992e+014	0.107414	8.70113
1.92117e+014	0.106912	8.92261
1.92242e+014	0.106415	9.1441
1.92367e+014	0.105922	9.36558
1.92492e+014	0.105433	9.58708
1.92617e+014	0.104947	9.80859
1.92742e+014	0.104463	10.0301
1.92866e+014	0.103979	10.2517
1.92991e+014	0.103496	10.4732
1.93116e+014	0.103011	10.6948
1.93241e+014	0.102524	10.9164
1.93366e+014	0.102034	11.1379
1.93491e+014	0.101542	11.3594
1.93616e+014	0.101049	11.5808
1.93741e+014	0.100555	11.8022
1.93866e+014	0.100063	12.0235
1.93991e+014	0.0995742	12.2448
1.94116e+014	0.0990899	12.4659
1.94241e+014	0.0986119	12.687
1.94365e+014	0.0981418	12.908
1.9449e+014	0.0976807	13.129
1.94615e+014	0.0972292	13.35
1.9474e+014	0.0967875	13.5709
1.94865e+014	0.0963548	13.7919
1.9499e+014	0.0959297	14.013
1.95115e+014	0.0955096	14.2341
1.9524e+014	0.0950918	14.4552
1.95365e+014	0.0946729	14.6765
1.9549e+014	0.0942502	14.8978
1.95615e+014	0.0938213	15.1191
1.95739e+014	0.0933857	15.3404
1.95864e+014	0.0929437	15.5617
1.95989e+014	0.0924972	15.7829
1.96114e+014	0.0920491	16.004
1.96239e+014	0.0916026	16.225
1.96364e+014	0.0911604	16.4459
1.96489e+014	0.0907245	16.6667
1.96614e+014	0.090296	16.8875
1.96739e+014	0.0898747	17.1082
1.96864e+014	0.0894595	17.329
1.96989e+014	0.0890494	17.5497
1.97114e+014	0.0886433	17.7705
1.97238e+014	0.0882407	17.9912
1.97363e+014	0.0878418	18.2119
1.97488e+014	0.087447	18.4327
1.97613e+014	0.0870569	18.6534
1.97738e+014	0.0866713	18.8742
1.97863e+014	0.0862894	19.095
1.97988e+014	0.0859092	19.3159
1.98113e+014	0.0855283	19.5368
1.98238e+014	0.0851439	19.7577
1.98363e+014	0.0847542	19.9787
1.98488e+014	0.0843584	20.1997
1.98613e+014	0.0839575	20.4206
1.98737e+014	0.0835539	20.6414
1.98862e+014	0.0831513	20.862
1.98987e+014	0.0827535	21.0826
1.99112e+014	0.0823638	21.3031
1.99237e+014	0.081984	21.5235
1.99362e+014	0.0816143	21.7439
1.99487e+014	0.081253	21.9643
1.99612e+014	0.0808971	22.1849
1.99737e+014	0.0805436	22.4054
1.99862e+014	0.0801896	22.626
('port 4',TE,1,'port 2',1,'transmission')
(101,3)
1.8737e+014	0.976076	1.03456
1.87495e+014	0.976082	1.30627
1.8762e+014	0.976127	1.57794
1.87745e+014	0.976214	1.8496
1.8787e+014	0.976339	2.12125
1.87995e+014	0.97649	2.3929
1.8812e+014	0.976657	2.66456
1.88245e+014	0.976831	2.93624
1.8837e+014	0.977005	3.20792
1.88495e+014	0.977174	3.4796
1.88619e+014	0.977337	3.75128
1.88744e+014	0.977492	4.02296
1.88869e+014	0.977635	4.29463
1.88994e+014	0.977761	4.56631
1.89119e+014	0.977866	4.83797
1.89244e+014	0.977945	5.10962
1.89369e+014	0.977996	5.38125
1.89494e+014	0.978023	5.65284
1.89619e+014	0.978033	5.92439
1.89744e+014	0.978036	6.19589
1.89869e+014	0.978044	6.46735
1.89993e+014	0.978067	6.73877
1.90118e+014	0.97811	7.01016
1.90243e+014	0.978173	7.28153
1.90368e+014	0.978248	7.55289
1.90493e+014	0.978328	7.82425
1.90618e+014	0.978402	8.0956
1.90743e+014	0.978462	8.36695
1.90868e+014	0.978503	8.63827
1.90993e+014	0.978529	8.90956
1.91118e+014	0.978544	9.18082
1.91243e+014	0.978559	9.45203
1.91368e+014	0.978582	9.7232
1.91492e+014	0.978621	9.99434
1.91617e+014	0.978682	10.2655
1.91742e+014	0.978765	10.5365
1.91867e+014	0.978867	10.8076
1.91992e+014	0.978984	11.0787
1.92117e+014	0.979112	11.3498
1.92242e+014	0.979245	11.6208
1.92367e+014	0.979378	11.8919
1.92492e+014	0.979509	12.163
1.92617e+014	0.979633	12.4341
1.92742e+014	0.979746	12.7051
1.92866e+014	0.979843	12.9762
1.92991e+014	0.979918	13.2473
1.93116e+014	0.979968	13.5183
1.93241e+014	0.979989	13.7894
1.93366e+014	0.979982	14.0604
1.93491e+014	0.979947	14.3313
1.93616e+014	0.979891	14.6023
1.93741e+014	0.979818	14.8732
1.93866e+014	0.979735	15.144
1.93991e+014	0.979647	15.4148
1.94116e+014	0.979562	15.6856
1.94241e+014	0.979485	15.9563
1.94365e+014	0.979424	16.2269
1.9449e+014	0.979384	16.4975
1.94615e+014	0.979374	16.7681
1.9474e+014	0.979397	17.0386
1.94865e+014	0.979458	17.3092
1.9499e+014	0.979552	17.5797
1.95115e+014	0.979672	17.8502
1.9524e+014	0.979805	18.1208
1.95365e+014	0.979934	18.3913
1.9549e+014	0.980046	18.6619
1.95615e+014	0.980127	18.9325
1.95739e+014	0.980175	19.2031
1.95864e+014	0.980196	19.4736
1.95989e+014	0.980202	19.7441
1.96114e+014	0.980211	20.0145
1.96239e+014	0.98024	20.2849
1.96364e+014	0.9803	20.5552
1.96489e+014	0.980393	20.8256
1.96614e+014	0.980509	21.0959
1.96739e+014	0.98063	21.3663
1.96864e+014	0.980734	21.6367
1.96989e+014	0.980802	21.9071
1.97114e+014	0.980823	22.1775
1.97238e+014	0.980801	22.4478
1.97363e+014	0.98075	22.7181
1.97488e+014	0.980695	22.9883
1.97613e+014	0.980662	23.2584
1.97738e+014	0.980672	23.5285
1.97863e+014	0.980734	23.7986
1.97988e+014	0.980842	24.0687
1.98113e+014	0.980978	24.3388
1.98238e+014	0.981114	24.609
1.98363e+014	0.981222	24.8791
1.98488e+014	0.981283	25.1493
1.98613e+014	0.981292	25.4195
1.98737e+014	0.981258	25.6896
1.98862e+014	0.981203	25.9596
1.98987e+014	0.981153	26.2296
1.99112e+014	0.981133	26.4996
1.99237e+014	0.981155	26.7695
1.99362e+014	0.981216	27.0394
1.99487e+014	0.981298	27.3093
1.99612e+014	0.981375	27.5793
1.99737e+014	0.981421	27.8493
1.99862e+014	0.981418	28.1192
('port 1',TE,1,'port 3',1,'transmission')
(101,3)
1.8737e+014	0.977786	-0.0476249
1.87495e+014	0.977823	0.124808
1.8762e+014	0.977853	0.297211
1.87745e+014	0.977884	0.469584
1.8787e+014	0.977921	0.641927
1.87995e+014	0.977969	0.814245
1.8812e+014	0.978033	0.986542
1.88245e+014	0.978114	1.15882
1.8837e+014	0.978212	1.3311
1.88495e+014	0.978324	1.50337
1.88619e+014	0.978447	1.67564
1.88744e+014	0.978576	1.84792
1.88869e+014	0.978705	2.0202
1.88994e+014	0.978831	2.19248
1.89119e+014	0.978949	2.36476
1.89244e+014	0.979057	2.53704
1.89369e+014	0.979153	2.70931
1.89494e+014	0.979237	2.88157
1.89619e+014	0.979311	3.05382
1.89744e+014	0.979378	3.22605
1.89869e+014	0.979439	3.39826
1.89993e+014	0.979499	3.57045
1.90118e+014	0.979558	3.74263
1.90243e+014	0.979619	3.91479
1.90368e+014	0.979683	4.08694
1.90493e+014	0.97975	4.25907
1.90618e+014	0.979818	4.4312
1.90743e+014	0.979887	4.60331
1.90868e+014	0.979954	4.77542
1.90993e+014	0.98002	4.94751
1.91118e+014	0.980082	5.1196
1.91243e+014	0.98014	5.29168
1.91368e+014	0.980194	5.46374
1.91492e+014	0.980245	5.63579
1.91617e+014	0.980293	5.80782
1.91742e+014	0.98034	5.97984
1.91867e+014	0.980387	6.15184
1.91992e+014	0.980435	6.32382
1.92117e+014	0.980485	6.4958
1.92242e+014	0.980536	6.66776
1.92367e+014	0.980589	6.83971
1.92492e+014	0.980643	7.01164
1.92617e+014	0.980698	7.18357
1.92742e+014	0.980754	7.35548
1.92866e+014	0.98081	7.52738
1.92991e+014	0.980866	7.69927
1.93116e+014	0.980922	7.87115
1.93241e+014	0.980979	8.04302
1.93366e+014	0.981037	8.21488
1.93491e+014	0.981095	8.38673
1.93616e+014	0.981154	8.55857
1.93741e+014	0.981213	8.7304
1.93866e+014	0.981271	8.90222
1.93991e+014	0.981325	9.07404
1.94116e+014	0.981375	9.24585
1.94241e+014	0.981416	9.41765
1.94365e+014	0.981449	9.58944
1.9449e+014	0.981471	9.76122
1.94615e+014	0.981483	9.93298
1.9474e+014	0.981485	10.1047
1.94865e+014	0.981479	10.2764
1.9499e+014	0.981468	10.4481
1.95115e+014	0.981457	10.6198
1.9524e+014	0.98145	10.7915
1.95365e+014	0.98145	10.9631
1.9549e+014	0.981463	11.1347
1.95615e+014	0.981489	11.3063
1.95739e+014	0.981531	11.4778
1.95864e+014	0.981585	11.6494
1.95989e+014	0.981651	11.821
1.96114e+014	0.981723	11.9925
1.96239e+014	0.981795	12.1641
1.96364e+014	0.981863	12.3357
1.96489e+014	0.98192	12.5072
1.96614e+014	0.981963	12.6788
1.96739e+014	0.981989	12.8504
1.96864e+014	0.981997	13.0219
1.96989e+014	0.981991	13.1934
1.97114e+014	0.981974	13.3649
1.97238e+014	0.981953	13.5364
1.97363e+014	0.981934	13.7078
1.97488e+014	0.981925	13.8792
1.97613e+014	0.981931	14.0505
1.97738e+014	0.981957	14.2219
1.97863e+014	0.982006	14.3932
1.97988e+014	0.982077	14.5646
1.98113e+014	0.982167	14.7359
1.98238e+014	0.98227	14.9072
1.98363e+014	0.982379	15.0786
1.98488e+014	0.982487	15.2499
1.98613e+014	0.982587	15.4213
1.98737e+014	0.98267	15.5927
1.98862e+014	0.982734	15.764
1.98987e+014	0.982775	15.9354
1.99112e+014	0.982796	16.1068
1.99237e+014	0.982799	16.2781
1.99362e+014	0.982789	16.4494
1.99487e+014	0.982773	16.6207
1.99612e+014	0.982759	16.7919
1.99737e+014	0.982752	16.9631
1.99862e+014	0.982757	17.1343
('port 2',TE,1,'port 3',1,'transmission')
(101,3)
1.8737e+014	0.129151	0.493509
1.87495e+014	0.128522	0.715636
1.8762e+014	0.127894	0.93773
1.87745e+014	0.127271	1.15979
1.8787e+014	0.126651	1.38182
1.87995e+014	0.126036	1.60383
1.8812e+014	0.125427	1.82581
1.88245e+014	0.124822	2.04777
1.8837e+014	0.124223	2.26973
1.88495e+014	0.123628	2.49168
1.88619e+014	0.123038	2.71363
1.88744e+014	0.122452	2.93558
1.88869e+014	0.121868	3.15753
1.88994e+014	0.121287	3.37948
1.89119e+014	0.120708	3.60143
1.89244e+014	0.12013	3.82337
1.89369e+014	0.119555	4.0453
1.89494e+014	0.118981	4.26721
1.89619e+014	0.118409	4.48909
1.89744e+014	0.117839	4.71096
1.89869e+014	0.117272	4.9328
1.89993e+014	0.116708	5.15462
1.90118e+014	0.116148	5.37641
1.90243e+014	0.115591	5.59818
1.90368e+014	0.115039	5.81993
1.90493e+014	0.11449	6.04166
1.90618e+014	0.113945	6.26338
1.90743e+014	0.113404	6.48508
1.90868e+014	0.112866	6.70677
1.90993e+014	0.112331	6.92845
1.91118e+014	0.111799	7.15012
1.91243e+014	0.11127	7.37177
1.91368e+014	0.110744	7.5934
1.91492e+014	0.110221	7.81503
1.91617e+014	0.109701	8.03663
1.91742e+014	0.109183	8.25822
1.91867e+014	0.108668	8.4798
1.91992e+014	0.108156	8.70136
1.92117e+014	0.107647	8.9229
1.92242e+014	0.10714	9.14444
1.92367e+014	0.106636	9.36595
1.92492e+014	0.106135	9.58746
1.92617e+014	0.105636	9.80895
1.92742e+014	0.105139	10.0304
1.92866e+014	0.104644	10.2519
1.92991e+014	0.104152	10.4733
1.93116e+014	0.103662	10.6948
1.93241e+014	0.103174	10.9162
1.93366e+014	0.102688	11.1376
1.93491e+014	0.102205	11.359
1.93616e+014	0.101724	11.5803
1.93741e+014	0.101246	11.8017
1.93866e+014	0.10077	12.023
1.93991e+014	0.100296	12.2443
1.94116e+014	0.0998245	12.4656
1.94241e+014	0.0993548	12.6869
1.94365e+014	0.098887	12.9081
1.9449e+014	0.0984209	13.1294
1.94615e+014	0.0979567	13.3506
1.9474e+014	0.0974945	13.5718
1.94865e+014	0.0970344	13.793
1.9499e+014	0.0965769	14.0141
1.95115e+014	0.0961223	14.2352
1.9524e+014	0.095671	14.4563
1.95365e+014	0.0952235	14.6773
1.9549e+014	0.09478	14.8984
1.95615e+014	0.0943406	15.1194
1.95739e+014	0.0939055	15.3404
1.95864e+014	0.0934743	15.5614
1.95989e+014	0.0930468	15.7824
1.96114e+014	0.0926223	16.0033
1.96239e+014	0.0922004	16.2243
1.96364e+014	0.0917804	16.4453
1.96489e+014	0.0913617	16.6663
1.96614e+014	0.0909439	16.8873
1.96739e+014	0.0905266	17.1083
1.96864e+014	0.0901099	17.3293
1.96989e+014	0.0896939	17.5502
1.97114e+014	0.0892789	17.7711
1.97238e+014	0.0888654	17.992
1.97363e+014	0.088454	18.2128
1.97488e+014	0.0880452	18.4336
1.97613e+014	0.0876397	18.6544
1.97738e+014	0.0872377	18.8752
1.97863e+014	0.0868395	19.0959
1.97988e+014	0.0864448	19.3166
1.98113e+014	0.0860535	19.5373
1.98238e+014	0.085665	19.758
1.98363e+014	0.0852788	19.9788
1.98488e+014	0.0848941	20.1995
1.98613e+014	0.0845104	20.4202
1.98737e+014	0.0841272	20.6409
1.98862e+014	0.0837441	20.8617
1.98987e+014	0.0833611	21.0824
1.99112e+014	0.0829782	21.303
1.99237e+014	0.0825958	21.5237
1.99362e+014	0.0822146	21.7443
1.99487e+014	0.0818349	21.9649
1.99612e+014	0.0814576	22.1855
1.99737e+014	0.0810831	22.406
1.99862e+014	0.0807118	22.6265
('port 3',TE,1,'port 3',1,'transmission')
(101,3)
1.8737e+014	0.0320349	1.70813
1.87495e+014	0.0323128	1.91125
1.8762e+014	0.0319308	2.11086
1.87745e+014	0.0309063	2.30771
1.8787e+014	0.0292749	2.50239
1.87995e+014	0.0270891	2.69543
1.8812e+014	0.0244154	2.88732
1.88245e+014	0.0213324	3.07869
1.8837e+014	0.0179277	3.27043
1.88495e+014	0.0142953	3.46418
1.88619e+014	0.0105332	3.66367
1.88744e+014	0.0067421	3.88053
1.88869e+014	0.00303812	4.18083
1.88994e+014	0.000905657	6.48058
1.89119e+014	0.00404612	7.30194
1.89244e+014	0.00708741	7.5492
1.89369e+014	0.00978205	7.75107
1.89494e+014	0.0120723	7.93917
1.89619e+014	0.013922	8.12079
1.89744e+014	0.0153103	8.2985
1.89869e+014	0.0162305	8.47342
1.89993e+014	0.0166894	8.64608
1.90118e+014	0.0167059	8.81672
1.90243e+014	0.0163102	8.98542
1.90368e+014	0.0155423	9.15207
1.90493e+014	0.0144502	9.31643
1.90618e+014	0.0130884	9.47795
1.90743e+014	0.0115165	9.63569
1.90868e+014	0.00979725	9.78787
1.90993e+014	0.00799582	9.93103
1.91118e+014	0.00617935	10.0578
1.91243e+014	0.00441981	10.1504
1.91368e+014	0.00280957	10.1556
1.91492e+014	0.001554	9.87503
1.91617e+014	0.00130398	9.05901
1.91742e+014	0.00201293	8.67381
1.91867e+014	0.00278243	8.67063
1.91992e+014	0.0033575	8.79552
1.92117e+014	0.00368766	8.98585
1.92242e+014	0.00377969	9.23092
1.92367e+014	0.00368688	9.54051
1.92492e+014	0.00352994	9.93521
1.92617e+014	0.00352237	10.4233
1.92742e+014	0.00391647	10.9534
1.92866e+014	0.00482554	11.4343
1.92991e+014	0.00617207	11.8283
1.93116e+014	0.007817	12.1513
1.93241e+014	0.00963638	12.4276
1.93366e+014	0.0115269	12.6746
1.93491e+014	0.0133974	12.9032
1.93616e+014	0.0151638	13.1201
1.93741e+014	0.0167466	13.3297
1.93866e+014	0.0180714	13.5349
1.93991e+014	0.0190701	13.7377
1.94116e+014	0.0196821	13.9399
1.94241e+014	0.019857	14.1432
1.94365e+014	0.0195564	14.3491
1.9449e+014	0.0187566	14.56
1.94615e+014	0.0174513	14.779
1.9474e+014	0.0156563	15.0117
1.94865e+014	0.0134181	15.2681
1.9499e+014	0.0108367	15.5704
1.95115e+014	0.00814102	15.9716
1.9524e+014	0.00596134	16.5965
1.95365e+014	0.00575912	17.4832
1.9549e+014	0.00806956	18.1952
1.95615e+014	0.0115969	18.6429
1.95739e+014	0.0155214	18.9671
1.95864e+014	0.0195006	19.2364
1.95989e+014	0.0233405	19.4782
1.96114e+014	0.0268981	19.705
1.96239e+014	0.030054	19.9229
1.96364e+014	0.0327064	20.1356
1.96489e+014	0.0347695	20.3451
1.96614e+014	0.0361746	20.5529
1.96739e+014	0.036872	20.7602
1.96864e+014	0.0368322	20.968
1.96989e+014	0.0360469	21.1771
1.97114e+014	0.0345304	21.3886
1.97238e+014	0.0323192	21.6041
1.97363e+014	0.0294726	21.8256
1.97488e+014	0.0260732	22.0564
1.97613e+014	0.0222293	22.3026
1.97738e+014	0.0180835	22.5754
1.97863e+014	0.0138417	22.9
1.97988e+014	0.00987512	23.3376
1.98113e+014	0.00707101	24.0195
1.98238e+014	0.0070281	24.9122
1.98363e+014	0.00955588	25.5821
1.98488e+014	0.0129324	26.0152
1.98613e+014	0.0162973	26.3406
1.98737e+014	0.0193157	26.6172
1.98862e+014	0.0218234	26.8691
1.98987e+014	0.0237259	27.1077
1.99112e+014	0.0249695	27.3388
1.99237e+014	0.0255311	27.5661
1.99362e+014	0.0254142	27.7919
1.99487e+014	0.0246463	28.0181
1.99612e+014	0.023277	28.2467
1.99737e+014	0.0213758	28.4798
1.99862e+014	0.0190301	28.7204
('port 4',TE,1,'port 3',1,'transmission')
(101,3)
1.8737e+014	0.000791194	-0.734137
1.87495e+014	0.000833246	-0.284675
1.8762e+014	0.000878149	0.153373
1.87745e+014	0.000924373	0.582237
1.8787e+014	0.000971026	1.00393
1.87995e+014	0.00101769	1.42003
1.8812e+014	0.00106423	1.83171
1.88245e+014	0.00111066	2.23972
1.8837e+014	0.00115697	2.64456
1.88495e+014	0.00120309	3.04654
1.88619e+014	0.00124879	3.44589
1.88744e+014	0.00129374	3.84286
1.88869e+014	0.00133749	4.23774
1.88994e+014	0.00137957	4.63089
1.89119e+014	0.00141954	5.02279
1.89244e+014	0.00145711	5.41393
1.89369e+014	0.00149214	5.80488
1.89494e+014	0.00152475	6.19618
1.89619e+014	0.00155532	6.58832
1.89744e+014	0.00158451	6.98172
1.89869e+014	0.00161321	7.37662
1.89993e+014	0.00164248	7.77312
1.90118e+014	0.00167351	8.1711
1.90243e+014	0.00170745	8.57025
1.90368e+014	0.00174536	8.97008
1.90493e+014	0.00178807	9.36996
1.90618e+014	0.00183614	9.76921
1.90743e+014	0.00188977	10.1671
1.90868e+014	0.00194886	10.5632
1.90993e+014	0.00201301	10.9568
1.91118e+014	0.00208157	11.3478
1.91243e+014	0.00215376	11.7359
1.91368e+014	0.00222872	12.1211
1.91492e+014	0.00230555	12.5034
1.91617e+014	0.00238341	12.8831
1.91742e+014	0.00246154	13.2603
1.91867e+014	0.00253924	13.6352
1.91992e+014	0.00261591	14.0081
1.92117e+014	0.00269103	14.379
1.92242e+014	0.0027641	14.7482
1.92367e+014	0.00283469	15.1159
1.92492e+014	0.00290234	15.4821
1.92617e+014	0.00296661	15.847
1.92742e+014	0.00302705	16.2106
1.92866e+014	0.00308317	16.5732
1.92991e+014	0.0031345	16.9347
1.93116e+014	0.00318058	17.2954
1.93241e+014	0.00322098	17.6553
1.93366e+014	0.00325534	18.0146
1.93491e+014	0.00328336	18.3735
1.93616e+014	0.00330487	18.7322
1.93741e+014	0.00331981	19.0908
1.93866e+014	0.00332822	19.4495
1.93991e+014	0.0033303	19.8084
1.94116e+014	0.00332635	20.1677
1.94241e+014	0.00331676	20.5276
1.94365e+014	0.00330201	20.888
1.9449e+014	0.00328259	21.2491
1.94615e+014	0.00325901	21.6108
1.9474e+014	0.00323176	21.9733
1.94865e+014	0.00320126	22.3364
1.9499e+014	0.00316785	22.7001
1.95115e+014	0.00313179	23.0645
1.9524e+014	0.00309324	23.4293
1.95365e+014	0.00305229	23.7946
1.9549e+014	0.00300898	24.1605
1.95615e+014	0.00296334	24.5269
1.95739e+014	0.00291539	24.8939
1.95864e+014	0.00286524	25.2615
1.95989e+014	0.00281307	25.63
1.96114e+014	0.00275916	25.9994
1.96239e+014	0.00270393	26.3699
1.96364e+014	0.00264789	26.7415
1.96489e+014	0.00259165	27.1143
1.96614e+014	0.00253584	27.4884
1.96739e+014	0.00248109	27.8635
1.96864e+014	0.00242794	28.2395
1.96989e+014	0.00237681	28.6162
1.97114e+014	0.00232786	28.9933
1.97238e+014	0.00228105	29.3703
1.97363e+014	0.00223605	29.7469
1.97488e+014	0.00219228	30.1227
1.97613e+014	0.00214894	30.4974
1.97738e+014	0.00210509	30.8708
1.97863e+014	0.00205971	31.2428
1.97988e+014	0.00201181	31.6134
1.98113e+014	0.00196051	31.983
1.98238e+014	0.00190508	32.3517
1.98363e+014	0.00184508	32.72
1.98488e+014	0.00178033	33.0885
1.98613e+014	0.00171093	33.4579
1.98737e+014	0.00163732	33.8288
1.98862e+014	0.00156021	34.2021
1.98987e+014	0.00148054	34.5784
1.99112e+014	0.00139943	34.9587
1.99237e+014	0.00131813	35.3436
1.99362e+014	0.00123788	35.734
1.99487e+014	0.00115989	36.1304
1.99612e+014	0.0010852	36.5332
1.99737e+014	0.00101464	36.9428
1.99862e+014	0.000948756	37.3594
('port 1',TE,1,'port 4',1,'transmission')
(101,3)
1.8737e+014	0.12821	-2.64808
1.87495e+014	0.127578	-2.42608
1.8762e+014	0.126955	-2.20412
1.87745e+014	0.126341	-1.98217
1.8787e+014	0.125736	-1.76023
1.87995e+014	0.125138	-1.53827
1.8812e+014	0.124546	-1.3163
1.88245e+014	0.123958	-1.09432
1.8837e+014	0.123374	-0.872323
1.88495e+014	0.122793	-0.650317
1.88619e+014	0.122214	-0.428306
1.88744e+014	0.121637	-0.20629
1.88869e+014	0.121062	0.0157293
1.88994e+014	0.120487	0.237749
1.89119e+014	0.119913	0.459763
1.89244e+014	0.119339	0.681764
1.89369e+014	0.118764	0.90374
1.89494e+014	0.118189	1.12568
1.89619e+014	0.117616	1.34758
1.89744e+014	0.117045	1.56942
1.89869e+014	0.116479	1.79123
1.89993e+014	0.115919	2.01299
1.90118e+014	0.115365	2.23473
1.90243e+014	0.114817	2.45646
1.90368e+014	0.114275	2.67819
1.90493e+014	0.113736	2.89993
1.90618e+014	0.1132	3.12168
1.90743e+014	0.112665	3.34343
1.90868e+014	0.11213	3.56517
1.90993e+014	0.111595	3.7869
1.91118e+014	0.111061	4.0086
1.91243e+014	0.110529	4.23026
1.91368e+014	0.109998	4.45188
1.91492e+014	0.109472	4.67347
1.91617e+014	0.10895	4.89502
1.91742e+014	0.108433	5.11654
1.91867e+014	0.107921	5.33805
1.91992e+014	0.107414	5.55954
1.92117e+014	0.106912	5.78102
1.92242e+014	0.106415	6.0025
1.92367e+014	0.105922	6.22399
1.92492e+014	0.105433	6.44549
1.92617e+014	0.104947	6.667
1.92742e+014	0.104463	6.88853
1.92866e+014	0.103979	7.11008
1.92991e+014	0.103496	7.33164
1.93116e+014	0.103011	7.55321
1.93241e+014	0.102524	7.77477
1.93366e+014	0.102034	7.99631
1.93491e+014	0.101542	8.21781
1.93616e+014	0.101049	8.43925
1.93741e+014	0.100555	8.66064
1.93866e+014	0.100063	8.88194
1.93991e+014	0.0995742	9.10318
1.94116e+014	0.0990899	9.32433
1.94241e+014	0.0986119	9.54542
1.94365e+014	0.0981418	9.76644
1.9449e+014	0.0976807	9.98743
1.94615e+014	0.0972292	10.2084
1.9474e+014	0.0967875	10.4293
1.94865e+014	0.0963548	10.6503
1.9499e+014	0.0959297	10.8714
1.95115e+014	0.0955096	11.0925
1.9524e+014	0.0950918	11.3136
1.95365e+014	0.0946729	11.5349
1.9549e+014	0.0942502	11.7562
1.95615e+014	0.0938213	11.9775
1.95739e+014	0.0933857	12.1988
1.95864e+014	0.0929437	12.4201
1.95989e+014	0.0924972	12.6413
1.96114e+014	0.0920491	12.8624
1.96239e+014	0.0916026	13.0834
1.96364e+014	0.0911604	13.3043
1.96489e+014	0.0907245	13.5251
1.96614e+014	0.090296	13.7459
1.96739e+014	0.0898747	13.9666
1.96864e+014	0.0894595	14.1874
1.96989e+014	0.0890494	14.4081
1.97114e+014	0.0886433	14.6289
1.97238e+014	0.0882407	14.8496
1.97363e+014	0.0878418	15.0704
1.97488e+014	0.087447	15.2911
1.97613e+014	0.0870569	15.5118
1.97738e+014	0.0866713	15.7326
1.97863e+014	0.0862894	15.9534
1.97988e+014	0.0859092	16.1743
1.98113e+014	0.0855283	16.3952
1.98238e+014	0.0851439	16.6161
1.98363e+014	0.0847542	16.8371
1.98488e+014	0.0843584	17.0581
1.98613e+014	0.0839575	17.279
1.98737e+014	0.0835539	17.4998
1.98862e+014	0.0831513	17.7204
1.98987e+014	0.0827535	17.941
1.99112e+014	0.0823638	18.1615
1.99237e+014	0.081984	18.3819
1.99362e+014	0.0816143	18.6023
1.99487e+014	0.081253	18.8228
1.99612e+014	0.0808971	19.0433
1.99737e+014	0.0805436	19.2638
1.99862e+014	0.0801896	19.4845
('port 2',TE,1,'port 4',1,'transmission')
(101,3)
1.8737e+014	0.976076	1.03456
1.87495e+014	0.976082	1.30627
1.8762e+014	0.976127	1.57794
1.87745e+014	0.976214	1.8496
1.8787e+014	0.976339	2.12125
1.87995e+014	0.97649	2.3929
1.8812e+014	0.976657	2.66456
1.88245e+014	0.976831	2.93624
1.8837e+014	0.977005	3.20792
1.88495e+014	0.977174	3.4796
1.88619e+014	0.977337	3.75128
1.88744e+014	0.977492	4.02296
1.88869e+014	0.977635	4.29463
1.88994e+014	0.977761	4.56631
1.89119e+014	0.977866	4.83797
1.89244e+014	0.977945	5.10962
1.89369e+014	0.977996	5.38125
1.89494e+014	0.978023	5.65284
1.89619e+014	0.978033	5.92439
1.89744e+014	0.978036	6.19589
1.89869e+014	0.978044	6.46735
1.89993e+014	0.978067	6.73877
1.90118e+014	0.97811	7.01016
1.90243e+014	0.978173	7.28153
1.90368e+014	0.978248	7.55289
1.90493e+014	0.978328	7.82425
1.90618e+014	0.978402	8.0956
1.90743e+014	0.978462	8.36695
1.90868e+014	0.978503	8.63827
1.90993e+014	0.978529	8.90956
1.91118e+014	0.978544	9.18082
1.91243e+014	0.978559	9.45203
1.91368e+014	0.978582	9.7232
1.91492e+014	0.978621	9.99434
1.91617e+014	0.978682	10.2655
1.91742e+014	0.978765	10.5365
1.91867e+014	0.978867	10.8076
1.91992e+014	0.978984	11.0787
1.92117e+014	0.979112	11.3498
1.92242e+014	0.979245	11.6208
1.92367e+014	0.979378	11.8919
1.92492e+014	0.979509	12.163
1.92617e+014	0.979633	12.4341
1.92742e+014	0.979746	12.7051
1.92866e+014	0.979843	12.9762
1.92991e+014	0.979918	13.2473
1.93116e+014	0.979968	13.5183
1.93241e+014	0.979989	13.7894
1.93366e+014	0.979982	14.0604
1.93491e+014	0.979947	14.3313
1.93616e+014	0.979891	14.6023
1.93741e+014	0.979818	14.8732
1.93866e+014	0.979735	15.144
1.93991e+014	0.979647	15.4148
1.94116e+014	0.979562	15.6856
1.94241e+014	0.979485	15.9563
1.94365e+014	0.979424	16.2269
1.9449e+014	0.979384	16.4975
1.94615e+014	0.979374	16.7681
1.9474e+014	0.979397	17.0386
1.94865e+014	0.979458	17.3092
1.9499e+014	0.979552	17.5797
1.95115e+014	0.979672	17.8502
1.9524e+014	0.979805	18.1208
1.95365e+014	0.979934	18.3913
1.9549e+014	0.980046	18.6619
1.95615e+014	0.980127	18.9325
1.95739e+014	0.980175	19.2031
1.95864e+014	0.980196	19.4736
1.95989e+014	0.980202	19.7441
1.96114e+014	0.980211	20.0145
1.96239e+014	0.98024	20.2849
1.96364e+014	0.9803	20.5552
1.96489e+014	0.980393	20.8256
1.96614e+014	0.980509	21.0959
1.96739e+014	0.98063	21.3663
1.96864e+014	0.980734	21.6367
1.96989e+014	0.980802	21.9071
1.97114e+014	0.980823	22.1775
1.97238e+014	0.980801	22.4478
1.97363e+014	0.98075	22.7181
1.97488e+014	0.980695	22.9883
1.97613e+014	0.980662	23.2584
1.97738e+014	0.980672	23.5285
1.97863e+014	0.980734	23.7986
1.97988e+014	0.980842	24.0687
1.98113e+014	0.980978	24.3388
1.98238e+014	0.981114	24.609
1.98363e+014	0.981222	24.8791
1.98488e+014	0.981283	25.1493
1.98613e+014	0.981292	25.4195
1.98737e+014	0.981258	25.6896
1.98862e+014	0.981203	25.9596
1.98987e+014	0.981153	26.2296
1.99112e+014	0.981133	26.4996
1.99237e+014	0.981155	26.7695
1.99362e+014	0.981216	27.0394
1.99487e+014	0.981298	27.3093
1.99612e+014	0.981375	27.5793
1.99737e+014	0.981421	27.8493
1.99862e+014	0.981418	28.1192
('port 3',TE,1,'port 4',1,'transmission')
(101,3)
1.8737e+014	0.000236977	-0.751156
1.87495e+014	0.000334173	-0.335957
1.8762e+014	0.000440505	0.0940123
1.87745e+014	0.000554954	0.526467
1.8787e+014	0.000675948	0.956865
1.87995e+014	0.000801343	1.38365
1.8812e+014	0.000928564	1.80661
1.88245e+014	0.0010548	2.22614
1.8837e+014	0.00117723	2.64294
1.88495e+014	0.00129323	3.05783
1.88619e+014	0.00140054	3.47163
1.88744e+014	0.00149744	3.88514
1.88869e+014	0.00158282	4.29908
1.88994e+014	0.00165624	4.71405
1.89119e+014	0.00171791	5.13052
1.89244e+014	0.00176861	5.54879
1.89369e+014	0.00180961	5.96898
1.89494e+014	0.00184248	6.39097
1.89619e+014	0.00186896	6.81446
1.89744e+014	0.00189075	7.23894
1.89869e+014	0.00190935	7.66375
1.89993e+014	0.00192595	8.0881
1.90118e+014	0.00194137	8.51117
1.90243e+014	0.00195604	8.93214
1.90368e+014	0.00197006	9.35026
1.90493e+014	0.00198329	9.76488
1.90618e+014	0.00199542	10.1755
1.90743e+014	0.00200612	10.5815
1.90868e+014	0.00201507	10.9828
1.90993e+014	0.00202204	11.379
1.91118e+014	0.00202692	11.7699
1.91243e+014	0.00202971	12.1553
1.91368e+014	0.0020305	12.5351
1.91492e+014	0.00202951	12.9093
1.91617e+014	0.002027	13.2777
1.91742e+014	0.00202329	13.6403
1.91867e+014	0.0020188	13.9971
1.91992e+014	0.00201397	14.3481
1.92117e+014	0.00200932	14.6936
1.92242e+014	0.00200545	15.0335
1.92367e+014	0.00200303	15.3683
1.92492e+014	0.00200277	15.6982
1.92617e+014	0.00200549	16.0236
1.92742e+014	0.00201202	16.3451
1.92866e+014	0.00202323	16.6633
1.92991e+014	0.00203997	16.9788
1.93116e+014	0.00206308	17.2925
1.93241e+014	0.00209332	17.6051
1.93366e+014	0.00213131	17.9176
1.93491e+014	0.00217753	18.2307
1.93616e+014	0.00223227	18.5454
1.93741e+014	0.00229557	18.8625
1.93866e+014	0.00236726	19.1825
1.93991e+014	0.0024469	19.5063
1.94116e+014	0.0025338	19.8341
1.94241e+014	0.00262707	20.1665
1.94365e+014	0.00272563	20.5037
1.9449e+014	0.00282824	20.8458
1.94615e+014	0.00293357	21.1929
1.9474e+014	0.00304023	21.5451
1.94865e+014	0.00314683	21.9023
1.9499e+014	0.00325197	22.2645
1.95115e+014	0.00335437	22.6315
1.9524e+014	0.00345279	23.0032
1.95365e+014	0.00354617	23.3795
1.9549e+014	0.00363356	23.7602
1.95615e+014	0.00371419	24.1451
1.95739e+014	0.00378744	24.534
1.95864e+014	0.00385282	24.9266
1.95989e+014	0.00390995	25.3226
1.96114e+014	0.00395847	25.7219
1.96239e+014	0.00399802	26.1241
1.96364e+014	0.00402819	26.5291
1.96489e+014	0.00404847	26.9365
1.96614e+014	0.00405827	27.3463
1.96739e+014	0.00405691	27.7582
1.96864e+014	0.00404374	28.172
1.96989e+014	0.00401815	28.5877
1.97114e+014	0.00397965	29.0051
1.97238e+014	0.00392794	29.4241
1.97363e+014	0.0038629	29.8448
1.97488e+014	0.0037846	30.267
1.97613e+014	0.00369328	30.6909
1.97738e+014	0.00358928	31.1165
1.97863e+014	0.00347302	31.5439
1.97988e+014	0.00334497	31.9733
1.98113e+014	0.00320568	32.4048
1.98238e+014	0.00305578	32.8389
1.98363e+014	0.00289607	33.2757
1.98488e+014	0.00272756	33.7158
1.98613e+014	0.00255152	34.1599
1.98737e+014	0.0023696	34.6088
1.98862e+014	0.00218383	35.0639
1.98987e+014	0.0019967	35.5267
1.99112e+014	0.00181124	35.9995
1.99237e+014	0.00163107	36.485
1.99362e+014	0.00146047	36.9864
1.99487e+014	0.00130442	37.5072
1.99612e+014	0.00116838	38.0504
1.99737e+014	0.00105772	38.6167
1.99862e+014	0.000976564	39.2025
('port 4',TE,1,'port 4',1,'transmission')
(101,3)
1.8737e+014	0.00384038	2.84378
1.87495e+014	0.00382677	3.09033
1.8762e+014	0.00372381	3.3246
1.87745e+014	0.00355326	3.54609
1.8787e+014	0.00333945	3.7547
1.87995e+014	0.00310592	3.95139
1.8812e+014	0.00287203	4.13887
1.88245e+014	0.0026498	4.32189
1.8837e+014	0.00244232	4.50696
1.88495e+014	0.00224458	4.70112
1.88619e+014	0.00204651	4.9107
1.88744e+014	0.00183708	5.14063
1.88869e+014	0.0016077	5.3947
1.88994e+014	0.00135415	5.67714
1.89119e+014	0.00107712	5.99595
1.89244e+014	0.000782568	6.37282
1.89369e+014	0.000486426	6.88664
1.89494e+014	0.000261677	7.91565
1.89619e+014	0.000360571	9.36799
1.89744e+014	0.000656207	10.0712
1.89869e+014	0.000984816	10.5412
1.89993e+014	0.00131887	10.9466
1.90118e+014	0.00164984	11.3257
1.90243e+014	0.00197166	11.6899
1.90368e+014	0.00227773	12.0434
1.90493e+014	0.00256016	12.3877
1.90618e+014	0.00281008	12.7236
1.90743e+014	0.00301822	13.0514
1.90868e+014	0.00317588	13.3714
1.90993e+014	0.0032758	13.6839
1.91118e+014	0.00331302	13.9892
1.91243e+014	0.00328537	14.2875
1.91368e+014	0.00319384	14.5788
1.91492e+014	0.00304249	14.8631
1.91617e+014	0.00283824	15.14
1.91742e+014	0.00259033	15.4089
1.91867e+014	0.00230973	15.6686
1.91992e+014	0.00200839	15.917
1.92117e+014	0.00169857	16.1511
1.92242e+014	0.0013922	16.365
1.92367e+014	0.00110072	16.5489
1.92492e+014	0.00083545	16.6838
1.92617e+014	0.000609994	16.7324
1.92742e+014	0.000446447	16.6302
1.92866e+014	0.000379731	16.3541
1.92991e+014	0.000421053	16.0911
1.93116e+014	0.000529108	15.9927
1.93241e+014	0.000668825	16.0172
1.93366e+014	0.000830514	16.1088
1.93491e+014	0.00101648	16.2397
1.93616e+014	0.00123238	16.3978
1.93741e+014	0.0014833	16.5779
1.93866e+014	0.00177183	16.7766
1.93991e+014	0.00209714	16.9915
1.94116e+014	0.00245454	17.2201
1.94241e+014	0.00283532	17.4599
1.94365e+014	0.0032268	17.709
1.9449e+014	0.00361266	17.9657
1.94615e+014	0.00397354	18.2286
1.9474e+014	0.00428793	18.4968
1.94865e+014	0.00453336	18.7696
1.9499e+014	0.00468785	19.0466
1.95115e+014	0.00473148	19.3278
1.9524e+014	0.00464805	19.6135
1.95365e+014	0.00442676	19.9045
1.9549e+014	0.00406369	20.2022
1.95615e+014	0.00356307	20.51
1.95739e+014	0.00293852	20.8346
1.95864e+014	0.00221524	21.1933
1.95989e+014	0.00143899	21.6427
1.96114e+014	0.000746925	22.4557
1.96239e+014	0.000763413	23.9988
1.96364e+014	0.00144382	24.787
1.96489e+014	0.00217386	25.2373
1.96614e+014	0.00281919	25.605
1.96739e+014	0.00332866	25.944
1.96864e+014	0.00367083	26.2717
1.96989e+014	0.003827	26.5956
1.97114e+014	0.00379085	26.9206
1.97238e+014	0.00356871	27.2512
1.97363e+014	0.00317962	27.5928
1.97488e+014	0.00265538	27.9556
1.97613e+014	0.00204168	28.3612
1.97738e+014	0.00140693	28.8673
1.97863e+014	0.000889989	29.6462
1.97988e+014	0.000803581	30.8066
1.98113e+014	0.00115004	31.67
1.98238e+014	0.00155733	32.2207
1.98363e+014	0.00187045	32.661
1.98488e+014	0.00203977	33.0642
1.98613e+014	0.00205105	33.4607
1.98737e+014	0.00191217	33.8722
1.98862e+014	0.0016527	34.3256
1.98987e+014	0.00133188	34.8695
1.99112e+014	0.00106309	35.584
1.99237e+014	0.00101821	36.4609
1.99362e+014	0.00124257	37.2456
1.99487e+014	0.00158099	37.8406
1.99612e+014	0.00189678	38.3231
1.99737e+014	0.0021165	38.7532
1.99862e+014	0.00220256	39.163
