214137470000000.0	0.02640361552306239	-1.158820117403270	0.05862793760481024	-3.018184986806798	0.06232232756159106	-2.504872941559989	0.1080920721813121	0.3652634788192632
214045552356560.3	0.02600235500532738	-1.180696783231378	0.05872231562332188	-3.040431197279473	0.06213311488000808	-2.529438827008804	0.1073115097206098	0.3233236402417496
213953713589816.9	0.02560207041271320	-1.202692875565478	0.05880424515215894	-3.062927872816958	0.06193439035672274	-2.554029164716944	0.1065380792926297	0.2815303702369712
213861953598284.4	0.02520262164485600	-1.224832369945502	0.05887042509632223	-3.085636400493927	0.06172454067919187	-2.578603234185107	0.1057739768813376	0.2398774793603602
213770272280651.6	0.02480380951441487	-1.247140879756655	0.05891788156912724	-3.108510805501127	0.06150238713579186	-2.603115081997070	0.1050218990360912	0.1983465182159884
213678669535780.6	0.02440537447273989	-1.269645414589329	0.05894402539278745	-3.131498667766192	0.06126723206093824	-2.627515130630714	0.1042844534041218	0.1569040780938996
213587145262707.0	0.02400699712021430	-1.292374109553836	0.05894670192490538	-3.154542060288311	0.06101887288355946	-2.651751901173061	0.1035635056660769	0.1155012693822029
213495699360639.3	0.02360830069688366	-1.315355933906885	0.05892423462152353	-3.177578435511199	0.06075758420922993	-2.675773705877862	0.1028595441108984	0.07407556335378202
213404331728958.6	0.02320885456399109	-1.338620403495513	0.05887545094780622	-3.200541746048943	0.06048407289388379	-2.699530088545053	0.1021711687491849	0.03255494878713499
213313042267218.0	0.02280817982671186	-1.362197294189048	0.05879970587183075	-3.223363390306557	0.06019941151308576	-2.722972988783111	0.1014947480427629	-0.009136020801142534
213221830875142.5	0.02240575614248199	-1.386116379823460	0.05869689313638735	-3.245973236478654	0.05990495980871995	-2.746057481854593	0.1008243139403808	-0.05106891159654892
213130697452628.6	0.02200103002833029	-1.410407200880974	0.05856745021117611	-3.268300562370982	0.05960228327838781	-2.768742094889523	0.1001517073280057	-0.09330367589592992
213039641899743.7	0.02159342407518886	-1.435098881333842	0.05841235303091424	-3.290275023185316	0.05929307906515453	-2.790988682548006	0.09946697665479519	-0.1358813505872381
212948664116726.0	0.02118234658535117	-1.460220009599047	0.05823309889240843	-3.311827715169681	0.05897911822237150	-2.812761907143762	0.09875900072552130	-0.1788179447877457
212857764003984.1	0.02076720205676110	-1.485798583954474	0.05803168488102463	-3.332892119282743	0.05866220998392370	-2.834028485690045	0.09801626033729340	-0.2221002353271988
212766941462096.4	0.02034740164393636	-1.511862041356650	0.05781057610869562	-3.353405105393160	0.05834419266201615	-2.854756301202312	0.09722769929078769	-0.2656838052727535
212676196391811.2	0.01992237383688531	-1.538437370117425	0.05757266903943442	-3.373307834112126	0.05802695086132118	-2.874913581344033	0.09638358186807917	-0.3094935636014868
212585528694045.7	0.01949157461476677	-1.565551322767621	0.05732124574880192	-3.392546696512414	0.05771245691031395	-2.894468273585899	0.09547628022248542	-0.3534266042213937
212494938269886.3	0.01905449681934458	-1.593230738998280	0.05705991984204488	-3.411074285431047	0.05740283070478114	-2.913387766813728	0.09450092268606380	-0.3973571295181264
212404425020587.8	0.01861067908271941	-1.621502977297882	0.05679257932748182	-3.428850218261739	0.05710040850720928	-2.931639114095078	0.09345583515093783	-0.4411431808328341
212313988847573.1	0.01815971366044613	-1.650396474492898	0.05652332298258217	-3.445841938672269	0.05680781156985233	-2.949189785690701	0.09234274946220239	-0.4846346255230278
212223629652433.0	0.01770125344124354	-1.679941437347367	0.05625639449352449	-3.462025352929041	0.05652800330431731	-2.966008983453434	0.09116675111723660	-0.5276819877306128
212133347336925.7	0.01723501785281747	-1.710170685667131	0.05599611376373828	-3.477385337331706	0.05626432562165593	-2.982069437539821	0.08993597216742291	-0.5701455283030106
212043141802976.6	0.01676079732036610	-1.741120676777965	0.05574680444615045	-3.491916188157013	0.05602050738240302	-2.997349537944775	0.08866105595738798	-0.6119038557552626
211953012952677.8	0.01627845706020328	-1.772832720826131	0.05551272515816705	-3.505621758347208	0.05580063816065758	-3.011835664411550	0.08735441587944057	-0.6528616427445861
211862960688287.8	0.01578793979954697	-1.805354435474198	0.05529800217340309	-3.518515412833990	0.05560910694276895	-3.025524453675466	0.08602935512709234	-0.6929556282090856
211772984912231.0	0.01528926773195276	-1.838741485784390	0.05510656670898083	-3.530619741618362	0.05545050785596481	-3.038424766795518	0.08469911454893389	-0.7321582867302442
211683085527097.8	0.01478254432424753	-1.873059660246630	0.05494210153809159	-3.541965905637910	0.05532951817499284	-3.050559133709509	0.08337592295725246	-0.7704787789963954
211593262435643.5	0.01426795522549595	-1.908387406240595	0.05480799109633935	-3.552592954025643	0.05525076124757525	-3.061964417368689	0.08207015497182127	-0.8079603844558320
211503515540788.9	0.01374576994589235	-1.944818899663677	0.05470728599951330	-3.562546745910346	0.05521866321921674	-3.072691627455070	0.08078965420324344	-0.8446748781656015
211413844745619.0	0.01321634416933805	-1.982467824556264	0.05464267845323203	-3.571878722016217	0.05523731875998916	-3.082804802956405	0.07953930269051818	-0.8807139411723084
211324249953383.2	0.01268012342151051	-2.021472071851901	0.05461648980852844	-3.580644569854050	0.05531037879656928	-3.092379031346523	0.07832088026414820	-0.9161783478332437
211234731067495.0	0.01213764956922410	-2.061999605704242	0.05463067483080264	-3.588902662227278	0.05544096960114660	-3.101497791400029	0.07713322030292547	-0.9511663583561481
211145287991531.4	0.01158957026641428	-2.104255925323897	0.05468683492176781	-3.596712681189403	0.05563165384000453	-3.110249842836205	0.07597265846333050	-0.9857620167029123
211055920629232.5	0.01103665389221620	-2.148493583043224	0.05478624633301865	-3.604134199164810	0.05588443372878405	-3.118726010368334	0.07483370887145886	-1.020025157442517
210966628884501.5	0.01047981181177220	-2.195024452550701	0.05492989959487166	-3.611225394457200	0.05620079510377932	-3.127016172392960	0.07370989698265415	-1.053984058549865
210877412661404.0	0.009920130921387145	-2.244235661018365	0.05511854793175691	-3.618041979091057	0.05658178555047830	-3.135206741399382	0.07259465805475832	-1.087631460182776
210788271864168.0	0.009358920819899586	-2.296610376017128	0.05535276314845680	-3.624636350953401	0.05702811539022542	-3.143378846073749	0.07148220521188618	-1.120924371552579
210699206397183.1	0.008797781694077885	-2.352754966263188	0.05563299699371258	-3.631056972057742	0.05754026808598977	-3.151607313977415	0.07036827995241037	-1.153787699505237
210610216165000.7	0.008238701016224349	-2.413434434029052	0.05595964142598749	-3.637348163971399	0.05811860748538342	-3.159960441399248	0.06925071722913415	-1.186120815285887
210521301072333.2	0.007684191992921321	-2.479617970864473	0.05633309008177667	-3.643550079722880	0.05876346741763579	-3.168500431499546	0.06812977026051650	-1.217806955514729
210432461024054.0	0.007137490535520642	-2.552535889902121	0.05675379529830926	-3.649698968791270	0.05947521492565153	-3.177284297394777	0.06700817345729046	-1.248724245072043
210343695925196.8	0.006602833809186146	-2.633746390481878	0.05722231853975348	-3.655827688126749	0.06025428112466278	-3.186364987429584	0.06589094244074398	-1.278757329743859
210255005680955.7	0.006085848189498666	-2.725202894532007	0.05773937377951625	-3.661966333095131	0.06110115808419852	-3.195792478362992	0.06478493564022159	-1.307808780915103
210166390196684.4	0.005594070589664082	-2.829294518290366	0.05830585969373765	-3.668143052651504	0.06201636563584243	-3.205614627173609	0.06369822441860615	-1.335808741952629
210077849377896.3	0.005137597860905834	-2.948793874125381	0.05892288053482241	-3.674384941187312	0.06300039489558594	-3.215877627525689	0.06263933715969662	-1.362721807346241
209989383130263.9	0.004729763126645410	-3.086579539458551	0.05959175592646192	-3.680718899924125	0.06405363847161434	-3.226625992047800	0.06161646024397903	-1.388550346735015
209900991359618.3	0.004387514023438701	-3.244924210763435	0.06031401827879451	-3.687172464804170	0.06517631903452414	-3.237902075455209	0.06063668629238865	-1.413333404281223
209812673971949.5	0.004130798328578463	-3.424171946035905	0.06109139812985996	-3.693774551214183	0.06636842747590850	-3.249745227298149	0.05970539952316731	-1.437140934838972
209724430873405.3	0.003980008378258674	-3.621043000091795	0.06192579956227415	-3.700555994922649	0.06762968065132581	-3.262190709502680	0.05882588026661561	-1.460064186796342
209636261970291.4	0.003951187751832423	-3.827708623533057	0.06281926448227196	-3.707549985237452	0.06895950545887647	-3.275268571768460	0.05799918059182607	-1.482202701275241
209548167169071.3	0.004050804292947017	-4.033190535868748	0.06377392903407503	-3.714792279489152	0.07035705262167992	-3.289002654788170	0.05722429721101214	-1.503649985942369
209460146376365.1	0.004273605141177843	-4.226970696929058	0.06479197395307568	-3.722321188081263	0.07182123983675452	-3.303409877201539	0.05649862837985733	-1.524479931557454
209372199498950.3	0.004605247289597599	-4.402252466750301	0.06587557048028697	-3.730177359382640	0.07335081993793119	-3.318499922850681	0.05581866246185099	-1.544735884035124
209284326443760.5	0.005027483482023119	-4.556733029561086	0.06702682412368591	-3.738403379610589	0.07494446663260379	-3.334275385199631	0.05518081591246713	-1.564424100610858
209196527117885.6	0.005522551149440039	-4.691351516286302	0.06824771906005996	-3.747043168725410	0.07660086902358386	-3.350732359245413	0.05458232191196735	-1.583513132841300
209108801428571.4	0.006075382001496614	-4.808615918257815	0.06954006447585247	-3.756141269933396	0.07831882391506170	-3.367861432658346	0.05402205697832935	-1.601939227851580
209021149283219.2	0.006674086746170350	-4.911424797147917	0.07090544527917458	-3.765742054353227	0.08009731589231198	-3.385648972609086	0.05350120247321162	-1.619617634419622
208933570589385.5	0.007309599437041257	-5.002476667735930	0.07234517920152822	-3.775888849844812	0.08193557729788760	-3.404078574606206	0.05302365493394062	-1.636459251797555
208846065254781.5	0.007975080875625616	-5.084060855850330	0.07386028125738951	-3.786623074889311	0.08383312132819226	-3.423132539655392	0.05259611678483053	-1.652390833173668
208758633187273.2	0.008665351526251542	-5.158035649500591	0.07545143666326915	-3.797983413765512	0.08578974494786594	-3.442793245170381	0.05222783091857340	-1.667376664365561
208671274294880.7	0.009376436062793609	-5.225879039178251	0.07711898282110076	-3.810005069640809	0.08780550144391108	-3.463044294896166	0.05192995733122142	-1.681439060115469
208583988485778.0	0.01010522264851129	-5.288757494549822	0.07886290022522755	-3.822719095695935	0.08988064662888827	-3.483871359196750	0.05171463253609239	-1.694675023174946
208496775668292.7	0.01084921665860447	-5.347590853432462	0.08068281249793237	-3.836151916583036	0.09201556145556801	-3.505262668359862	0.05159378634751122	-1.707264911965612
208409635750905.5	0.01160636465527686	-5.403106603967236	0.08257799465564286	-3.850324948524253	0.09421066188745110	-3.527209134169634	0.05157784794121319	-1.719471774850973
208322568642250.4	0.01237492941540871	-5.455882922451453	0.08454738882722040	-3.865254380417208	0.09646630325727539	-3.549704133288599	0.05167449112115841	-1.731629418146167
208235574251113.6	0.01315340126785683	-5.506381968979598	0.08658962636787593	-3.880951100074916	0.09878268859839964	-3.572743007634323	0.05188758491523755	-1.744119929932475
208148652486433.8	0.01394043526493274	-5.554975378443240	0.08870305538660453	-3.897420760704084	0.1011597891132746	-3.596322362340268	0.05221649647445499	-1.757343268818004
208061803257301.8	0.01473480664099517	-5.601963742288096	0.09088577168458817	-3.914663948954800	0.1035972848675000	-3.620439252296596	0.05265584721926164	-1.771683720500692
207975026472959.8	0.01553537959318984	-5.647591512480544	0.09313565280611039	-3.932676470840333	0.1060945287412309	-3.645090356626497	0.05319575187554725	-1.787477836047101
207888322042801.5	0.01634108563544342	-5.692058461951751	0.09545039398585638	-3.951449720268832	0.1086505361944705	-3.670271227412888	0.05382250001872166	-1.804988694359596
207801689876371.7	0.01715090884029852	-5.735528563022493	0.09782754415212548	-3.970971094945270	0.1112640010777042	-3.695975683441127	0.05451957772515337	-1.824389864208020
207715129883365.7	0.01796387620489788	-5.778136908732273	0.1002645416307011	-3.991224455725242	0.1139333334114641	-3.722195400142319	0.05526888994829433	-1.845759851899654
207628641973629.4	0.01877905175057537	-5.819995152680924	0.1027587486023867	-4.012190606390695	0.1166567140497273	-3.748919719556627	0.05605203734063535	-1.869086281681908
207542226057158.7	0.01959553337066346	-5.861195815585517	0.1053074840685436	-4.033847781552181	0.1194321591477074	-3.776135679536989	0.05685151678681542	-1.894277613345538
207455882044099.3	0.02041245156363176	-5.901815735715057	0.1079080530398664	-4.056172111013453	0.1222575885194453	-3.803828237171019	0.05765174400905601	-1.921180162814093
207369609844746.3	0.02122896965463260	-5.941918834837374	0.1105577742835915	-4.079138080208413	0.1251308882479024	-3.831980647014516	0.05843983196867233	-1.949597205286466
207283409369544.1	0.02204428493528505	-5.981558362996599	0.1132540049498416	-4.102718958041562	0.1280499626420060	-3.860574939474360	0.05920608993786525	-1.979308464181119
207197280529085.8	0.02285763037068400	-6.020778735898542	0.1159941614655639	-4.126887185216117	0.1310127709750310	-3.889592440827210	0.05994423446714586	-2.010088490475126
207111223234113.3	0.02366827664132455	-6.059617044097307	0.1187757374479650	-4.151614726424220	0.1340173455279277	-3.919014278350311	0.06065132467280901	-2.041722723818192
207025237395516.2	0.02447553428970566	-6.098104301460177	0.1215963184738588	-4.176873381989337	0.1370617904545847	-3.948821820134975	0.06132744995329222	-2.074020625000916
206939322924332.6	0.02527875580676160	-6.136266481915629	0.1244535941714978	-4.202635059735581	0.1401442627682233	-3.978997010689149	0.06197521127359352	-2.106825420844196
206853479731747.8	0.02607733750627186	-6.174125389386550	0.1273453667477134	-4.228872003015605	0.1432629395140543	-4.009522576411641	0.06259904752650207	-2.140020365330876
206767707729094.7	0.02687072111191699	-6.211699388238990	0.1302695566552689	-4.255556980583027	0.1464159757300270	-4.040382091050931	0.06320446790717389	-2.173531311557576
206682006827853.0	0.02765839499570917	-6.249004009043669	0.1332242079788679	-4.282663446699969	0.1496014579651627	-4.071559907859214	0.06379725782242944	-2.207325382749905
206596376939649.2	0.02843989497114942	-6.286052466906408	0.1362074900002806	-4.310165660459955	0.1528173618067805	-4.103040973746899	0.06438272625075514	-2.241406509647155
206510817976256.2	0.02921480464981427	-6.322856096183322	0.1392176976300532	-4.338038777017173	0.1560615181071768	-4.134810555730334	0.06496506086114168	-2.275808036112184
206425329849592.9	0.02998275534147793	-6.359424716721726	0.1422532505121792	-4.366258911736292	0.1593315934011895	-4.166853915024656	0.06554684638970797	-2.310583253605419
206339912471724.1	0.03074342550370710	-6.395766941760625	0.1453126911342587	-4.394803180658624	0.1626250883349777	-4.199155967707178	0.06612878567262477	-2.345794862156894
206254565754860.1	0.03149653975163242	-6.431890433357092	0.1483946830229566	-4.423649721194927	0.1659393558638071	-4.231700971132364	0.06670964178225927	-2.381504394917957
206169289611356.1	0.03224186749512156	-6.467802123776578	0.1514980058540991	-4.452777693395473	0.1692716410646769	-4.264472265828003	0.06728639541038019	-2.417762992059719
206084083953712.6	0.03297922119403768	-6.503508388045794	0.1546215538510987	-4.482167271259079	0.1726191380578841	-4.297452107227189	0.06785459149776905	-2.454603855113237
205998948694574.5	0.03370845430913007	-6.539015189017942	0.1577643330614325	-4.511799620937034	0.1759790629032455	-4.330621600078540	0.06840882825294331	-2.492037450932182
205913883746730.9	0.03442945900926689	-6.574328195436404	0.1609254586826938	-4.541656870971398	0.1793487372993082	-4.363960744501253	0.06894333090375582	-2.530049642949732
205828889023115.0	0.03514216368675987	-6.609452874817842	0.1641041532544794	-4.571722077375455	0.1827256771825683	-4.397448592821632	0.06945254730171827	-2.568602656017852
205743964436803.8	0.03584653034609654	-6.644394565422777	0.1672997455907327	-4.601979185633851	0.1861076803301146	-4.431063506098485	0.06993170393372721	-2.607638586545809
205659109901017.3	0.03654255193009190	-6.679158530336672	0.1705116705528723	-4.632412991719708	0.1894929070496018	-4.464783492133511	0.07037726815200321	-2.647084948915223
205574325329119.1	0.03723024962384769	-6.713749994684639	0.1737394703827356	-4.663009103072977	0.1928799482900313	-4.498586602630736	0.07078727376678055	-2.686861588870934
205489610634615.4	0.03790967028498914	-6.748174176294822	0.1769827946576975	-4.693753904696757	0.1962678783046190	-4.532451356805257	0.07116148013424678	-2.726888475347859
205404965731154.7	0.03858088391908256	-6.782436299508687	0.1802414035606259	-4.724634526776311	0.1996562865226425	-4.566357172671463	0.07150135141345072	-2.767093364950045
205320390532528.1	0.03924398131378593	-6.816541602063137	0.1835151715783150	-4.755638816618405	0.2030452883648878	-4.600284774534105	0.07180985660376771	-2.807418872176287
205235884952668.4	0.03989907189945947	-6.850495338230184	0.1868040909650389	-4.786755317463260	0.2064355153039401	-4.634216551610649	0.07209110666183044	-2.847828349364606
205151448905650.0	0.04054628182428154	-6.884302776802341	0.1901082760675948	-4.817973252925638	0.2098280849744481	-4.668136851303146	0.07234985965836968	-2.888309953900797
205067082305688.8	0.04118575227464124	-6.917969196661217	0.1934279679211789	-4.849282517749773	0.2132245542680807	-4.702032192881937	0.07259093714814763	-2.928878502410081
204982785067141.7	0.04181763804953675	-6.951499881468679	0.1967635388808085	-4.880673674882845	0.2166268591907038	-4.735891394264841	0.07281860463112327	-2.969574851355163
204898557104506.2	0.04244210638562245	-6.984900114848065	0.2001154970290383	-4.912137958641779	0.2200372459564203	-4.769705610843313	0.07303597438643185	-3.010462757947228
204814398332420.6	0.04305933596790745	-7.018175174886605	0.2034844909968624	-4.943667280394060	0.2234581973810891	-4.803468294121388	0.07324448928527930	-3.051623379513178
204730308665663.1	0.04366951636049696	-7.051330340597541	0.2068713103090135	-4.975254251392664	0.2268923628738236	-4.837175067024080	0.07344353799903391	-3.093148094742146
204646288019151.8	0.04427284731475508	-7.084370887723955	0.2102768902216538	-5.006892192098876	0.2303424892911055	-4.870823557070994	0.07363024478345000	-3.135129855511790
204562336307944.8	0.04486953841067337	-7.117302097776027	0.2137023114821839	-5.038575156012059	0.2338113629894693	-4.904413178564033	0.07379945375337869	-3.177654344099663
204478453447238.9	0.04545980873895422	-7.150129268969121	0.2171487993777765	-5.070297952855727	0.2373017621999800	-4.937944895533343	0.07394391260728453	-3.220791534449445
204394639352370.5	0.04604388661367038	-7.182857731411004	0.2206177209172902	-5.102056172538058	0.2408164216198406	-4.971420981496663	0.07405463947380830	-3.264588454840656
204310893938814.5	0.04662200925638804	-7.215492866406746	0.2241105799223647	-5.133846208599284	0.2443580092387367	-5.004844792836251	0.07412143998389174	-3.309063725726940
204227217122184.3	0.04719442238861974	-7.248040129514851	0.2276290098493438	-5.165665279790048	0.2479291142242837	-5.038220569497739	0.07413352947737216	-3.354204215328863
204143608818231.4	0.04776137967099869	-7.280505076773698	0.2311747642085620	-5.197511448411510	0.2515322436687604	-5.071553272719004	0.07408020869455852	-3.399963917234303
204060068942845.4	0.04832314188172649	-7.312893391860381	0.2347497049335578	-5.229383631199685	0.2551698244963063	-5.104848466548349	0.07395154082882485	-3.446264929122943
203976597412053.4	0.04887997598678525	-7.345210919997354	0.2383557866265726	-5.261281614424844	0.2588442104062647	-5.138112235244289	0.07373897876318394	-3.493000374306488
203893194142019.9	0.04943215370144262	-7.377463696014741	0.2419950403407507	-5.293206050276956	0.2625576849037903	-5.171351146314654	0.07343590416219187	-3.540038773482385
203809859049046.3	0.04997994974371809	-7.409657973627411	0.2456695542541643	-5.325158448564259	0.2663124608600681	-5.204572240847876	0.07303804305481064	-3.587229629061491
203726592049571.0	0.05052363973096848	-7.441800253850042	0.2493814518055762	-5.357141161804830	0.2701106737649965	-5.237783041343798	0.07254373456439618	-3.634409857434649
203643393060168.8	0.05106349764105685	-7.473897309441161	0.2531328680363227	-5.389157359440524	0.2739543659304680	-5.270991566635911	0.07195403970607939	-3.681410727435878
203560261997550.7	0.05159979285065842	-7.505956204742828	0.2569259242153179	-5.421210991986754	0.2778454611788274	-5.304206340240095	0.07127268554862740	-3.728065020624281
203477198778563.6	0.05213278675696174	-7.537984309668277	0.2607627010856930	-5.453306744927110	0.2817857303560888	-5.337436380272222	0.07050584906260596	-3.774214127810408
203394203320190.3	0.05266272900333131	-7.569989306666141	0.2646452111215897	-5.485449982427984	0.2857767491116644	-5.370691161243434	0.06966179350886102	-3.819714781138258
203311275539548.8	0.05318985334431901	-7.601979189614913	0.2685753702257228	-5.517646681221824	0.2898198503732545	-5.403980541143020	0.06875037862440062	-3.864445085710876
203228415353892.1	0.05371437315628572	-7.633962252570033	0.2725549694063468	-5.549903352699227	0.2939160738999255	-5.437314651759540	0.06778247491540858	-3.908309462088859
203145622680608.3	0.05423647683827121	-7.665947072685142	0.2765856465119197	-5.582226964966036	0.2980661200449233	-5.470703749615945	0.06676931622465478	-3.951242125297201
203062897437220.0	0.05475632291947550	-7.697942479600123	0.2806688593142755	-5.614624850287190	0.3022703067736727	-5.504158038418059	0.06572183903526398	-3.993208629030494
202980239541384.0	0.05527403505313792	-7.729957513713710	0.2848058598348937	-5.647104604964719	0.3065285352327559	-5.537687468461042	0.06465005600267178	-4.034205151009637
202897648910891.1	0.05578969711264990	-7.762001376640641	0.2889976703942872	-5.679673990250251	0.3108402694499891	-5.571301522227460	0.06356251131813800	-4.074255321142305
202815125463665.9	0.05630334837192043	-7.794083370787464	0.2932450620681530	-5.712340828606225	0.3152045302484272	-5.605009001250904	0.06246586692732645	-4.113404557345106
202732669117766.6	0.05681497891074337	-7.826212829551525	0.2975485358894448	-5.745112899036847	0.3196199054039171	-5.638817826718672	0.06136465751869522	-4.151712169628024
202650279791384.5	0.05732452535589629	-7.858399038996643	0.3019083071699720	-5.777997833277813	0.3240845763212815	-5.672734866400177	0.06026123942127201	-4.189241765145342
202567957402843.6	0.05783186706752186	-7.890651152105936	0.3063242932589630	-5.811003014625011	0.3285963603279689	-5.706765798839261	0.05915594130723102	-4.226050730851174
202485701870600.9	0.05833682287646730	-7.922978096930639	0.3107961049917795	-5.844135481120624	0.3331527665670190	-5.740915023245848	0.05804740548543542	-4.262179729864089
202403513113245.8	0.05883914847240398	-7.955388480130178	0.3153230420124725	-5.877401834707735	0.3377510625015270	-5.775185620427708	0.05693309015992866	-4.297643191081025
202321391049499.6	0.05933853450526162	-7.987890486727886	0.3199040918746742	-5.910808156243768	0.3423883466748293	-5.809579366543217	0.05580988858105977	-4.332421694273198
202239335598215.5	0.05983460556705507	-8.020491780409682	0.3245379335199638	-5.944359932744159	0.3470616254727950	-5.844096798121250	0.05467480767881975	-4.366456989913069
202157346678378.4	0.06032692008596739	-8.053199405409073	0.3292229452096226	-5.978061996084147	0.3517678889027491	-5.878737324074473	0.05352564735525191	-4.399650160308211
202075424209104.4	0.06081497097669619	-8.086019685161871	0.3339572148014635	-6.011918461853490	0.3565041762229315	-5.913499375493010	0.05236162859216777	-4.431863211407114
201993568109640.8	0.06129818742346423	-8.118958130017997	0.3387385549259957	-6.045932689033248	0.3612676355193548	-5.948380584473292	0.05118390779225800	-4.462924212809809
201911778299365.6	0.06177593759889052	-8.152019349199570	0.3435645212828226	-6.080107248412110	0.3660555692643852	-5.983377980066562	0.04999593913832828	-4.492635928138194
201830054697787.4	0.06224753236564432	-8.185206969945831	0.3484324340757175	-6.114443902656952	0.3708654647354167	-6.018488189222815	0.04880364945681846	-4.520787763009749
201748397224544.8	0.06271222994254704	-8.218523565172221	0.3533394022354414	-6.148943597919921	0.3756950081541311	-6.053707630706147	0.04761540223033851	-4.547170700427605
201666805799406.8	0.06316924149872397	-8.251970590795954	0.3582823500383437	-6.183606466658180	0.3805420825613093	-6.089032690855184	0.04644173908862256	-4.571594657884440
201585280342271.9	0.06361773762463358	-8.285548333667837	0.3632580456963848	-6.218431841156981	0.3854047505922878	-6.124459871719508	0.04529490039685102	-4.593907336200195
201503820773168.1	0.06405685561379136	-8.319255870833032	0.3682631314702831	-6.253418277086830	0.3902812243867248	-6.159985904327686	0.04418814260202215	-4.614013126068508
201422427012252.6	0.06448570747516888	-8.353091040646209	0.3732941548424993	-6.288563586295711	0.3951698257833229	-6.195607822499942	0.04313488968180922	-4.631890052584712
201341098979811.6	0.06490338858606207	-8.387050426047686	0.3783476002797078	-6.323864877931471	0.4000689406279860	-6.231322995572985	0.04214777908250364	-4.647602223182100
201259836596259.9	0.06530898685057594	-8.421129348437907	0.3834199201369954	-6.359318604564280	0.4049769703416630	-6.267129120074106	0.04123768808969029	-4.661305056082439
201178639782140.9	0.06570159240578830	-8.455321879672612	0.3885075685002210	-6.394920622915606	0.4098922899262600	-6.303024180074760	0.04041283779344295	-4.673240880743179
201097508458126.1	0.06608030750310517	-8.489620859591417	0.3936070307565955	-6.430666250344545	0.4148132083557892	-6.339006374140526	0.03967809931952569	-4.683723781824692
201016442545014.8	0.06644425662395034	-8.524017926696521	0.3987148525210956	-6.466550327849781	0.4197379401246968	-6.375074022621414	0.03903459823110771	-4.693114271088391
200935441963734.0	0.06679259670127834	-8.558503562040297	0.4038276680506741	-6.502567288706420	0.4246645907100283	-6.411225465930340	0.03847968957894317	-4.701786531434171
200854506635338.3	0.06712452727184209	-8.593067143146653	0.4089422262000874	-6.538711227984758	0.4295911557447158	-6.447458962101787	0.03800732962153208	-4.710092808776620
200773636481009.3	0.06743930045372033	-8.627697008319601	0.4140554140677435	-6.574975973199819	0.4345155347652324	-6.483772594327260	0.03760880910782529	-4.718330335398806
200692831422055.3	0.06773623062545578	-8.662380530812950	0.4191642780377992	-6.611355155152277	0.4394355585713836	-6.520164197437343	0.03727376110966232	-4.726715749948434
200612091379911.5	0.06801470368626023	-8.697104202323015	0.4242660419664400	-6.647842278075290	0.4443490280317083	-6.556631310549642	0.03699132086578876	-4.735370471443512
200531416276139.4	0.06827418577978817	-8.731853725268765	0.4293581223039166	-6.684430788260010	0.4492537611183647	-6.593171160784269	0.03675130272583144	-4.744318446891810
200450806032426.6	0.06851423136701118	-8.766614113342190	0.4344381399898996	-6.721114140396807	0.4541476441507976	-6.629780680256451	0.03654526840520860	-4.753495763982679
200370260570586.7	0.06873449053857197	-8.801369799825460	0.4395039290065998	-6.757885860931872	0.4590286827389151	-6.666456555713771	0.03636738427537428	-4.762770239034423
200289779812558.6	0.06893471546178681	-8.836104753181211	0.4445535415223509	-6.794739607805399	0.4638950477890423	-6.703195307394751	0.03621499478790909	-4.771968361197947
200209363680406.8	0.06911476586332148	-8.870802599421580	0.4495852496066582	-6.831669226002301	0.4687451121933998	-6.739993391170394	0.03608886797571796	-4.780906725337030
200129012096321.1	0.06927461345371480	-8.905446750760650	0.4545975435463195	-6.868668798413883	0.4735774744597987	-6.776847315962730	0.03599309473805480	-4.789425031099775
200048724982615.7	0.06941434521341922	-8.940020538233329	0.4595891252344493	-6.905732690069993	0.4783909657255481	-6.813753765032555	0.03593464823637637	-4.797417662837110
199968502261729.7	0.06953416544265230	-8.974507355733190	0.4645589039154596	-6.942855592309861	0.4831846421969352	-6.850709719976829	0.03592262885544433	-4.804860492406688
199888343856226.6	0.06963439652048829	-9.008890801289576	0.4695059826269248	-6.980032554627480	0.4879577567275514	-6.887712562607555	0.03596726002594263	-4.811829775269541
199808249688793.9	0.06971547831904990	-9.043154824057158	0.4744296433970466	-7.017259012518195	0.4927097152467007	-6.924760155660587	0.03607871769977347	-4.818509822129139
199728219682243.0	0.06977796620211683	-9.077283875738191	0.4793293313858809	-7.054530810443513	0.4974400204422081	-6.961850894804549	0.03626591199761334	-4.825187207082703
199648253759508.8	0.06982252757979163	-9.111263062868741	0.4842046360110993	-7.091844217764118	0.5021482055933507	-6.998983724165063	0.03653536017910498	-4.832231100979914
199568351843649.9	0.06984993699086656	-9.145078299543560	0.4890552701283634	-7.129195938363040	0.5068337638333421	-7.036158114039964	0.03689028913554045	-4.840061697704365
199488513857847.7	0.06986106970239650	-9.178716459070053	0.4938810476194807	-7.166583114009069	0.5114960782828002	-7.073374001544590	0.03733008151253175	-4.849111170906920
199408739725406.6	0.06985689383285032	-9.212165522801429	0.4986818597655307	-7.204003321583594	0.5161343586039991	-7.110631697890770	0.03785013102254557	-4.859783231399497
199329029369753.5	0.06983846102363972	-9.245414724150976	0.5034576508004762	-7.241454564367695	0.5207475891739599	-7.147931768696981	0.03844211019209482	-4.872417530812513
199249382714437.9	0.06980689570544454	-9.278454685531450	0.5082083930531814	-7.278935257657318	0.5253344932804825	-7.185274895937448	0.03909459332053233	-4.887263794781670
199169799683131.4	0.06976338302883441	-9.311277545719021	0.5129340620918050	-7.316444209044894	0.5298935165668168	-7.222661731665623	0.03979393338362143	-4.904468193700795
199090280199627.3	0.06970915555265950	-9.343877074940902	0.5176346122839834	-7.353980593772741	0.5344228314839679	-7.260092754354341	0.04052527182763316	-4.924071914836049
199010824187840.9	0.06964547881100118	-9.376248774803244	0.5223099531788099	-7.391543925625473	0.5389203628641619	-7.297568138549497	0.04127356389837045	-4.946019932259880
198931431571808.5	0.06957363590678116	-9.408389960075535	0.5269599271026061	-7.429134023885801	0.5433838330483133	-7.335087647520483	0.04202452224860093	-4.970176945969931
198852102275687.9	0.06949491130681373	-9.440299819329887	0.5315842883396097	-7.466750976927756	0.5478108234184246	-7.372650556792531	0.04276540892673770	-4.996347334381755
198772836223757.7	0.06941057404219946	-9.471979451500026	0.5361826842417061	-7.504395103063014	0.5521988478384130	-7.410255614048711	0.04348563291615078	-5.024296438258814
198693633340417.1	0.06932186054381771	-9.503431875604699	0.5407546385780795	-7.542066909287267	0.5565454325039264	-7.447901038040933	0.04417713288537393	-5.053771217582040
198614493550185.9	0.06922995736548353	-9.534662011217161	0.5452995373973577	-7.579767048596915	0.5608481961457411	-7.485584556102430	0.04483454158474579	-5.084519023909014
198535416777704.0	0.06913598410433035	-9.565676626630200	0.5498166161381721	-7.617496276282306	0.5651049243186768	-7.523303475354293	0.04545514047764333	-5.116303774292168
198456402947731.5	0.06904097666771759	-9.596484257677627	0.5543049543337562	-7.655255407127775	0.5693136326870257	-7.561054787816604	0.04603862130315690	-5.148919078424605
198377451985147.8	0.06894587137436734	-9.627095090295104	0.5587634695920613	-7.693045272192931	0.5734726135020366	-7.598835292318976	0.04658668070050195	-5.182198150534932
198298563814952.3	0.06885149015882021	-9.657520808655310	0.5631909129735025	-7.730866676774136	0.5775804622980681	-7.636641725707027	0.04710248018136076	-5.216020292628414
198219738362263.2	0.06875852704916541	-9.687774413369947	0.5675858711378423	-7.768720360871945	0.5816360832386911	-7.674470898050482	0.04759001115706556	-5.250313759759403
198140975552317.9	0.06866753631922981	-9.717870008161365	0.5719467703645429	-7.806606961816818	0.5856386725661278	-7.712319816412700	0.04805341289278135	-5.285054963468289
198062275310472.7	0.06857892255474157	-9.747822558637230	0.5762718836315107	-7.844526979838625	0.5895876819807140	-7.750185788942375	0.04849629584737707	-5.320264072576231
197983637562202.2	0.06849293287377449	-9.777647626755703	0.5805593406234282	-7.882480747037380	0.5934827653141034	-7.788066501465313	0.04892112487061079	-5.355997315636086
197905062233099.6	0.06840965150423015	-9.807361085358478	0.5848071404934672	-7.920468400147973	0.5973237132557353	-7.825960061072456	0.04932871376123897	-5.392336576049122
197826549248876.0	0.06832899688042962	-9.836978817779137	0.5890131671583738	-7.958489857421909	0.6011103818908021	-7.863865003978348	0.04971787418251683	-5.429377149870747
197748098535360.2	0.06825072137180248	-9.866516408030979	0.5931752068673204	-7.996544799875535	0.6048426213282255	-7.901780267885530	0.05008524827862720	-5.467214737393917
197669710018498.9	0.06817441370581132	-9.895988827365281	0.5972909677504966	-8.034632657081854	0.6085202106830604	-7.939705132020739	0.05042533710404096	-5.505932805331835
197591383624356.1	0.06809950409491999	-9.925410123061893	0.6013581010240993	-8.072752597607895	0.6121428051320843	-7.977639130663329	0.05073071860010236	-5.545591362727613
197513119279112.8	0.06802527202309060	-9.954793115209458	0.6053742235049121	-8.110903524128123	0.6157098997314042	-8.015581948126929	0.05099243202003365	-5.586217958624260
197434916909066.9	0.06795085659851664	-9.984149106880308	0.6093369410702038	-8.149084073175132	0.6192208132458289	-8.053533304644654	0.05120049267686987	-5.627801386605244
197356776440633.2	0.06787526933074382	-10.01348761261531	0.6132438726870204	-8.187292619422893	0.6226746935231550	-8.091492843282797	0.05134449298750524	-5.670288241031889
197278697800342.9	0.06779740915057690	-10.04281610947404	0.6170926746295693	-8.225527284337250	0.6260705440901485	-8.129460027858517	0.05141424320449798	-5.713582177373777
197200680914843.1	0.06771607945663195	-10.07213981414072	0.6208810645036801	-8.263785948972611	0.6294072698074673	-8.167434060858126	0.05140040719973323	-5.757545527707773
197122725710897.3	0.06763000694409864	-10.10146148877837	0.6246068447034664	-8.302066270643824	0.6326837377593866	-8.205413828629668	0.05129509384794569	-5.802002827075430
197044832115384.6	0.06753786195342072	-10.13078127747665	0.6282679249368764	-8.340365703158867	0.6358988482013442	-8.243397878829832	0.05109237146757693	-5.846745806698020
196967000055299.5	0.06743828006424399	-10.16009657435942	0.6318623434733378	-8.378681520259669	0.6390516094691607	-8.281384432403481	0.05078868012671028	-5.891539479699247
196889229457752.1	0.06732988465686779	-10.18940192368117	0.6353882867881462	-8.417010841886654	0.6421412103354300	-8.319371429515883	0.05038312352094730	-5.936129051285927
196811520249967.1	0.06721131016466989	-10.21868895165219	0.6388441073038774	-8.455350662857796	0.6451670834296686	-8.357356606048819	0.04987762812909182	-5.980247496494509
196733872359284.6	0.06708122575018315	-10.24794632923746	0.6422283389585147	-8.493697883531388	0.6481289539954024	-8.395337594768943	0.04927696240081850	-6.023623737386994
196656285713158.9	0.06693835915003381	-10.27715976486023	0.6455397103630827	-8.532049342008286	0.6510268693973531	-8.433312043251663	0.04858861308932775	-6.065991396097792
196578760239159.0	0.06678152044853615	-10.30631202578963	0.6487771553472637	-8.570401847419342	0.6538612063159814	-8.471277739264796	0.04782251999235185	-6.107098083519752
196501295864967.8	0.06660962555762856	-10.33538298699821	0.6519398207298794	-8.608752213838935	0.6566326543491082	-8.509232733687174	0.04699067491734686	-6.146715094152411
196423892518382.3	0.06642171919973092	-10.36434970643323	0.6550270711913644	-8.647097294365723	0.6593421766320502	-8.547175451204527	0.04610659628165972	-6.184647212050543
196346550127313.3	0.06621699720412019	-10.39318652599602	0.6580384911671519	-8.685434014915485	0.6619909499449974	-8.585104779946324	0.04518469792864550	-6.220742100404854
196269268619784.8	0.06599482794556102	-10.42186519795022	0.6609738837236274	-8.723759407279685	0.6645802884273193	-8.623020132862056	0.04423957971560797	-6.254898477894397
196192047923934.4	0.06575477276244689	-10.45035503708698	0.6638332664215869	-8.762070641015805	0.6671115563542533	-8.660921475806992	0.04328527788529251	-6.287072034749080
196114887968012.6	0.06549660520213765	-10.47862309962468	0.6666168642153564	-8.800365053751104	0.6695860763235320	-8.698809319876315	0.04233452404917568	-6.317277892315607
196037788680382.6	0.06522032894921813	-10.50663439044324	0.6693250991032895	-8.838640179717118	0.6720050397085475	-8.736684678060238	0.04139807078988848	-6.345588455212955
195960749989520.6	0.06492619426466331	-10.53435210147998	0.6719585775413750	-8.876893775679950	0.6743694257238814	-8.774548989704364	0.04048414652897486	-6.372125825253002
195883771824014.7	0.06461471275274627	-10.56173788498877	0.6745180770951099	-8.915123843038153	0.6766799345820544	-8.812404018821706	0.03959809975142175	-6.397048558126177
195806854112565.5	0.06428667040133927	-10.58875216350345	0.6770045260459382	-8.953328649634578	0.6789369416408932	-8.850251730294177	0.03874228156622610	-6.420533357124861
195729996783985.3	0.06394313853143656	-10.61535448408665	0.6794189847050289	-8.991506746127854	0.6811404732160825	-8.888094157428515	0.03791619344934975	-6.442753213072701
195653199767198.5	0.06358548252727124	-10.64150392034926	0.6817626238301360	-9.029656979416926	0.6832902071383962	-8.925933267787148	0.03711690041273408	-6.463854196492602
195576462991240.7	0.06321536806902195	-10.66715952799740	0.6840367015177451	-9.067778502342412	0.6853854974604418	-8.963770837478716	0.03633967970027376	-6.483933486271306
195499786385258.8	0.06283476457009717	-10.69228085924619	0.6862425389024938	-9.105870779517417	0.6874254212266568	-9.001608342736386	0.03557884903923326	-6.503021147364466
195423169878510.8	0.06244594548697447	-10.71682854083940	0.6883814950158801	-9.143933589190938	0.6894088435664976	-9.039446876214960	0.03482870039066389	-6.521067726626243
195346613400365.6	0.06205148512314265	-10.74076491936991	0.6904549411713069	-9.181967021099458	0.6913344960438863	-9.077287093465387	0.03408445721144816	-6.537939101764650
195270116880302.8	0.06165425152070015	-10.76405477569125	0.6924642352522116	-9.219971470316546	0.6932010622462836	-9.115129192729842	0.03334317459171821	-6.553419414350234
195193680247912.3	0.06125739499443222	-10.78666610766664	0.6944106962840966	-9.257947627167226	0.6950072641549896	-9.152972928650332	0.03260450910213114	-6.567222506786135
195117303432894.2	0.06086433185644459	-10.80857097681230	0.6962955796694388	-9.295896463329042	0.6967519428616505	-9.190817657978322	0.03187129474635468	-6.579012099981259
195040986365058.7	0.06047872288010742	-10.82974640984418	0.6981200534568783	-9.333819214298677	0.6984341277399611	-9.228662413041946	0.03114986977486605	-6.588430870129061
194964728974325.5	0.06010444608753369	-10.85017534050850	0.6998851760023496	-9.371717358457769	0.7000530891511307	-9.266505996777037	0.03045010508946744	-6.595138337730068
194888531190724.3	0.05974556351194729	-10.86984757059887	0.7015918753602980	-9.409592593022275	0.7016083710995340	-9.304347091677931	0.02978509042165252	-6.598856697685088
194812392944393.8	0.05940628170274869	-10.88876072191798	0.7032409307181751	-9.447446807210504	0.7030998018319833	-9.342184374188166	0.02917044472486756	-6.599422035092343
194736314165581.9	0.05909090590438206	-10.90692114365353	0.7048329561568903	-9.485282053006586	0.7045274820822307	-9.380016625854104	0.02862324041602819	-6.596835655457891
194660294784645.4	0.05880378805526558	-10.92434473279042	0.7063683869847824	-9.523100513936436	0.7058917523588862	-9.417842833012470	0.02816057552815980	-6.591306935014625
194584334732049.9	0.05854926903149521	-10.94105761955685	0.7078474688532925	-9.560904472303978	0.7071931422208585	-9.455662267840836	0.02779789643955770	-6.583276440833425
194508433938369.5	0.05833161587171837	-10.95709666659212	0.7092702498194066	-9.598696275360338	0.7084323057943520	-9.493474545137893	0.02754725690791529	-6.573408097558223
194432592334286.4	0.05815495507364270	-10.97250973038894	0.7106365754742094	-9.636478300895744	0.7096099487349039	-9.531279651132174	0.02741576996687403	-6.562543730561807
194356809850591.2	0.05802320341498663	-10.98735563759473	0.7119460872089468	-9.674252922751592	0.7107267523814617	-9.569077942770445	0.02740453032399845	-6.551622453776314
194281086418181.8	0.05793999808907611	-11.00170383761676	0.7131982236409896	-9.712022476751413	0.7117833009581851	-9.606870118148715	0.02750822762773829	-6.541578207924737
194205421968064.4	0.05790862823266349	-11.01563370674233	0.7143922251727903	-9.749789227539068	0.7127800173442649	-9.644657160868229	0.02771553908962991	-6.533236316886791
194129816431352.2	0.05793197012159401	-11.02923349725696	0.7155271416082591	-9.787555336797819	0.7137171121876205	-9.682440262970681	0.02801022649517946	-6.527230192662006
194054269739265.8	0.05801242837014337	-11.04259894669442	0.7166018427037184	-9.825322833298101	0.7145945500731112	-9.720220732586574	0.02837272888440941	-6.523952154143189
193978781823132.8	0.05815188539363311	-11.05583158538276	0.7176150314857028	-9.863093585190125	0.7154120351128267	-9.757999893445579	0.02878198210610854	-6.523541601111195
193903352614387.6	0.05835166114578032	-11.06903680269190	0.7185652601260353	-9.900869274920110	0.7161690168520237	-9.795778983860357	0.02921721481247240	-6.525904529863640
193827982044571.2	0.05861248474095596	-11.08232175118134	0.7194509481264703	-9.938651377104732	0.7168647158648841	-9.833559062697178	0.02965953893437994	-6.530753657647953
193752670045330.9	0.05893447904260508	-11.09579318096144	0.7202704025313887	-9.976441139650447	0.7174981669745518	-9.871340929206516	0.03009323314823031	-6.537658335905000
193677416548420.5	0.05931715868365629	-11.10955530227574	0.7210218398581155	-10.01423956835338	0.7180682767642015	-9.909125062466309	0.03050668258185650	-6.546096180142785
193602221485699.5	0.05975944133318451	-11.12370777189566	0.7217034094105770	-10.05204741516132	0.7185738910589281	-9.946911584678500	0.03089297633734043	-6.555501852390265
193527084789133.2	0.06025967140410089	-11.13834388862500	0.7223132176237054	-10.08986517022508	0.7190138673892801	-9.984700250786167	0.03125017878617775	-6.565311307344543
193452006390792.7	0.06081565484954441	-11.15354906649166	0.7228493530732317	-10.12769305781105	0.7193871471696836	-10.02249046497085	0.03158128960819850	-6.575001485082361
193376986222854.2	0.06142470327559962	-11.16939963301577	0.7233099117783930	-10.16553103609295	0.7196928224169317	-10.06028132269233	0.03189390082607382	-6.584125884382782
193302024217599.2	0.06208368532590915	-11.18596197691458	0.7236930224235461	-10.20337880078809	0.7199301922986074	-10.09807167518329	0.03219955502895881	-6.592345926805263
193227120307414.1	0.06278908317021997	-11.20329204709081	0.7239968711285695	-10.24123579255317	0.7200988055899090	-10.13586021181465	0.03251281412200734	-6.599456882974510
193152274424790.2	0.06353705195989493	-11.22143518489609	0.7242197254070042	-10.27910120800727	0.7201984861556032	-10.17364555461439	0.03285006646643362	-6.605405834560651
193077486502323.2	0.06432348025949361	-11.24042625591224	0.7243599569649181	-10.31697401420650	0.7202293397911979	-10.21142635850186	0.03322813278941730	-6.610298250676669
193002756472713.2	0.06514404970528860	-11.26029003658789	0.7244160630120795	-10.35485296635315	0.7201917420549108	-10.24920141053209	0.03366277303222396	-6.614389864780147
192928084268764.5	0.06599429243636069	-11.28104180509876	0.7243866857796754	-10.39273662848745	0.7200863080164301	-10.28696972163054	0.03416723646061470	-6.618062064988775
192853469823385.3	0.06686964516886934	-11.30268808429352	0.7242706299654809	-10.43062339687645	0.7199138460389626	-10.32473060490504	0.03475102066184210	-6.621781884607255
192778913069587.7	0.06776549909812983	-11.32522748669913	0.7240668778571652	-10.46851152578713	0.7196752987377635	-10.36248373559927	0.03541899752386024	-6.626051150107641
192704413940486.9	0.06867724511103568	-11.34865161637344	0.7237746019171277	-10.50639915530641	0.7193716750455910	-10.40022918902267	0.03617102062267106	-6.631352158250993
192629972369302.1	0.06960031404374330	-11.37294598879734	0.7233931746475825	-10.54428434084933	0.7190039778273465	-10.43796745426669	0.03700205675486957	-6.638098233681451
192555588289355.2	0.07053021194894085	-11.39809093689752	0.7229221751189059	-10.58216508522004	0.7185731320775551	-10.47569942328864	0.03790280428500829	-6.646596217394767
192481261634071.0	0.07146255041558820	-11.42406248049887	0.7223613942747152	-10.62003936715896	0.7180799164714452	-10.51342635548993	0.03886069420362955	-6.657024891761264
192406992336977.5	0.07239307229320888	-11.45083313889174	0.7217108349788258	-10.65790517587021	0.7175249055563534	-10.55114982165977	0.03986113392793046	-6.669429812962353
192332780331704.8	0.07331767304014723	-11.47837267727497	0.7209707099277374	-10.69576054357489	0.7169084236905174	-10.58887163004331	0.04088884741094152	-6.683732127718884
192258625551985.6	0.07423241807743283	-11.50664878023400	0.7201414367179497	-10.73360357719747	0.7162305138862237	-10.62659373947176	0.04192918489817960	-6.699747430655862
192184527931654.7	0.07513355653909347	-11.53562764967639	0.7192236297518871	-10.77143248980239	0.7154909235264824	-10.66431816523400	0.04296930615096431	-6.717210524975697
192110487404648.8	0.07601753179711115	-11.56527452818679	0.7182180892533556	-10.80924563094268	0.7146891073784919	-10.70204688348647	0.04399917161764094	-6.735802652449851
192036503905006.4	0.07688098912925447	-11.59555415090906	0.7171257875283987	-10.84704151552660	0.7138242473711189	-10.73978174003843	0.04501230031310854	-6.755178817533043
191962577366867.7	0.07772078087735486	-11.62643113058610	0.7159478526454089	-10.88481885081905	0.7128952875591208	-10.77752436895877	0.04600626895456780	-6.774993810884165
191888707724474.1	0.07853396941342593	-11.65787028132228	0.7146855497441328	-10.92257656120988	0.7119009817865302	-10.81527612573408	0.04698293578720657	-6.794926202302394
191814894912168.3	0.07931782820248326	-11.68983688710111	0.7133402602171488	-10.96031381039935	0.7108399508232205	-10.85303803871146	0.04794837791631767	-6.814699854010842
191741138864393.8	0.08006984121849831	-11.72229692118770	0.7119134590383018	-10.99803002067462	0.7097107452323098	-10.89081078136089	0.04891253678460769	-6.834102450463696
191667439515695.1	0.08078770094151822	-11.75521722240784	0.7104066905407639	-11.03572488897756	0.7085119099529633	-10.92859466656737	0.04988857626904349	-6.853000270663532
191593796800717.3	0.08146930513586713	-11.78856563396376	0.7088215429717460	-11.07339839949634	0.7072420465659064	-10.96638966279974	0.05089197415788761	-6.871348109474194
191520210654205.6	0.08211275258430936	-11.82231111001942	0.7071596221715630	-11.11105083254819	0.7058998694345843	-11.00419543068145	0.05193939101021912	-6.889193075928940
191446681011005.9	0.08271633793171729	-11.85642379480142	0.7054225247410888	-11.14868276956080	0.7044842523688892	-11.04201137728860	0.05304738843200241	-6.906671138144525
191373207806063.7	0.08327854577328692	-11.89087507844568	0.7036118110732701	-11.18629509400459	0.7029942630965574	-11.07983672447900	0.05423109652352350	-6.923995856464408
191299790974424.5	0.08379804410483274	-11.92563763331421	0.7017289786311324	-11.22388898817414	0.7014291836183970	-11.11767058677255	0.05550295037789413	-6.941439725172741
191226430451233.6	0.08427367724079660	-11.96068543402532	0.6997754358562808	-11.26146592576917	0.6997885154058722	-11.15551205378391	0.05687162060946749	-6.959309735250202
191153126171735.3	0.08470445829340891	-11.99599376398344	0.6977524770880362	-11.29902766027837	0.6980719693294584	-11.19336027197746	0.05834124826560674	-6.977919848124144
191079878071273.5	0.08508956129764739	-12.03153921078602	0.6956612588640923	-11.33657620922417	0.6962794411278067	-11.23121452057571	0.05991106061886943	-6.997563685099125
191006686085291.1	0.08542831305937046	-12.06729965251696	0.6935027779587232	-11.37411383438396	0.6944109740931695	-11.26907427679516	0.06157539753344150	-7.018490670476605
190933550149329.9	0.08572018479775698	-12.10325423660553	0.6912778514944094	-11.41164301815869	0.6924667114107229	-11.30693926618742	0.06332412851288043	-7.040888131564421
190860470199030.4	0.08596478364798320	-12.13938335264647	0.6889870994372620	-11.44916643631472	0.6904468412124175	-11.34480949469881	0.06514339857706106	-7.064870693883320
190787446170131.3	0.08616184408635333	-12.17566860033280	0.6866309297562634	-11.48668692737942	0.6883515378553984	-11.38268526008342	0.06701661390900775	-7.090477065648658
190714477998470.2	0.08631121933706691	-12.21209275343753	0.6842095264914727	-11.52420745901864	0.6861809031868840	-11.42056714146199	0.06892556781972097	-7.117673297317998
190641565619982.2	0.08641287281590594	-12.24863972060596	0.6817228409373691	-11.56173109177176	0.6839349116021412	-11.45845596706142	0.07085161148132385	-7.146361005145566
190568708970700.6	0.08646686966420338	-12.28529450356886	0.6791705861051975	-11.59926094055807	0.6816133625298290	-11.49635276142731	0.07277678696729079	-7.176388876261054
190495907986756.7	0.08647336842408342	-12.32204315326570	0.6765522345831215	-11.63680013440299	0.6792158436009030	-11.53425867460760	0.07468485697778812	-7.207565924934206
190423162604378.8	0.08643261290278481	-12.35887272426485	0.6738670198658864	-11.67435177485902	0.6767417071893043	-11.57217489690848	0.07656218204251340	-7.239675298020517
190350472759893.1	0.08634492427129910	-12.39577122778789	0.6711139411775686	-11.71191889361317	0.6741900622848547	-11.61010256373977	0.07839840968484153	-7.272487796875412
190277838389722.7	0.08621069344117108	-12.43272758357844	0.6682917717623792	-11.74950440978596	0.6715597828034577	-11.64804265576076	0.08018695044266942	-7.305774599742997
190205259430387.8	0.08603037375837672	-12.46973157080612	0.6653990705706315	-11.78711108742622	0.6688495325113225	-11.68599589995836	0.08192522345089447	-7.339318885625322
190132735818505.3	0.08580447403930308	-12.50677377815118	0.6624341974876881	-11.82474149517970	0.6660578061208201	-11.72396267830096	0.08361466093509312	-7.372926172811853
190060267490789.0	0.08553355202167938	-12.54384555329973	0.6593953310036049	-11.86239796291776	0.6631829835334694	-11.76194294618774	0.08526046741985326	-7.406433177271516
189987854384048.8	0.08521820823279919	-12.58093895172061	0.6562804889117506	-11.90008254204365	0.6602233961408938	-11.79993616915463	0.08687113860822887	-7.439714982502538
189915496435191.1	0.08485908025189656	-12.61804668500051	0.6530875526453719	-11.93779697230155	0.6571774023687380	-11.83794128402220	0.08845775598548968	-7.472690229712825
189843193581218.3	0.08445683747873108	-12.65516206886276	0.6498142930192692	-11.97554264559735	0.6540434663915289	-11.87595668158336	0.09003308634546621	-7.505323943739453
189770945759228.7	0.08401217636944237	-12.69227897084549	0.6464583983302117	-12.01332057440491	0.6508202374522245	-11.91398021716414	0.09161053256200816	-7.537627668176215
189698752906416.4	0.08352581616397845	-12.72939175775614	0.6430175042023753	-12.05113136332828	0.6475066250335897	-11.95200924870729	0.09320299786620487	-7.569656650464986
189626614960071.0	0.08299849511063186	-12.76649524299913	0.6394892248267096	-12.08897518409066	0.6441018656287975	-11.99004070162217	0.09482174015030630	-7.601504017980803
189554531857577.3	0.08243096719085841	-12.80358463384608	0.6358711852291840	-12.12685175417648	0.6406055771761481	-12.02807115820539	0.09647530162999835	-7.633292165172060
189482503536415.5	0.08182399934001287	-12.84065547875425	0.6321610541937892	-12.16476031930323	0.6370177977745861	-12.06609696807744	0.09816859989659615	-7.665161889681190
189410529934160.6	0.08117836915671252	-12.87770361480609	0.6283565774626748	-12.20269963985509	0.6333390060275621	-12.10411437483903	0.09990225739774386	-7.697260106057917
189338610988482.5	0.08049486308784822	-12.91472511535865	0.6244556108367831	-12.24066798136598	0.6295701212691299	-12.14211965310770	0.1016722279657026	-7.729727160026527
189266746637145.8	0.07977427507120655	-12.95171623799150	0.6204561528062391	-12.27866310909636	0.6257124829496794	-12.18010924930988	0.1034697534604996	-7.762684813974920
189194936818009.4	0.07901740561426504	-12.98867337281921	0.6163563763498410	-12.31668228671191	0.6217678095510124	-12.21807991910148	0.1052816547686496	-7.796225861354362
189123181469026.5	0.07822506128316861	-13.02559299123300	0.6121546595569676	-12.35472227903662	0.6177381385150513	-12.25602885414196	0.1070909337349267	-7.830406081278834
189051480528244.7	0.07739805457191065	-13.06247159512980	0.6078496147425393	-12.39277935882213	0.6136257497426240	-12.29395379116865	0.1088776399773916	-7.865238923659780
188979833933805.0	0.07653720411914283	-13.09930566665475	0.6034401157459813	-12.43084931745120	0.6094330761847099	-12.33185309690854	0.1106199413598402	-7.900692990337619
188908241623942.4	0.07564333523645919	-13.13609161847479	0.5989253231281380	-12.46892747946950	0.6051626058561267	-12.36972582334656	0.1122953297751032	-7.936692110122081
188836703536985.6	0.07471728071059715	-13.17282574456729	0.5943047070047284	-12.50700872082438	0.6008167801947020	-12.40757172918550	0.1138818938249672	-7.973117632888359
188765219611356.5	0.07375988183951815	-13.20950417147789	0.5895780672815075	-12.54508749067600	0.5963978940193194	-12.44539126494762	0.1153595949405512	-8.009812499489561
188693789785570.2	0.07277198960781180	-13.24612281023172	0.5847455516915256	-12.58315783742757	0.5919080024592024	-12.48318552218950	0.1167114913525349	-8.046586670711569
188622413998234.8	0.07175446610469123	-13.28267730808518	0.5798076697516958	-12.62121343639143	0.5873488396159574	-12.52095614473724	0.1179248615155759	-8.083223569648084
188551092188051.5	0.07070818620642964	-13.31916299966175	0.5747653019827018	-12.65924761899443	0.5827217536135525	-12.55870520425148	0.1189921859557250	-8.119487319812594
188479824293813.8	0.06963403885148832	-13.35557486024977	0.5696197111800344	-12.69725341156891	0.5780276622384897	-12.59643505849111	0.1199119548245157	-8.155130725797891
188408610254408.1	0.06853292873468478	-13.39190745687846	0.5643725458835361	-12.73522357100835	0.5732670306317679	-12.63414818002631	0.1206892641282862	-8.189903935104924
188337450008812.8	0.06740577788433000	-13.42815489919340	0.5590258416797362	-12.77315062478068	0.5684398731276685	-12.67184697442544	0.1213361708130151	-8.223563869338264
188266343496098.7	0.06625352719229460	-13.46431078924281	0.5535820190616519	-12.81102691340259	0.5635457790671399	-12.70953359426933	0.1218717739411040	-8.255884454669644
188195290655428.3	0.06507713786393241	-13.50036816965509	0.5480438778404140	-12.84884463520362	0.5585839612455602	-12.74720975806821	0.1223219901373432	-8.286667597561479
188124291426056.3	0.06387759275606096	-13.53631946965812	0.5424145881305967	-12.88659589319823	0.5535533243877873	-12.78487658296124	0.1227189945833781	-8.315754672118231
188053345747328.7	0.06265589757552230	-13.57215644824169	0.5366976779583893	-12.92427274387616	0.5484525499144370	-12.82253443930804	0.1231003071249671	-8.343038022184247
187982453558683.1	0.06141308191400329	-13.60787013367219	0.5308970175683482	-12.96186724770643	0.5432801923648277	-12.86018283403478	0.1235075191150685	-8.368471660500354
187911614799648.3	0.06015020009891653	-13.64345075841064	0.5250168005307523	-12.99937152113278	0.5380347822165084	-12.89782032790543	0.1239846823733700	-8.392080026610984
187840829409844.3	0.05886833184428135	-13.67888768832590	0.5190615217772815	-13.03677778981673	0.5327149295388797	-12.93544448986897	0.1245764172551043	-8.413963437226290
187770097328982.1	0.05756858268975170	-13.71416934492999	0.5130359527179496	-13.07407844285524	0.5273194229585739	-12.97305188940009	0.1253258394384170	-8.434298842586911
187699418496863.3	0.05625208422064303	-13.74928311909547	0.5069451136174692	-13.11126608767044	0.5218473187879549	-13.01063812540468	0.1262724479981175	-8.453334794791562
187628792853380.2	0.05491999406635120	-13.78421527448382	0.5007942434335027	-13.14833360523073	0.5162980158754842	-13.04819788797911	0.1274501505645432	-8.471380182431176
187558220338515.6	0.05357349557284188	-13.81895083889576	0.4945887682267059	-13.18527420541929	0.5106713124627533	-13.08572504889926	0.1288856141105064	-8.488787227608622
187487700892342.4	0.05221379747597160	-13.85347348000087	0.4883342656991365	-13.22208148130376	0.5049674435035154	-13.12321276802675	0.1305971104561272	-8.505930256008067
187417234455023.8	0.05084213358270402	-13.88776536285818	0.4820364263804018	-13.25874946264192	0.4991870978291736	-13.16065360701752	0.1325939781172864	-8.523182617972616
187346820966812.8	0.04945976144500922	-13.92180698839405	0.4757010200512468	-13.29527266910027	0.4933314129609345	-13.19803965650908	0.1348767533220373	-8.540894587040253
187276460368052.1	0.04806796159157333	-13.95557700412095	0.4693338550680478	-13.33164615998961	0.4874019533904164	-13.23536264224131	0.1374379270670265	-8.559374788629082
187206152599174.1	0.04666803642937244	-13.98905198486691	0.4629407385495755	-13.36786558181114	0.4814006735572312	-13.27261401507586	0.1402632207102792	-8.578877117845872
187135897600700.5	0.04526130905331234	-14.02220617671876	0.4565274360904486	-13.40392721246015	0.4753298704796296	-13.30978501302869	0.1433332134509290	-8.599594050158476
187065695313242.5	0.04384912200712395	-14.05501119677022	0.4500996313772615	-13.43982800137425	0.4691921314085383	-13.34686668849561	0.1466251318608862	-8.621656219759124
186995545677500.0	0.04243283604687274	-14.08743567958727	0.4436628860990071	-13.47556560488099	0.4629902823822271	-13.38384989624342	0.1501146161568998	-8.645137313479619
186925448634262.2	0.04101382896764108	-14.11944485928943	0.4372226005555035	-13.51113841597483	0.4567273436703815	-13.42072524070825	0.1537773039943402	-8.670062838055209
186855404124406.7	0.03959349456499785	-14.15100007356683	0.4307839753767977	-13.54654558774033	0.4504064977754138	-13.45748298450465	0.1575901107227292	-8.696421169276242
186785412088900.0	0.03817324181622180	-14.18205817268322	0.4243519747716323	-13.58178704964211	0.4440310749045498	-13.49411292365987	0.1615321267105342	-8.724175403077007
186715472468796.8	0.03675449438252661	-14.21257081239361	0.4179312917235326	-13.61686351591958	0.4376045596667035	-13.53060423876917	0.1655850917482973	-8.753274790618406
186645585205240.2	0.03533869055430580	-14.24248360441524	0.4115263155485192	-13.65177648536256	0.4311306212341643	-13.56694533478911	0.1697334409291109	-8.783664853966204
186575750239461.2	0.03392728354307677	-14.27173509033324	0.4051411039707194	-13.68652823050050	0.4246131661813836	-13.60312368879337	0.1739639467038484	-8.815295587429178
186505967512779.0	0.03252174338929813	-14.30025550100082	0.3987793522956424	-13.72112178103301	0.4180564178257807	-13.63912570890805	0.1782649981255881	-8.848127374174499
186436236966600.2	0.03112355894722479	-14.32796524334885	0.3924443727492332	-13.75556089296778	0.4114650101084187	-13.67493664973838	0.1826255941387921	-8.882134535875803
186366558542419.3	0.02973424130970993	-14.35477304838103	0.3861390765128325	-13.78985000702812	0.4048440951694527	-13.71054059016964	0.1870341280034049	-8.917306525320218
186296932181818.2	0.02835532918604359	-14.38057369586521	0.3798659577194660	-13.82399419780187	0.3981994583329211	-13.74592049276601	0.1914770559965636	-8.953646941417494
186227357826465.8	0.02698839625656856	-14.40524520243501	0.3736270828431096	-13.85799911114558	0.3915376292671007	-13.78105837076799	0.1959375535743214	-8.991170674543056
186157835418118.5	0.02563506125101268	-14.42864533003910	0.3674240846923683	-13.89187089056229	0.3848659798416437	-13.81593557789575	0.2003942590137163	-9.029899563825554
186088364898619.2	0.02429700155225924	-14.45060722938674	0.3612581611569156	-13.92561609278102	0.3781927978422386	-13.85053323402291	0.2048201989517686	-9.069857008251940
186018946209898.0	0.02297597139118496	-14.47093397916397	0.3551300787942331	-13.95924159293305	0.3715273255812601	-13.88483279421897	0.2091819775097430	-9.111061990882426
185949579293971.4	0.02167382606017377	-14.48939171326446	0.3490401812802294	-13.99275447987820	0.3648797529488859	-13.91881676157012	0.2134392927727289	-9.153522949528494
185880264092942.3	0.02039255407127365	-14.50570094325996	0.3429884026804418	-14.02616194238431	0.3582611556369807	-13.95246953557815	0.2175448232417992	-9.197231859421889
185811000549000.1	0.01913431987064075	-14.51952558271264	0.3369742854307956	-14.05947114699402	0.3516833711681599	-13.98577837791205	0.2214445049237024	-9.242158791639733
185741788604420.2	0.01790152052642389	-14.53045906663878	0.3309970039533731	-14.09268910635903	0.3451588067315640	-14.01873446781217	0.2250782007857276	-9.288247090056503
185672628201563.9	0.01669686170685250	-14.53800688955615	0.3250553895231355	-14.12582254668842	0.3387001818275002	-14.05133399936653	0.2283807416547491	-9.335409172260764
185603519282878.4	0.01552345886553080	-14.54156484521052	0.3191479601454880	-14.15887776912097	0.3323202040158735	-14.08357927470734	0.2312833157273060	-9.383522855561223
185534461790896.7	0.01438497184239888	-14.54039243643352	0.3132729581553041	-14.19186049800863	0.3260311804412714	-14.11547973276843	0.2337151786977916	-9.432427999202272
185465455668237.1	0.01328578460398308	-14.53358169361643	0.3074283863803612	-14.22477573501455	0.3198445863152338	-14.14705282826150	0.2356056425493934	-9.481923161461008
185396500857603.2	0.01223124173573698	-14.52002335750599	0.3016120485256055	-14.25762760830748	0.3137705993258949	-14.17832469294935	0.2368863262964346	-9.531761937739455
185327597301784.0	0.01122795321807322	-14.49837638843708	0.2958215918398499	-14.29041922036081	0.3078176213693419	-14.20933049983448	0.2374936558250319	-9.581648602059090
185258744943653.3	0.01028417045094771	-14.46705480924849	0.2900545515616693	-14.32315249504145	0.3019918107756138	-14.24011445986914	0.2373716199283616	-9.631232668818390
185189943726169.8	0.009410210775729799	-14.42426065045683	0.2843083966301461	-14.35582802448082	0.2962966503905914	-14.27072939462947	0.2364748132128914	-9.680102012834645
185121193592377.2	0.008618847068923005	-14.36811498874808	0.2785805761453298	-14.38844491599540	0.2907325775450922	-14.30123584936198	0.2347718254982927	-9.727774254789978
185052494485403.3	0.007925460758333416	-14.29696522772351	0.2728685660728768	-14.42100063907030	0.2852967008291567	-14.33170073785103	0.2322490713709353	-9.773686278152788
184983846348460.5	0.007347577941497747	-14.20994778303757	0.2671699163633411	-14.45349086956778	0.2799826245961600	-14.36219554157231	0.2289151921011540	-9.817182073345220
184915249124845.5	0.006903258842081125	-14.10779408865858	0.2614822961459744	-14.48590933729629	0.2747804009938519	-14.39279411670122	0.2248061940722926	-9.857499758434770
184846702757939.0	0.006607969647413396	-13.99361338688887	0.2558035360360138	-14.51824768057317	0.2696766214098964	-14.42357019422032	0.2199915107317303	-9.893759848513925
184778207191205.6	0.006470393451269929	-13.87306786163171	0.2501316750434783	-14.55049527309833	0.2646546385663283	-14.45459467749433	0.2145811663420401	-9.924959001992832
184709762368193.6	0.006488924098856363	-13.75341155163969	0.2444650003956114	-14.58263906673813	0.2596949319469257	-14.48593285603518	0.2087340638543353	-9.949977151815993
184641368232535.2	0.006651007516969261	-13.64162724587479	0.2388020867758488	-14.61466342256775	0.2547755947329213	-14.51764165770528	0.2026671128157501	-9.967611449819120
184573024727945.8	0.006935935653022030	-13.54272643445322	0.2331418332612852	-14.64654993354964	0.2498729261573357	-14.54976705062706	0.1966641867251114	-9.976657582321003
184504731798224.0	0.007319433420864704	-13.45911700502789	0.2274834978096380	-14.67827723634611	0.2449621060168250	-14.58234168697271	0.1910826109757024	-9.976064902973135
184436489387251.9	0.007777737941669234	-13.39101074343333	0.2218267292102165	-14.70982080944475	0.2400179249258436	-14.61538285399070	0.1863529592680311	-9.965188371035989
184368297438994.3	0.008289993852313460	-13.33725887420895	0.2161715964777655	-14.74115275446714	0.2350155426587175	-14.64889076695621	0.1829659111436323	-9.944132263304798
184300155897499.1	0.008839070613010170	-13.29610445800631	0.2105186157467786	-14.77224155713374	0.2299312474554748	-14.68284720779031	0.1814395563791669	-9.914113248015276
184232064706896.6	0.009411423742846654	-13.26567044075831	0.2048687762601614	-14.80305181211284	0.2247431884820966	-14.71721447996797	0.1822647898607990	-9.877677366306957
184164023811399.7	0.009996553156818936	-13.24421020507030	0.1992235578674421	-14.83354396900012	0.2194320739633925	-14.75193465869349	0.1858369730786889	-9.838563877042088
184096033155304.0	0.01058638466789606	-13.23020520986910	0.1935849561476039	-14.86367397367041	0.2139817877670965	-14.78692902411617	0.1923945174225972	-9.801126407433200
184028092682986.8	0.01117471495635735	-13.22238133900406	0.1879554992643770	-14.89339292146522	0.2083799402090605	-14.82209765362365	0.2019882077779303	-9.769487319385471
183960202338908.0	0.01175676250505897	-13.21968891923373	0.1823382651362291	-14.92264665854187	0.2026183285103556	-14.85731907699842	0.2144922469769226	-9.746796392373749
183892362067609.1	0.01232882166396651	-13.22127033886445	0.1767368976554931	-14.95137533948081	0.1966933041957766	-14.89244992946552	0.2296475134132656	-9.734886049099124
183824571813713.5	0.01288800251449231	-13.22642653988549	0.1711556224154060	-14.97951293811850	0.1906060452519130	-14.92732454316558	0.2471158735993088	-9.734347673494769
183756831521926.1	0.01343203728703923	-13.23458695203074	0.1655992624498682	-15.00698670973189	0.1843627339391018	-14.96175443291922	0.2665274441916558	-9.744852478516464
183689141137033.4	0.01395913668664156	-13.24528420739215	0.1600732545284872	-15.03371660456660	0.1779746437310473	-14.99552765359464	0.2875129516751655	-9.765518670884323
183621500603903.3	0.01446788305194690	-13.25813356937337	0.1545836669949211	-15.05961462907812	0.1714581400848148	-15.02840803127638	0.3097217547697764	-9.795209511864384
183553909867484.7	0.01495715056583657	-13.27281646361539	0.1491372182823658	-15.08458418250944	0.1648346048956013	-15.06013432821846	0.3328296550803874	-9.832731161364007
183486368872807.6	0.01542604541643707	-13.28906740389473	0.1437412974421845	-15.10851937611309	0.1581302907154814	-15.09041944228316	0.3565407595232493	-9.876944433635671
183418877564982.8	0.01587386048491982	-13.30666367510330	0.1384039899492496	-15.13130430702048	0.1513761070307386	-15.11894978539497	0.3805864876784676	-9.926817205079049
183351435889202.1	0.01630004096324031	-13.32541713967736	0.1331341040393902	-15.15281240214670	0.1446073548601428	-15.14538518579823	0.4047235399470938	-9.981441232191129
183284043790737.6	0.01670415808578265	-13.34516774238913	0.1279412009220911	-15.17290583554842	0.1378634066268057	-15.16935972042846	0.4287317769661610	-10.04002998029765
183216701214941.8	0.01708588897765337	-13.36577833674738	0.1228356278087831	-15.19143510584497	0.1311873310394113	-15.19048411986673	0.4524124048667281	-10.10190766263503
183149408107247.8	0.01744500114587581	-13.38713054576106	0.1178285528595572	-15.20823888067596	0.1246254532889143	-15.20835062712673	0.4755865761005217	-10.16649520133246
183082164413168.5	0.01778134052156965	-13.40912143414197	0.1129320002795001	-15.22314425552024	0.1182268295834485	-15.22254147119415	0.4980943798866993	-10.23329604426463
183014970078297.0	0.01809482218702097	-13.43166082183917	0.1081588828021079	-15.23596761805214	0.1120426000451691	-15.23264237554668	0.5197941441421528	-10.30188318110448
182947825048306.3	0.01838542326699785	-13.45466909904251	0.1035230262647316	-15.24651638960486	0.1061251677982432	-15.23826268294047	0.5405619552830723	-10.37188785302395
182880729268948.7	0.01865317775751606	-13.47807543196404	0.09903917833694893	-15.25459199639995	0.1005271348137316	-15.23906352461364	0.5602913082908315	-10.44299002714744
182813682686056.5	0.01889817199200250	-13.50181631962517	0.09472299575972777	-15.25999434118595	0.09529991161105454	-15.23479457113375	0.5788928325748998	-10.51491047941038
182746685245541.2	0.01912054159629489	-13.52583438329780	0.09059099099242851	-15.26252836133720	0.09049193585496697	-15.22533844419574	0.5962940150314874	-10.58740431735089
182679736893393.6	0.01932046909367694	-13.55007737172304	0.08666042399820338	-15.26201303252615	0.08614646735205089	-15.21075884388356	0.6124388906166705	-10.66025571372794
182612837575683.6	0.01949818210821842	-13.57449733605909	0.08294911722245407	-15.25829319711957	0.08229902006052002	-15.19134478861132	0.6272876663827971	-10.73327365967495
182545987238560.1	0.01965395202174652	-13.59904994387924	0.07947516988875024	-15.25125436197690	0.07897462873210624	-15.16763974480735	0.6408162568696536	-10.80628856897814
182479185828250.8	0.01978809296595306	-13.62369390789971	0.07625654791662537	-15.24084019964866	0.07618531005108564	-15.14044295726116	0.6530157156194336	-10.87914959291465
182412433291062.1	0.01990096088154388	-13.64839051332963	0.07331053167863895	-15.22707182439858	0.07392820500640907	-15.11077325059387	0.6638915538263290	-10.95172252550180
182345729573378.8	0.01999295329871793	-13.67310321358076	0.07065301259616073	-15.21006716415988	0.07218489775335267	-15.07979404298561	0.6734629337226782	-11.02388822535500
182279074621664.4	0.02006450862288052	-13.69779730692747	0.06829765911531806	-15.19005758422433	0.07092224457381419	-15.04870988563854	0.6817617424444448	-11.09554144325693
182212468382460.4	0.02011610547915024	-13.72243966833930	0.06625499579259842	-15.16739836459770	0.07009472729051194	-15.01865504213742	0.6888315378856995	-11.16659000610989
182145910802386.4	0.02014826227921662	-13.74699852678851	0.06453147532095532	-15.14256939499433	0.06964798419878013	-14.99059760281890	0.6947263660587720	-11.23695430345565
182079401828140.3	0.02016153661396893	-13.77144328833688	0.06312865594552120	-15.11616316397826	0.06952291702187197	-14.96527689635259	0.6995094548416416	-11.30656701068389
182012941406497.2	0.02015652453438319	-13.79574439787425	0.06204260850126095	-15.08885908302069	0.06965971484716732	-14.94318076911278	0.7032517887012273	-11.37537299635332
181946529484310.4	0.02013385968568445	-13.81987323554878	0.06126366440387973	-15.06138593882080	0.07000126932404820	-14.92455816653839	0.7060305737909109	-11.44332935657941
181880166008510.7	0.02009421215497904	-13.84380204577365	0.06077657290395631	-15.03447709499102	0.07049568949956286	-14.90945570988028	0.7079276079943464	-11.51040551399823
181813850926106.0	0.02003828735816960	-13.86750389279738	0.06056106770653784	-15.00882500523534	0.07109785449120294	-14.89776561616941	0.7090275755578110	-11.57658332695026
181747584184181.8	0.01996682480424999	-13.89095264332067	0.06059277570137367	-14.98504173809966	0.07177010684805485	-14.88927466923832	0.7094162945954108	-11.64185713922601
181681365729900.4	0.01988059590341798	-13.91412298071656	0.06084435149293725	-14.96363057338811	0.07248227162719517	-14.88370773633462	0.7091789517961973	-11.70623368767765
181615195510501.4	0.01978040215474439	-13.93699043764960	0.06128668710439009	-14.94497119978044	0.07321119529741013	-14.88076291598532	0.7083983636984095	-11.76973183784524
181549073473301.0	0.01966707285756367	-13.95953145405917	0.06189006857990360	-14.92931797820508	0.07393998187884895	-14.88013775271141	0.7071533127219913	-11.83238207413390
181482999565692.1	0.01954146252235302	-13.98172345767166	0.06262517981735552	-14.91680870860513	0.07465706396188691	-14.88154735884413	0.7055170081783263	-11.89422570871255
181416973735144.3	0.01940444797032458	-14.00354496609657	0.06346389861291910	-14.90748031043277	0.07535520992317876	-14.88473581956663	0.7035557240829312	-11.95531378647798
181350995929203.5	0.01925692498427185	-14.02497571017874	0.06437987117140930	-14.90128783763433	0.07603053869764528	-14.88948231746862	0.7013276630550465	-12.01570568353641
181285066095492.0	0.01909980499813197	-14.04599677453005	0.06534887757896477	-14.89812396831900	0.07668158950470586	-14.89560327007266	0.6988820917069458	-12.07546742959392
181219184181708.1	0.01893401132159440	-14.06659075669488	0.06634902383342137	-14.89783697475052	0.07730848079752553	-14.90295151722272	0.6962587812145089	-12.13466979273644
181153350135626.1	0.01876047460378304	-14.08674194425968	0.06736080118533885	-14.90024609102349	0.07791218113688649	-14.91141339526146	0.6934877727167832	-12.19338619550419
181087563905096.3	0.01858012850608327	-14.10643650220655	0.06836704510013084	-14.90515395801487	0.07849390352433058	-14.92090440179995	0.6905894780526359	-12.25169056005734
181021825438044.6	0.01839390492158686	-14.12566267116928	0.06935283051149804	-14.91235618026053	0.07905463216548223	-14.93136398929496	0.6875751040992962	-12.30965516976971
180956134682472.5	0.01820272892707421	-14.14441097182206	0.07030532832447553	-14.92164833584153	0.07959478249547039	-14.94274996258319	0.6844473755507388	-12.36734864788588
180890491586457.1	0.01800751349905793	-14.16267441083045	0.07121364236540084	-14.93283087309397	0.08011399000490371	-14.95503288042418	0.6812015159698351	-12.42483414488964
180824896098150.6	0.01780915380825712	-14.18044868454905	0.07206864137487865	-14.94571232575995	0.08061101856239972	-14.96819079046014	0.6778264334171700	-12.48216781341227
180759348165780.6	0.01760852223019805	-14.19773236728243	0.07286278891481074	-14.96011130434454	0.08108377138986442	-14.98220458544193	0.6743060587047370	-12.53939762445066
180693847737649.5	0.01740646209180611	-14.21452709030214	0.07358998762819666	-14.97585749641904	0.08152939105166183	-14.99705412779522	0.6706207571796896	-12.59656256568756
180628394762134.8	0.01720378203027562	-14.23083769326007	0.07424543072248117	-14.99279204162191	0.08194442383496006	-15.01271529594033	0.6667487623052842	-12.65369223228908
180562989187688.6	0.01700125037993710	-14.24667234419629	0.07482546559661454	-15.01076745555619	0.08232502848903021	-15.02915797701492	0.6626675659206487	-12.71080679973140
180497630962837.8	0.01679958966386957	-14.26204262058325	0.07532746976174827	-15.02964725924142	0.08266720814472794	-15.04634498003812	0.6583552105881854	-12.76791735201759
180432320036183.8	0.01659947133667617	-14.27696354357163	0.07574973826134876	-15.04930543125979	0.08296704570466561	-15.06423179160641	0.6537914386366460	-12.82502652380876
180367056356402.3	0.01640151075694007	-14.29145355983338	0.07609138226718028	-15.06962575793116	0.08322092581336010	-15.08276705537553	0.6489586607986093	-12.88212940919077
180301839872243.0	0.01620626298198244	-14.30553446017547	0.07635223559774099	-15.09050116235182	0.08342572863342089	-15.10189364459156	0.6438427236445409	-12.93921466993037
180236670532530.2	0.01601421894998449	-14.31923123527019	0.07653277072016920	-15.11183302316843	0.08357898588034228	-15.12155017017947	0.6384334554818201	-12.99626579591392
180171548286161.7	0.01582580198436220	-14.33257186872111	0.07663402368535763	-15.13353049914952	0.08367899214380234	-15.14167277595699	0.6327249832062514	-13.05326247205384
180106473082109.3	0.01564136551812259	-14.34558705804396	0.07665752360021401	-15.15550991436559	0.08372486653266380	-15.16219709651410	0.6267158314646649	-13.11018197493173
180041444869418.7	0.01546119153504291	-14.35830987158837	0.07660522844285776	-15.17769418247127	0.08371656488145515	-15.18306024304904	0.6204088096031775	-13.16700056448913
179976463597208.9	0.01528548994142494	-14.37077534446376	0.07647946582924189	-15.20001228049818	0.08365484425961879	-15.20420270928664	0.6138107058891794	-13.22369482148205
179911529214672.3	0.01511439882428558	-14.38302002191815	0.07628287842419573	-15.22239876739825	0.08354118417159639	-15.22557010043262	0.6069318120798573	-13.28024289302056
179846641671074.8	0.01494798591739609	-14.39508145550688	0.07601837245228187	-15.24479335976779	0.08337767039627443	-15.24711460836926	0.5997853099484153	-13.33662559448055
179781800915755.3	0.01478625122814414	-14.40699766372480	0.07568906927178308	-15.26714055843570	0.08316684942790453	-15.26879616527704	0.5923865515609486	-13.39282733133283
179717006898125.9	0.01462912995528021	-14.41880658333669	0.07529826223329798	-15.28938927936820	0.08291156303155918	-15.29058321101383	0.5847522612188669	-13.44883685484905
179652259567671.5	0.01447649696147307	-14.43054550616478	0.07484937430193434	-15.31149254917456	0.08261477144465379	-15.31245305756058	0.5768997082601769	-13.50464776069875
179587558873949.6	0.01432817192552719	-14.44225052738537	0.07434591897219134	-15.33340721988926	0.08227937586354359	-15.33439181978863	0.5688458807584578	-13.56025874699700
179522904766590.7	0.01418392525284670	-14.45395601704061	0.07379146375459948	-15.35509370627684	0.08190804973404908	-15.35639391583206	0.5606066985381378	-13.61567360980237
179458297195297.5	0.01404348450011175	-14.46569413012322	0.07318959647200102	-15.37651573388574	0.08150308786170557	-15.37846115646074	0.5521962993367292	-13.67090097858826
179393736109845.3	0.01390654164478838	-14.47749435916892	0.07254389327020813	-15.39764011502723	0.08106628104854043	-15.40060147234307	0.5436264320882249	-13.72595376538719
179329221460081.5	0.01377276061102494	-14.48938314626525	0.07185788959906446	-15.41843652517008	0.08059882271073757	-15.42282733442267	0.5349059798739186	-13.78084836714731
179264753195925.7	0.01364178454918469	-14.50138356824608	0.07113505479375265	-15.43887725771189	0.08010125165251293	-15.44515394022785	0.5260406317647730	-13.83560367256912
179200331267369.5	0.01351324369931516	-14.51351508331792	0.07037876826595309	-15.45893699986686	0.07957343305569564	-15.46759727015150	0.5170327219470262	-13.89023983963945
179135955624476.1	0.01338676302504605	-14.52579335294408	0.06959229898412143	-15.47859259241187	0.07901457775660031	-15.49017209894920	0.5078812376893646	-13.94477692812754
179071626217380.9	0.01326196964647805	-14.53823013654867	0.06877878800509220	-15.49782277732680	0.07842329757945622	-15.51289005846883	0.4985819951301103	-13.99923342215810
179007342996290.6	0.01313849974046097	-14.55083326111686	0.06794123451051132	-15.51660792010998	0.07779769254201498	-15.53575783364998	0.4891279735309761	-14.05362470750545
178943105911483.3	0.01301600579398254	-14.56360664461901	0.06708248402806334	-15.53492975118220	0.07713546481042354	-15.55877557944825	0.4795097921764995	-14.10796147149205
178878914913308.6	0.01289416239267037	-14.57655039949926	0.06620522164600982	-15.55277104253642	0.07643405202893366	-15.58193558490505	0.4697163068538768	-14.16224820306172
178814769952187.4	0.01277267180171551	-14.58966098740221	0.06531196815343029	-15.57011528248877	0.07569077322568217	-15.60522123848491	0.4597353025757254	-14.21648172621505
178750670978611.6	0.01265126902762125	-14.60293142380709	0.06440507972524323	-15.58694633641424	0.07490297998493513	-15.62860630456076	0.4495542528763965	-14.27064980979552
178686617943143.8	0.01252972613301810	-14.61635153025107	0.06348675145579336	-15.60324808617140	0.07406820579177997	-15.65205450276883	0.4391611167599221	-14.32472988353503
178622610796417.9	0.01240785580531191	-14.62990822831252	0.06255902467940801	-15.61900405237292	0.07318430724818299	-15.67551936990017	0.4285451452364446	-14.37868786176995
178558649489138.2	0.01228551420910367	-14.64358586970432	0.06162379797961417	-15.63419700572218	0.07224959186458529	-15.69894437284493	0.4176976710444104	-14.43247706310584
178494733972079.7	0.01216260375879372	-14.65736658541206	0.06068284132384694	-15.64880860176296	0.07126292899054244	-15.72226324771609	0.4066128519458231	-14.48603714834862
178430864196087.8	0.01203907397507985	-14.67123068640410	0.05973781475213997	-15.66281896220700	0.07022383891058386	-15.74540048253900	0.3952883628112645	-14.53929321715985
178367040112078.2	0.01191492256453375	-14.68515707191686	0.05879028951891012	-15.67620630865054	0.06913256053293700	-15.76827194472906	0.3837260059137065	-14.59215483893608
178303261671037.0	0.01179019558985289	-14.69912366522606	0.05784177252699149	-15.68894660612490	0.06799009590393962	-15.79078558921405	0.3719322363831540	-14.64451508339636
178239528824020.0	0.01166498699149118	-14.71310787068876	0.05689373351823849	-15.70101323955325	0.06679823220046158	-15.81284221566706	0.3599185953615328	-14.69624949174417
178175841522153.4	0.01153943724320525	-14.72708705631913	0.05594763476395068	-15.71237672670262	0.06555954221026535	-15.83433623703301	0.3477020532083126	-14.74721497661189
178112199716632.9	0.01141373230599585	-14.74103903455301	0.05500496233554257	-15.72300453332169	0.06427736701203571	-15.85515646866419	0.3353052467003009	-14.79724851068442
178048603358724.1	0.01128810077523522	-14.75494258768234	0.05406725949121254	-15.73286091586658	0.06295578069974307	-15.87518686068390	0.3227566487430142	-14.84616579500806
177985052399762.1	0.01116281110812058	-14.76877799492903	0.05313616067636488	-15.74190689490400	0.06159954291200068	-15.89430721607458	0.3100906520993865	-14.89375973153010
177921546791151.3	0.01103816829148030	-14.78252757252875	0.05221342591418989	-15.75010035350268	0.06021404188341246	-15.91239387754113	0.2973475862037439	-14.93979879965339
177858086484365.8	0.01091450994795563	-14.79617622372067	0.05130097487635861	-15.75739628638011	0.05880523172021865	-15.92932039261006	0.2845736793369477	-14.98402542512188
177794671430948.4	0.01079220179444159	-14.80971199683396	0.05040091981986017	-15.76374722513531	0.05737956748981137	-15.94495817513025	0.2718209803029509	-15.02615451153812
177731301582511.6	0.01067163322159485	-14.82312662341060	0.04951559639524129	-15.76910390142296	0.05594394277798748	-15.95917723076127	0.2591472303933944	-15.06587232319608
177667976890736.4	0.01055321191129599	-14.83641605763870	0.04864759144470684	-15.77341613566623	0.05450563127168615	-15.97184696222456	0.2466157142888578	-15.10283625122496
177604697307372.7	0.01043735808483251	-14.84958099238120	0.04779976641888970	-15.77663400834438	0.05307223577630661	-15.98283715220076	0.2342950732048690	-15.13667603690835
177541462784239.3	0.01032449875144172	-14.86262732805706	0.04697527507386403	-15.77870935619848	0.05165164685860095	-15.99201924444600	0.2222590507359829	-15.16699732530283
177478273273223.4	0.01021506161479874	-14.87556659088618	0.04617757392561667	-15.77959760094808	0.05025201114532224	-15.99926804019000	0.2105861395765862	-15.19338884011916
177415128726280.9	0.01010946869463827	-14.88841628561303	0.04541042370192486	-15.77925992226339	0.04888170850054933	-16.00446396698110	0.1993590588615381	-15.21543480135397
177352029095435.7	0.01000813034165646	-14.90120014458602	0.04467788006647813	-15.77766578849202	0.04754933641444760	-16.00749612928989	0.1886639348349382	-15.23273443700479
177288974332780.3	0.009911439007308190	-14.91394828090743	0.04398427164450461	-15.77479578318822	0.04626369628532578	-16.00826629049583	0.1785890527578516	-15.24493062020198
177225964390475.1	0.009819762950218306	-14.92669722990138	0.04333416347449311	-15.77064466128527	0.04503377548745988	-16.00669394870572	0.1692229877266056	-15.25174901885544
177162999220748.5	0.009733440673808474	-14.93948984000812	0.04273230454645657	-15.76522454211135	0.04386871785662001	-16.00272264342560	0.1606518890416790	-15.25304746189750
177100078775896.8	0.009652775684666106	-14.95237502292515	0.04218355828547541	-15.75856805509544	0.04277777220745742	-15.99632744521504	0.1529557753651551	-15.24887230619663
177037203008284.0	0.009578031693149159	-14.96540736007147	0.04169281569029355	-15.75073122278795	0.04177020852119650	-15.98752341490890	0.1462038260889608	-15.23951400916680
176974371870341.9	0.009509429043264125	-14.97864653827449	0.04126489228535551	-15.74179583948666	0.04085519257464717	-15.97637459967558	0.1404489004840418	-15.22554898731380
176911585314569.6	0.009447141558501699	-14.99215666163205	0.04090441071550337	-15.73187103071973	0.04004161068633518	-15.96300271601244	0.1357219338710734	-15.20785190035038
176848843293533.5	0.009391294213625971	-15.00600544336222	0.04061567280419764	-15.72109371984525	0.03933784235312643	-15.94759441691510	0.1320271777143198	-15.18756428954077
176786145759867.7	0.009341962179057601	-15.02026327712203	0.04040252668943790	-15.70962776855721	0.03875148548831214	-15.93040580854520	0.1293394043353404	-15.16601465178541
176723492666272.9	0.009299170811755629	-15.03500223551492	0.04026823550290812	-15.69766161826630	0.03828904709270391	-15.91176275800496	0.1276040106848128	-15.14459998774581
176660883965517.3	0.009262896523501134	-15.05029503220269	0.04021535507888917	-15.68540439794312	0.03795562197538967	-15.89205579034821	0.1267403276677538	-15.12465291911030
176598319610435.6	0.009233069436079893	-15.06621393426063	0.04024562921813536	-15.67308063746393	0.03775458999646859	-15.87172902949307	0.1266476047893375	-15.10732397475488
176535799553929.7	0.009209576118580105	-15.08282974047473	0.04035990841457493	-15.66092383479223	0.03768736520640741	-15.85126334169905	0.1272125673572190	-15.09350308689988
176473323748967.8	0.009192263555481396	-15.10021079741150	0.04055809850268612	-15.64916932665454	0.03775322926180093	-15.83115506526963	0.1283171284433259	-15.08378951307604
176410892148584.9	0.009180943988805375	-15.11842209205622	0.04083914246201073	-15.63804697049426	0.03794927229033205	-15.81189249632733	0.1298451070945940	-15.07850497624682
176348504705882.4	0.009175400295196649	-15.13752445433121	0.04120103586079485	-15.62777417386538	0.03827045122089911	-15.79393279446165	0.1316872849344443	-15.07773583115999
